id,position,gas_fee,mev_potential,creator_id,created_at,included_at,target_tx
41,0,19000000,0,user_40,0,0,
47,1,19000000,0,user_46,0,0,
33,2,6100000,0,user_31,0,0,
49,3,6100000,0,user_48,0,0,
25,4,5200000,0,user_23,0,0,
4,5,5000000,0,user_4,0,0,
20,6,5000000,0,user_18,0,0,
0,7,3200000,0,user_0,0,0,
1,8,2100000,0,user_1,0,0,
18,9,1700000,0,user_16,0,0,
43,10,1700000,0,user_43,0,0,
23,11,1500000,283000,user_22,0,0,
34,12,1500000,0,user_31,0,0,
46,13,530000,0,user_43,0,0,
45,14,460000,0,user_43,0,0,
48,15,420000,0,user_47,0,0,
21,16,340000,5630,user_19,0,0,
22,17,340000,0,user_21,0,0,
44,18,340000,0,user_43,0,0,
30,19,300000,0,user_27,0,0,
40,20,300000,19700,user_40,0,0,
31,21,260000,0,user_28,0,0,
50,22,220000,0,user_48,0,0,
29,23,170000,0,user_26,0,0,
5,24,160000,0,user_5,0,0,
24,25,160000,0,user_23,0,0,
32,26,150000,43600,user_29,0,0,
3,27,120000,0,user_4,0,0,
36,28,120000,0,user_34,0,0,
2,29,110000,0,user_3,0,0,
37,30,110000,108000,user_37,0,0,
39,31,110000,0,user_39,0,0,
51,32,100000,84800,user_49,0,0,
26,33,79000,0,user_24,0,0,
35,34,79000,0,user_33,0,0,
10,35,70001,0,user_7,0,0,6
16,36,70001,0,user_14,0,0,6
17,37,70001,0,user_15,0,0,6
6,38,70000,3130,user_6,0,0,
7,39,69999,0,user_7,0,0,6
8,40,69999,0,user_7,0,0,6
9,41,69999,0,user_7,0,0,6
11,42,69999,0,user_7,0,0,6
13,43,69999,0,user_11,0,0,6
75,0,43000000,256000,user_23,1,1,
76,1,5000000,0,user_25,1,1,
87,2,4200000,0,user_38,1,1,
80,3,3500000,0,user_27,1,1,
100,4,3200000,0,user_49,1,1,
72,5,2600000,0,user_19,1,1,
98,6,2500000,0,user_48,1,1,
95,7,2300000,14200,user_48,1,1,
68,8,2000000,0,user_17,1,1,
81,9,2000000,0,user_29,1,1,
85,10,2000000,0,user_34,1,1,
88,11,2000000,0,user_41,1,1,
79,12,1900000,0,user_27,1,1,
92,13,1800000,0,user_44,1,1,
70,14,1500000,17000,user_19,1,1,
96,15,1500000,0,user_48,1,1,
89,16,1100000,256000,user_42,1,1,
99,17,670000,71800,user_49,1,1,
93,18,630000,0,user_45,1,1,
74,19,420000,12800,user_21,1,1,
91,20,350000,0,user_44,1,1,
78,21,190000,12800,user_26,1,1,
101,22,190000,0,user_49,1,1,
71,23,170000,0,user_19,1,1,
82,24,170000,11200,user_29,1,1,
83,25,170000,0,user_30,1,1,
84,26,120000,0,user_31,1,1,
90,27,120000,0,user_43,1,1,
67,28,110000,0,user_16,1,1,
94,29,84000,0,user_46,1,1,
73,30,83000,34700,user_19,1,1,
77,31,83000,21800,user_25,1,1,
53,32,80001,0,user_1,1,1,52
54,33,80001,0,user_2,1,1,52
55,34,80001,0,user_3,1,1,52
58,35,80001,0,user_7,1,1,52
62,36,80001,0,user_10,1,1,52
64,37,80001,0,user_11,1,1,52
66,38,80001,0,user_15,1,1,52
52,39,80000,11200,user_1,1,1,
56,40,79999,0,user_4,1,1,52
57,41,79999,0,user_6,1,1,52
63,42,79999,0,user_10,1,1,52
65,43,79999,0,user_13,1,1,52
97,44,79000,0,user_48,1,1,
69,45,70000,0,user_19,1,1,
116,0,30000000,0,user_16,2,2,
121,1,30000000,146000,user_25,2,2,
105,2,5000000,0,user_4,2,2,
133,3,2400000,13900,user_39,2,2,
118,4,2300000,0,user_18,2,2,
103,5,2000000,0,user_2,2,2,
117,6,2000000,146000,user_17,2,2,
134,7,2000000,75000,user_39,2,2,
124,8,1100000,10700,user_29,2,2,
135,9,1100000,0,user_41,2,2,
136,10,1000000,0,user_43,2,2,
139,11,1000000,0,user_46,2,2,
102,12,970000,0,user_0,2,2,
119,13,650000,3130,user_24,2,2,
125,14,600000,0,user_30,2,2,
138,15,600000,0,user_45,2,2,
131,16,460000,5640,user_37,2,2,
107,17,420001,0,user_4,2,2,106
108,18,420001,0,user_5,2,2,106
111,19,420001,0,user_10,2,2,106
112,20,420001,0,user_11,2,2,106
115,21,420001,0,user_15,2,2,106
106,22,420000,24700,user_4,2,2,
137,23,420000,0,user_44,2,2,
142,24,420000,0,user_49,2,2,
109,25,419999,0,user_5,2,2,106
110,26,419999,0,user_6,2,2,106
113,27,419999,0,user_12,2,2,106
114,28,419999,0,user_13,2,2,106
120,29,340000,0,user_25,2,2,
127,30,220000,0,user_32,2,2,
141,31,160000,0,user_48,2,2,
123,32,150000,0,user_27,2,2,
132,33,150000,0,user_37,2,2,
104,34,110000,0,user_3,2,2,
126,35,110000,0,user_32,2,2,
128,36,110000,0,user_33,2,2,
129,37,110000,73100,user_34,2,2,
122,38,77000,7840,user_26,2,2,
140,39,77000,0,user_47,2,2,
161,0,43000000,0,user_17,3,3,
145,1,30000001,0,user_5,3,3,143
147,2,30000001,0,user_7,3,3,143
149,3,30000001,0,user_10,3,3,143
152,4,30000001,0,user_12,3,3,143
153,5,30000001,0,user_14,3,3,143
143,6,30000000,84800,user_0,3,3,
184,7,30000000,0,user_43,3,3,
144,8,29999999,0,user_2,3,3,143
146,9,29999999,0,user_6,3,3,143
150,10,29999999,0,user_11,3,3,143
151,11,29999999,0,user_11,3,3,143
154,12,29999999,0,user_15,3,3,143
160,13,6100000,0,user_17,3,3,
166,14,4500000,0,user_22,3,3,
155,15,2000000,0,user_16,3,3,
157,16,2000000,0,user_16,3,3,
168,17,2000000,0,user_22,3,3,
185,18,1800000,5180,user_44,3,3,
192,19,1500000,0,user_49,3,3,
183,20,1400000,0,user_42,3,3,
187,21,1400000,0,user_46,3,3,
190,22,1100000,0,user_48,3,3,
193,23,1100000,0,user_49,3,3,
169,24,1000000,0,user_23,3,3,
175,25,1000000,0,user_32,3,3,
174,26,970000,0,user_30,3,3,
191,27,910000,13800,user_48,3,3,
164,28,870000,0,user_22,3,3,
173,29,870000,0,user_30,3,3,
178,30,670000,0,user_36,3,3,
186,31,660000,0,user_45,3,3,
188,32,650000,0,user_46,3,3,
159,33,460000,0,user_16,3,3,
182,34,370000,0,user_41,3,3,
195,35,360000,75000,user_49,3,3,
179,36,340000,0,user_36,3,3,
180,37,310000,0,user_38,3,3,
163,38,300000,0,user_19,3,3,
167,39,260000,0,user_22,3,3,
156,40,220000,0,user_16,3,3,
189,41,220000,0,user_47,3,3,
162,42,160000,0,user_18,3,3,
172,43,150000,0,user_28,3,3,
171,44,120000,0,user_26,3,3,
194,45,120000,0,user_49,3,3,
158,46,110000,0,user_16,3,3,
170,47,100000,0,user_25,3,3,
165,48,85000,0,user_22,3,3,
177,49,85000,0,user_36,3,3,
196,0,6300000,0,user_0,4,4,
239,1,6300000,0,user_33,4,4,
242,2,6100000,0,user_36,4,4,
222,3,4500000,155000,user_20,4,4,
223,4,4200000,0,user_20,4,4,
231,5,4200000,0,user_27,4,4,
250,6,3500000,369000,user_45,4,4,
218,7,2500000,0,user_17,4,4,
238,8,2500000,0,user_32,4,4,
230,9,2400000,0,user_25,4,4,
241,10,2400000,0,user_34,4,4,
243,11,2100000,231000,user_38,4,4,
221,12,2000000,0,user_19,4,4,
219,13,1500000,0,user_18,4,4,
217,14,1400000,0,user_16,4,4,
233,15,1400000,0,user_28,4,4,
251,16,1400000,0,user_47,4,4,
254,17,1200000,0,user_49,4,4,
229,18,1100000,0,user_24,4,4,
227,19,1000000,73100,user_22,4,4,
226,20,970000,0,user_21,4,4,
228,21,650000,0,user_24,4,4,
252,22,420000,0,user_48,4,4,
244,23,370000,0,user_38,4,4,
234,24,310000,0,user_30,4,4,
206,25,240001,0,user_12,4,4,197
207,26,240001,0,user_13,4,4,197
208,27,240001,0,user_13,4,4,197
211,28,240001,0,user_14,4,4,197
214,29,240001,0,user_14,4,4,197
215,30,240001,0,user_14,4,4,197
197,31,240000,16400,user_2,4,4,
198,32,239999,0,user_3,4,4,197
199,33,239999,0,user_4,4,4,197
200,34,239999,0,user_6,4,4,197
201,35,239999,0,user_7,4,4,197
203,36,239999,0,user_10,4,4,197
204,37,239999,0,user_11,4,4,197
205,38,239999,0,user_11,4,4,197
209,39,239999,0,user_13,4,4,197
210,40,239999,0,user_13,4,4,197
212,41,239999,0,user_14,4,4,197
213,42,239999,0,user_14,4,4,197
216,43,239999,0,user_15,4,4,197
224,44,190000,0,user_20,4,4,
253,45,190000,0,user_49,4,4,
225,46,170000,0,user_20,4,4,
240,47,160000,0,user_34,4,4,
220,48,150000,7190000,user_19,4,4,
248,49,150000,0,user_41,4,4,
245,50,110000,231000,user_39,4,4,
247,51,110000,155000,user_41,4,4,
237,52,98000,0,user_30,4,4,
232,53,85000,0,user_27,4,4,
235,54,84000,0,user_30,4,4,
249,55,80000,0,user_43,4,4,
236,56,73000,0,user_30,4,4,
255,0,30000000,0,user_0,5,5,
289,1,5200000,0,user_39,5,5,
275,2,5000000,0,user_26,5,5,
283,3,4500000,0,user_31,5,5,
277,4,2500000,959000,user_27,5,5,
287,5,2300000,0,user_36,5,5,
270,6,1900000,0,user_20,5,5,
266,7,1800000,0,user_18,5,5,
269,8,1800000,0,user_20,5,5,
273,9,1500000,0,user_23,5,5,
284,10,1500000,0,user_32,5,5,
256,11,1300000,0,user_1,5,5,
294,12,1300000,0,user_44,5,5,
279,13,1000000,0,user_30,5,5,
268,14,870000,0,user_20,5,5,
282,15,670000,0,user_30,5,5,
278,16,660000,0,user_30,5,5,
293,17,660000,0,user_43,5,5,
260,18,460001,0,user_5,5,5,259
263,19,460001,0,user_12,5,5,259
264,20,460001,0,user_14,5,5,259
265,21,460001,0,user_15,5,5,259
259,22,460000,779000,user_2,5,5,
280,23,460000,0,user_30,5,5,
296,24,460000,0,user_49,5,5,
267,25,420000,0,user_19,5,5,
258,26,370000,0,user_2,5,5,
257,27,260000,0,user_1,5,5,
276,28,240000,0,user_26,5,5,
286,29,240000,32900,user_36,5,5,
288,30,240000,75000,user_38,5,5,
272,31,220000,0,user_23,5,5,
281,32,220000,0,user_30,5,5,
285,33,190000,0,user_33,5,5,
290,34,170000,0,user_41,5,5,
291,35,160000,0,user_42,5,5,
292,36,120000,0,user_42,5,5,
274,37,110000,0,user_25,5,5,
271,38,80000,14200,user_20,5,5,
295,39,77000,0,user_49,5,5,
333,0,27000000,0,user_35,6,6,
304,1,19000000,0,user_6,6,6,
350,2,19000000,0,user_46,6,6,
341,3,5200000,0,user_40,6,6,
303,4,5000000,0,user_6,6,6,
310,5,5000000,0,user_12,6,6,
313,6,5000000,0,user_16,6,6,
312,7,3600000,0,user_15,6,6,
315,8,3500000,0,user_19,6,6,
340,9,3200000,47700,user_40,6,6,
335,10,2100000,0,user_37,6,6,
297,11,2000000,0,user_0,6,6,
305,12,1900000,0,user_7,6,6,
327,13,1800000,60700,user_32,6,6,
329,14,1400000,36800,user_33,6,6,
351,15,1400000,4320000,user_46,6,6,
307,16,1100000,0,user_10,6,6,
311,17,1100000,0,user_12,6,6,
323,18,1100000,0,user_28,6,6,
339,19,1000000,0,user_39,6,6,
347,20,1000000,0,user_45,6,6,
308,21,970000,0,user_10,6,6,
342,22,970000,67900,user_43,6,6,
338,23,870000,0,user_39,6,6,
306,24,670000,0,user_9,6,6,
324,25,670000,18600,user_29,6,6,
348,26,670000,0,user_45,6,6,
336,27,660000,0,user_39,6,6,
352,28,660000,0,user_48,6,6,
344,29,650000,0,user_44,6,6,
326,30,470000,0,user_31,6,6,
328,31,460000,0,user_32,6,6,
300,32,420000,0,user_3,6,6,
320,33,420000,0,user_25,6,6,
331,34,360000,121000,user_33,6,6,
346,35,310000,0,user_45,6,6,
301,36,300000,0,user_3,6,6,
316,37,220000,0,user_20,6,6,
317,38,220000,0,user_21,6,6,
345,39,190000,0,user_45,6,6,
321,40,170000,47700,user_26,6,6,
337,41,170000,0,user_39,6,6,
349,42,170000,0,user_45,6,6,
302,43,160000,0,user_4,6,6,
334,44,160000,0,user_36,6,6,
330,45,83000,0,user_33,6,6,
343,46,77000,164000,user_43,6,6,
322,47,70000,15300,user_27,6,6,
381,0,19000000,0,user_38,7,7,
353,1,6100000,0,user_3,7,7,
366,2,5000000,15300,user_19,7,7,
371,3,5000000,0,user_27,7,7,
385,4,5000000,56200,user_40,7,7,
389,5,4500000,0,user_44,7,7,
391,6,4200000,0,user_47,7,7,
374,7,3200000,0,user_30,7,7,
386,8,3200000,128000,user_40,7,7,
373,9,2400000,0,user_29,7,7,
377,10,2400000,285000,user_32,7,7,
393,11,2000000,0,user_47,7,7,
375,12,1700000,0,user_31,7,7,
361,13,1600001,0,user_11,7,7,357
357,14,1600000,64600,user_6,7,7,
358,15,1599999,0,user_6,7,7,357
359,16,1599999,0,user_7,7,7,357
360,17,1599999,0,user_11,7,7,357
362,18,1599999,0,user_12,7,7,357
365,19,1599999,0,user_15,7,7,357
387,20,1500000,0,user_41,7,7,
372,21,1400000,15700,user_28,7,7,
390,22,1300000,0,user_46,7,7,
378,23,1100000,0,user_34,7,7,
384,24,1100000,594000,user_40,7,7,
382,25,650000,0,user_40,7,7,
394,26,320000,0,user_48,7,7,
379,27,310000,0,user_35,7,7,
369,28,120000,0,user_22,7,7,
383,29,100000,0,user_40,7,7,
370,30,85000,0,user_25,7,7,
392,31,79000,108000,user_47,7,7,
376,32,77000,0,user_32,7,7,
388,33,73000,0,user_43,7,7,
399,0,6300000,0,user_3,8,8,
417,1,6300000,0,user_18,8,8,
423,2,5200000,0,user_25,8,8,
446,3,5000000,71800,user_46,8,8,
434,4,3200000,0,user_34,8,8,
422,5,2100000,0,user_23,8,8,
430,6,2000000,0,user_28,8,8,
424,7,1800000,0,user_25,8,8,
420,8,1600000,0,user_22,8,8,
414,9,1500000,100000,user_16,8,8,
438,10,1500000,0,user_37,8,8,
444,11,1500000,0,user_44,8,8,
416,12,1400000,0,user_17,8,8,
419,13,1400000,0,user_20,8,8,
418,14,1100000,0,user_18,8,8,
421,15,1000000,0,user_23,8,8,
431,16,910000,0,user_29,8,8,
443,17,670000,0,user_44,8,8,
432,18,470000,75000,user_33,8,8,
433,19,460000,0,user_34,8,8,
400,20,370000,0,user_4,8,8,
428,21,370000,0,user_26,8,8,
439,22,370000,769000,user_37,8,8,
435,23,340000,0,user_34,8,8,
445,24,320000,7190000,user_45,8,8,
415,25,220000,19700,user_17,8,8,
436,26,220000,0,user_34,8,8,
427,27,190000,0,user_25,8,8,
402,28,150001,0,user_6,8,8,401
403,29,150001,0,user_7,8,8,401
407,30,150001,0,user_7,8,8,401
408,31,150001,0,user_8,8,8,401
411,32,150001,0,user_13,8,8,401
401,33,150000,16400,user_5,8,8,
429,34,150000,30200,user_27,8,8,
404,35,149999,0,user_7,8,8,401
405,36,149999,0,user_7,8,8,401
406,37,149999,0,user_7,8,8,401
410,38,149999,0,user_10,8,8,401
412,39,149999,0,user_14,8,8,401
413,40,149999,0,user_14,8,8,401
397,41,120000,0,user_2,8,8,
425,42,110000,0,user_25,8,8,
398,43,100000,0,user_3,8,8,
448,44,87000,0,user_48,8,8,
442,45,84000,0,user_42,8,8,
447,46,84000,0,user_48,8,8,
395,47,83000,0,user_1,8,8,
396,48,77000,0,user_2,8,8,
426,49,77000,0,user_25,8,8,
449,50,70000,0,user_49,8,8,
456,0,30000001,0,user_9,9,9,454
458,1,30000001,0,user_11,9,9,454
460,2,30000001,0,user_13,9,9,454
454,3,30000000,128000,user_5,9,9,
455,4,29999999,0,user_7,9,9,454
457,5,29999999,0,user_11,9,9,454
459,6,29999999,0,user_12,9,9,454
461,7,29999999,0,user_14,9,9,454
462,8,29999999,0,user_15,9,9,454
464,9,4500000,0,user_16,9,9,
482,10,4500000,0,user_39,9,9,
473,11,4200000,0,user_28,9,9,
468,12,2600000,0,user_24,9,9,
492,13,2600000,256000,user_45,9,9,
469,14,2400000,0,user_26,9,9,
470,15,2000000,0,user_27,9,9,
472,16,2000000,0,user_27,9,9,
478,17,2000000,30200,user_34,9,9,
479,18,1600000,43600,user_34,9,9,
493,19,1600000,0,user_46,9,9,
452,20,1500000,0,user_2,9,9,
490,21,1500000,0,user_44,9,9,
491,22,1500000,17000,user_45,9,9,
450,23,1400000,0,user_0,9,9,
486,24,1100000,31700,user_42,9,9,
451,25,420000,0,user_2,9,9,
471,26,350000,0,user_27,9,9,
480,27,310000,18600,user_35,9,9,
481,28,310000,0,user_35,9,9,
484,29,310000,0,user_40,9,9,
463,30,220000,0,user_16,9,9,
476,31,220000,0,user_31,9,9,
466,32,170000,0,user_22,9,9,
487,33,160000,0,user_42,9,9,
453,34,120000,0,user_4,9,9,
467,35,110000,0,user_23,9,9,
465,36,85000,959000,user_20,9,9,
483,37,73000,0,user_39,9,9,
542,0,6300000,0,user_47,10,10,
534,1,6100000,4320000,user_37,10,10,
497,2,5200000,0,user_3,10,10,
517,3,5000000,0,user_17,10,10,
540,4,5000000,0,user_43,10,10,
522,5,3500000,0,user_23,10,10,
533,6,2000000,0,user_36,10,10,
539,7,1900000,24700,user_43,10,10,
518,8,1600000,0,user_18,10,10,
537,9,1600000,0,user_42,10,10,
520,10,1400000,0,user_22,10,10,
498,11,1200000,0,user_5,10,10,
532,12,970000,0,user_35,10,10,
516,13,660000,0,user_16,10,10,
499,14,600000,0,user_5,10,10,
527,15,600000,0,user_30,10,10,
531,16,460000,0,user_34,10,10,
529,17,420000,46500,user_31,10,10,
528,18,340000,0,user_31,10,10,
526,19,310000,0,user_27,10,10,
525,20,240000,0,user_27,10,10,
524,21,220000,0,user_25,10,10,
519,22,170000,0,user_21,10,10,
502,23,160001,0,user_6,10,10,500
504,24,160001,0,user_8,10,10,500
505,25,160001,0,user_8,10,10,500
508,26,160001,0,user_10,10,10,500
510,27,160001,0,user_11,10,10,500
512,28,160001,0,user_13,10,10,500
500,29,160000,5180,user_5,10,10,
535,30,160000,0,user_38,10,10,
501,31,159999,0,user_6,10,10,500
506,32,159999,0,user_9,10,10,500
507,33,159999,0,user_9,10,10,500
509,34,159999,0,user_10,10,10,500
513,35,159999,0,user_13,10,10,500
514,36,159999,0,user_14,10,10,500
515,37,159999,0,user_15,10,10,500
538,38,150000,0,user_42,10,10,
543,39,150000,0,user_47,10,10,
521,40,100000,0,user_22,10,10,
496,41,98000,0,user_2,10,10,
541,42,87000,0,user_46,10,10,
494,43,80000,0,user_0,10,10,
495,44,80000,0,user_1,10,10,
545,45,77000,121000,user_49,10,10,
578,0,19000000,0,user_33,11,11,
573,1,6100000,0,user_28,11,11,
562,2,5000000,0,user_17,11,11,
585,3,5000000,49100,user_39,11,11,
592,4,5000000,0,user_47,11,11,
576,5,2100000,0,user_32,11,11,
582,6,1900000,0,user_38,11,11,
590,7,1700000,0,user_45,11,11,
563,8,1600000,0,user_18,11,11,
587,9,1500000,0,user_39,11,11,
591,10,1400000,0,user_45,11,11,
574,11,1300000,0,user_30,11,11,
580,12,1200000,0,user_36,11,11,
593,13,1100000,0,user_48,11,11,
564,14,1000000,0,user_18,11,11,
569,15,1000000,0,user_23,11,11,
594,16,1000000,256000,user_49,11,11,
586,17,970000,0,user_39,11,11,
570,18,670000,0,user_24,11,11,
577,19,530000,0,user_33,11,11,
583,20,470000,0,user_38,11,11,
561,21,460000,0,user_16,11,11,
575,22,420000,0,user_31,11,11,
571,23,350000,0,user_26,11,11,
566,24,220000,0,user_19,11,11,
581,25,220000,0,user_37,11,11,
584,26,220000,0,user_39,11,11,
589,27,170000,0,user_42,11,11,
565,28,130000,0,user_19,11,11,
547,29,120001,0,user_0,11,11,546
550,30,120001,0,user_3,11,11,546
551,31,120001,0,user_4,11,11,546
552,32,120001,0,user_6,11,11,546
557,33,120001,0,user_11,11,11,546
558,34,120001,0,user_12,11,11,546
559,35,120001,0,user_15,11,11,546
546,36,120000,60700,user_0,11,11,
548,37,119999,0,user_1,11,11,546
549,38,119999,0,user_2,11,11,546
553,39,119999,0,user_6,11,11,546
560,40,119999,0,user_15,11,11,546
567,41,110000,35100,user_20,11,11,
568,42,84000,0,user_22,11,11,
572,43,83000,0,user_28,11,11,
635,0,43000000,0,user_44,12,12,
596,1,6100001,0,user_2,12,12,595
597,2,6100001,0,user_4,12,12,595
598,3,6100001,0,user_5,12,12,595
599,4,6100001,0,user_10,12,12,595
600,5,6100001,0,user_11,12,12,595
601,6,6100001,0,user_12,12,12,595
602,7,6100001,0,user_13,12,12,595
603,8,6100001,0,user_13,12,12,595
595,9,6100000,24700,user_0,12,12,
611,10,6100000,0,user_24,12,12,
630,11,6100000,0,user_38,12,12,
604,12,6099999,0,user_15,12,12,595
637,13,5200000,36800,user_45,12,12,
638,14,5000000,0,user_45,12,12,
614,15,4500000,0,user_25,12,12,
631,16,3200000,0,user_39,12,12,
628,17,2000000,0,user_36,12,12,
634,18,2000000,0,user_42,12,12,
633,19,1700000,0,user_42,12,12,
620,20,1400000,0,user_30,12,12,
618,21,1300000,0,user_29,12,12,
613,22,1100000,0,user_25,12,12,
640,23,1100000,0,user_48,12,12,
610,24,1000000,0,user_20,12,12,
615,25,670000,0,user_27,12,12,
639,26,660000,0,user_46,12,12,
625,27,530000,35100,user_34,12,12,
617,28,470000,12800,user_29,12,12,
622,29,420000,0,user_32,12,12,
624,30,360000,0,user_34,12,12,
605,31,220000,24700,user_16,12,12,
612,32,170000,0,user_24,12,12,
606,33,150000,0,user_17,12,12,
619,34,130000,0,user_29,12,12,
632,35,130000,0,user_41,12,12,
636,36,120000,0,user_44,12,12,
609,37,110000,0,user_19,12,12,
623,38,110000,0,user_33,12,12,
629,39,110000,0,user_37,12,12,
616,40,80000,0,user_28,12,12,
607,41,73000,0,user_17,12,12,
608,42,70000,5180,user_18,12,12,
621,43,70000,0,user_30,12,12,
643,0,27000000,0,user_3,13,13,
646,1,5200000,0,user_6,13,13,
682,2,5200000,108000,user_43,13,13,
644,3,5000000,0,user_4,13,13,
660,4,2000000,410000,user_19,13,13,
674,5,2000000,381000,user_34,13,13,
650,6,1500000,0,user_11,13,13,
657,7,1500000,0,user_17,13,13,
668,8,1500000,0,user_27,13,13,
673,9,1500000,0,user_33,13,13,
678,10,1500000,0,user_36,13,13,
680,11,1000000,0,user_39,13,13,
675,12,970000,0,user_34,13,13,
685,13,910000,0,user_46,13,13,
663,14,660000,0,user_23,13,13,
683,15,600000,139000,user_44,13,13,
667,16,470000,0,user_26,13,13,
655,17,460000,8520,user_16,13,13,
656,18,350000,769000,user_16,13,13,
679,19,340000,0,user_37,13,13,
641,20,320000,0,user_1,13,13,
651,21,310000,0,user_12,13,13,
659,22,310000,0,user_19,13,13,
665,23,310000,67500,user_24,13,13,
654,24,220000,0,user_16,13,13,
664,25,220000,0,user_23,13,13,
642,26,190000,0,user_2,13,13,
658,27,170000,0,user_19,13,13,
653,28,160000,0,user_16,13,13,
661,29,130000,0,user_19,13,13,
669,30,130000,0,user_28,13,13,
672,31,120000,0,user_33,13,13,
645,32,110000,0,user_5,13,13,
652,33,110000,0,user_14,13,13,
662,34,110000,0,user_22,13,13,
670,35,110000,164000,user_30,13,13,
671,36,110000,0,user_32,13,13,
681,37,110000,0,user_41,13,13,
666,38,82000,0,user_25,13,13,
684,39,80000,0,user_45,13,13,
686,40,80000,0,user_48,13,13,
677,41,77000,0,user_36,13,13,
707,0,43000000,0,user_29,14,14,
727,1,43000000,0,user_42,14,14,
715,2,30000000,21800,user_35,14,14,
724,3,27000000,296000,user_40,14,14,
709,4,6300000,0,user_30,14,14,
735,5,5000000,0,user_46,14,14,
691,6,4500000,0,user_3,14,14,
733,7,3500000,0,user_43,14,14,
731,8,2100000,0,user_43,14,14,
734,9,1900000,0,user_46,14,14,
732,10,1600000,0,user_43,14,14,
704,11,1500000,0,user_22,14,14,
714,12,1100000,0,user_35,14,14,
717,13,1100000,0,user_38,14,14,
728,14,1100000,0,user_42,14,14,
711,15,1000000,0,user_32,14,14,
722,16,970000,0,user_40,14,14,
726,17,970000,0,user_40,14,14,
719,18,910000,0,user_38,14,14,
718,19,650000,0,user_38,14,14,
737,20,470000,0,user_49,14,14,
705,21,360000,322000,user_26,14,14,
736,22,350000,0,user_47,14,14,
702,23,310000,0,user_16,14,14,
690,24,300000,0,user_3,14,14,
688,25,190000,0,user_0,14,14,
698,26,170001,0,user_10,14,14,694
699,27,170001,0,user_12,14,14,694
700,28,170001,0,user_13,14,14,694
701,29,170001,0,user_15,14,14,694
708,30,170000,0,user_29,14,14,
721,31,170000,0,user_39,14,14,
697,32,169999,0,user_9,14,14,694
689,33,160000,0,user_1,14,14,
713,34,160000,285000,user_33,14,14,
730,35,160000,0,user_43,14,14,
716,36,150000,0,user_37,14,14,
720,37,150000,0,user_38,14,14,
723,38,150000,0,user_40,14,14,
706,39,120000,0,user_28,14,14,
712,40,120000,0,user_32,14,14,
703,41,110000,0,user_21,14,14,
729,42,110000,0,user_43,14,14,
710,43,100000,0,user_30,14,14,
725,44,100000,0,user_40,14,14,
687,45,83000,0,user_0,14,14,
752,0,19000000,0,user_19,15,15,
759,1,5000000,0,user_23,15,15,
760,2,5000000,0,user_25,15,15,
781,3,4200000,0,user_43,15,15,
743,4,3200000,0,user_6,15,15,
786,5,2500000,0,user_44,15,15,
782,6,2400000,0,user_43,15,15,
750,7,2100000,0,user_18,15,15,
762,8,1500000,0,user_28,15,15,
755,9,1400000,350000,user_19,15,15,
766,10,1400000,0,user_31,15,15,
769,11,1400000,15700,user_34,15,15,
757,12,1000000,0,user_21,15,15,
779,13,1000000,35600,user_41,15,15,
738,14,910000,0,user_1,15,15,
749,15,910000,0,user_16,15,15,
741,16,670000,0,user_4,15,15,
772,17,470000,0,user_34,15,15,
767,18,460000,0,user_32,15,15,
771,19,360000,0,user_34,15,15,
739,20,340000,0,user_2,15,15,
746,21,320000,0,user_11,15,15,
774,22,320000,0,user_36,15,15,
744,23,310000,0,user_7,15,15,
765,24,310000,13900,user_30,15,15,
784,25,310000,164000,user_43,15,15,
742,26,300000,0,user_5,15,15,
783,27,220000,0,user_43,15,15,
753,28,170000,0,user_19,15,15,
761,29,170000,0,user_26,15,15,
758,30,160000,0,user_22,15,15,
775,31,160000,0,user_37,15,15,
754,32,120000,0,user_19,15,15,
756,33,120000,56200,user_20,15,15,
740,34,110000,0,user_3,15,15,
780,35,110000,0,user_42,15,15,
763,36,98000,0,user_29,15,15,
768,37,98000,0,user_33,15,15,
776,38,98000,0,user_38,15,15,
785,39,98000,0,user_43,15,15,
770,40,85000,0,user_34,15,15,
747,41,84000,15700,user_13,15,15,
748,42,83999,0,user_14,15,15,747
764,43,79000,31700,user_30,15,15,
751,44,70000,0,user_19,15,15,
834,0,43000000,0,user_47,16,16,
816,1,6300000,0,user_32,16,16,
828,2,5200000,12300,user_43,16,16,
818,3,5000000,0,user_33,16,16,
787,4,2000000,0,user_0,16,16,
809,5,2000000,510000,user_22,16,16,
812,6,1500000,0,user_25,16,16,
813,7,1500000,0,user_25,16,16,
819,8,1500000,0,user_34,16,16,
830,9,1500000,410000,user_44,16,16,
803,10,1400000,0,user_17,16,16,
833,11,1400000,0,user_46,16,16,
789,12,1300001,0,user_1,16,16,788
793,13,1300001,0,user_6,16,16,788
794,14,1300001,0,user_7,16,16,788
795,15,1300001,0,user_11,16,16,788
796,16,1300001,0,user_13,16,16,788
797,17,1300001,0,user_14,16,16,788
798,18,1300001,0,user_15,16,16,788
788,19,1300000,35100,user_0,16,16,
790,20,1299999,0,user_4,16,16,788
791,21,1299999,0,user_5,16,16,788
792,22,1299999,0,user_5,16,16,788
835,23,1100000,231000,user_48,16,16,
799,24,1000000,39400,user_16,16,16,
827,25,530000,0,user_41,16,16,
822,26,470000,12800,user_36,16,16,
806,27,460000,0,user_18,16,16,
811,28,460000,0,user_24,16,16,
832,29,460000,0,user_45,16,16,
805,30,420000,0,user_17,16,16,
836,31,310000,0,user_49,16,16,
820,32,260000,0,user_34,16,16,
808,33,220000,0,user_19,16,16,
814,34,220000,49100,user_28,16,16,
802,35,170000,283000,user_17,16,16,
817,36,160000,0,user_32,16,16,
823,37,160000,0,user_38,16,16,
829,38,160000,47700,user_43,16,16,
807,39,150000,0,user_19,16,16,
815,40,150000,0,user_29,16,16,
826,41,150000,0,user_41,16,16,
824,42,120000,0,user_39,16,16,
831,43,120000,0,user_45,16,16,
804,44,85000,0,user_17,16,16,
801,45,82000,0,user_17,16,16,
810,46,80000,13900,user_23,16,16,
800,47,73000,0,user_16,16,16,
861,0,43000000,10700,user_25,17,17,
868,1,30000000,0,user_31,17,17,
864,2,5200000,0,user_28,17,17,
849,3,2100000,594000,user_17,17,17,
867,4,2000000,0,user_31,17,17,
854,5,1700000,0,user_22,17,17,
878,6,1600000,15100,user_39,17,17,
884,7,1600000,510000,user_43,17,17,
894,8,1600000,0,user_49,17,17,
858,9,1500000,32900,user_24,17,17,
838,10,1200001,0,user_1,17,17,837
839,11,1200001,0,user_2,17,17,837
840,12,1200001,0,user_4,17,17,837
841,13,1200001,0,user_5,17,17,837
842,14,1200001,0,user_6,17,17,837
846,15,1200001,0,user_13,17,17,837
847,16,1200001,0,user_15,17,17,837
837,17,1200000,231000,user_1,17,17,
843,18,1199999,0,user_7,17,17,837
845,19,1199999,0,user_12,17,17,837
860,20,1100000,0,user_24,17,17,
870,21,1100000,0,user_34,17,17,
855,22,1000000,0,user_23,17,17,
856,23,1000000,0,user_24,17,17,
866,24,1000000,0,user_28,17,17,
887,25,1000000,0,user_44,17,17,
876,26,970000,0,user_38,17,17,
892,27,970000,510000,user_47,17,17,
885,28,910000,0,user_43,17,17,
886,29,870000,0,user_43,17,17,
853,30,660000,15700,user_21,17,17,
881,31,660000,0,user_42,17,17,
882,32,630000,15700,user_43,17,17,
889,33,600000,0,user_45,17,17,
865,34,460000,0,user_28,17,17,
890,35,460000,0,user_45,17,17,
875,36,360000,0,user_37,17,17,
859,37,340000,0,user_24,17,17,
891,38,340000,0,user_47,17,17,
874,39,310000,0,user_37,17,17,
850,40,300000,0,user_18,17,17,
872,41,260000,0,user_37,17,17,
888,42,260000,0,user_44,17,17,
895,43,220000,0,user_49,17,17,
848,44,170000,0,user_16,17,17,
869,45,170000,75000,user_33,17,17,
851,46,150000,0,user_19,17,17,
857,47,150000,0,user_24,17,17,
871,48,150000,0,user_36,17,17,
880,49,150000,0,user_41,17,17,
863,50,120000,0,user_28,17,17,
877,51,120000,11200,user_39,17,17,
893,52,120000,0,user_48,17,17,
852,53,110000,0,user_20,17,17,
873,54,110000,0,user_37,17,17,
883,55,87000,0,user_43,17,17,
862,56,85000,8520,user_28,17,17,
905,0,43000000,0,user_11,18,18,
897,1,27000000,0,user_3,18,18,
924,2,6300000,36800,user_29,18,18,
935,3,6300000,0,user_36,18,18,
948,4,6100000,39400,user_48,18,18,
920,5,5000000,0,user_25,18,18,
926,6,5000000,0,user_31,18,18,
903,7,4500000,0,user_9,18,18,
901,8,3600000,0,user_7,18,18,
917,9,2500000,0,user_22,18,18,
942,10,2400000,0,user_43,18,18,
943,11,2000000,0,user_44,18,18,
912,12,1700000,0,user_17,18,18,
941,13,1600000,381000,user_43,18,18,
900,14,1500000,0,user_5,18,18,
906,15,1500000,0,user_11,18,18,
938,16,1500000,369000,user_42,18,18,
911,17,1400000,0,user_15,18,18,
937,18,1400000,13900,user_40,18,18,
936,19,1300000,0,user_39,18,18,
950,20,1100000,0,user_49,18,18,
949,21,1000000,43600,user_49,18,18,
932,22,970000,33300,user_33,18,18,
899,23,660000,0,user_4,18,18,
940,24,660000,33100,user_43,18,18,
902,25,530000,0,user_8,18,18,
934,26,470000,195000,user_35,18,18,
923,27,460000,0,user_28,18,18,
898,28,420000,0,user_4,18,18,
909,29,370000,0,user_14,18,18,
907,30,320000,0,user_12,18,18,
916,31,300000,0,user_21,18,18,
921,32,300000,0,user_26,18,18,
913,33,260000,0,user_19,18,18,
914,34,260000,322000,user_20,18,18,
915,35,170000,18600,user_20,18,18,
919,36,170000,5640,user_24,18,18,
908,37,150000,0,user_14,18,18,
939,38,150000,0,user_43,18,18,
944,39,150000,0,user_44,18,18,
896,40,120000,0,user_2,18,18,
925,41,110000,0,user_30,18,18,
918,42,100000,0,user_23,18,18,
910,43,87000,0,user_15,18,18,
904,44,82000,0,user_10,18,18,
931,45,70000,283000,user_33,18,18,
978,0,43000000,0,user_21,19,19,
998,1,43000000,0,user_41,19,19,
996,2,6300000,0,user_40,19,19,
975,3,6100000,0,user_20,19,19,
993,4,5000000,231000,user_37,19,19,
980,5,4500000,0,user_26,19,19,
987,6,4500000,0,user_31,19,19,
1008,7,4200000,0,user_46,19,19,
1012,8,3500000,0,user_48,19,19,
990,9,2600000,0,user_33,19,19,
977,10,2500000,15700,user_20,19,19,
1009,11,2000000,0,user_46,19,19,
986,12,1900000,0,user_30,19,19,
991,13,1800000,0,user_34,19,19,
983,14,1500000,0,user_28,19,19,
1003,15,1500000,0,user_44,19,19,
970,16,1400000,0,user_16,19,19,
972,17,1100000,0,user_19,19,19,
989,18,1100000,60700,user_33,19,19,
1013,19,1100000,16400,user_48,19,19,
973,20,1000000,18600,user_20,19,19,
1011,21,1000000,0,user_46,19,19,
997,22,970000,0,user_41,19,19,
982,23,870000,0,user_27,19,19,
1001,24,660000,0,user_43,19,19,
1010,25,650000,0,user_46,19,19,
1007,26,630000,15100,user_46,19,19,
984,27,530000,0,user_28,19,19,
954,28,360001,0,user_2,19,19,951
957,29,360001,0,user_3,19,19,951
959,30,360001,0,user_3,19,19,951
964,31,360001,0,user_7,19,19,951
951,32,360000,10700,user_0,19,19,
971,33,360000,0,user_18,19,19,
1002,34,360000,0,user_44,19,19,
952,35,359999,0,user_0,19,19,951
953,36,359999,0,user_1,19,19,951
955,37,359999,0,user_3,19,19,951
956,38,359999,0,user_3,19,19,951
958,39,359999,0,user_3,19,19,951
960,40,359999,0,user_5,19,19,951
961,41,359999,0,user_6,19,19,951
962,42,359999,0,user_7,19,19,951
963,43,359999,0,user_7,19,19,951
965,44,359999,0,user_7,19,19,951
966,45,359999,0,user_8,19,19,951
981,46,350000,0,user_27,19,19,
1006,47,260000,0,user_44,19,19,
1005,48,170000,0,user_44,19,19,
976,49,160000,0,user_20,19,19,
985,50,150000,46500,user_29,19,19,
974,51,120000,0,user_20,19,19,
1004,52,85000,0,user_44,19,19,
1014,53,84000,0,user_49,19,19,
988,54,83000,0,user_32,19,19,
992,55,80000,0,user_36,19,19,
979,56,70000,0,user_24,19,19,
1042,0,6300000,0,user_25,20,20,
1056,1,5000000,0,user_45,20,20,
1058,2,5000000,0,user_47,20,20,
1039,3,4500000,0,user_18,20,20,
1034,4,2300000,410000,user_16,20,20,
1032,5,1700000,545000,user_16,20,20,
1017,6,1500001,0,user_3,20,20,1016
1018,7,1500001,0,user_4,20,20,1016
1019,8,1500001,0,user_4,20,20,1016
1021,9,1500001,0,user_6,20,20,1016
1023,10,1500001,0,user_9,20,20,1016
1024,11,1500001,0,user_10,20,20,1016
1025,12,1500001,0,user_11,20,20,1016
1027,13,1500001,0,user_13,20,20,1016
1028,14,1500001,0,user_14,20,20,1016
1016,15,1500000,769000,user_3,20,20,
1043,16,1500000,0,user_25,20,20,
1020,17,1499999,0,user_4,20,20,1016
1022,18,1499999,0,user_8,20,20,1016
1026,19,1499999,0,user_11,20,20,1016
1029,20,1499999,0,user_15,20,20,1016
1046,21,1100000,0,user_30,20,20,
1052,22,1100000,0,user_38,20,20,
1035,23,650000,0,user_17,20,20,
1033,24,630000,36800,user_16,20,20,
1055,25,530000,0,user_44,20,20,
1044,26,460000,0,user_29,20,20,
1048,27,460000,0,user_33,20,20,
1030,28,420000,0,user_16,20,20,
1040,29,420000,0,user_22,20,20,
1051,30,350000,0,user_38,20,20,
1037,31,240000,0,user_18,20,20,
1047,32,160000,0,user_31,20,20,
1050,33,150000,0,user_35,20,20,
1057,34,130000,0,user_47,20,20,
1015,35,120000,0,user_1,20,20,
1031,36,120000,34700,user_16,20,20,
1036,37,120000,0,user_18,20,20,
1045,38,120000,8520,user_29,20,20,
1054,39,120000,0,user_43,20,20,
1049,40,100000,0,user_34,20,20,
1060,41,80000,155000,user_49,20,20,
1038,42,79000,16400,user_18,20,20,
1079,0,30000000,0,user_16,21,21,
1081,1,6300000,0,user_16,21,21,
1062,2,5000001,0,user_0,21,21,1061
1064,3,5000001,0,user_4,21,21,1061
1065,4,5000001,0,user_4,21,21,1061
1066,5,5000001,0,user_4,21,21,1061
1068,6,5000001,0,user_4,21,21,1061
1072,7,5000001,0,user_13,21,21,1061
1073,8,5000001,0,user_13,21,21,1061
1076,9,5000001,0,user_14,21,21,1061
1077,10,5000001,0,user_14,21,21,1061
1061,11,5000000,128000,user_0,21,21,
1063,12,4999999,0,user_2,21,21,1061
1067,13,4999999,0,user_4,21,21,1061
1069,14,4999999,0,user_5,21,21,1061
1070,15,4999999,0,user_6,21,21,1061
1071,16,4999999,0,user_8,21,21,1061
1074,17,4999999,0,user_14,21,21,1061
1075,18,4999999,0,user_14,21,21,1061
1078,19,4999999,0,user_14,21,21,1061
1090,20,3200000,0,user_23,21,21,
1117,21,2100000,0,user_48,21,21,
1080,22,1900000,0,user_16,21,21,
1087,23,1900000,32900,user_20,21,21,
1097,24,1900000,0,user_28,21,21,
1121,25,1900000,0,user_48,21,21,
1120,26,1600000,0,user_48,21,21,
1099,27,1500000,0,user_29,21,21,
1104,28,1100000,0,user_33,21,21,
1105,29,1100000,0,user_34,21,21,
1112,30,1100000,0,user_43,21,21,
1119,31,1000000,0,user_48,21,21,
1092,32,910000,0,user_26,21,21,
1083,33,660000,0,user_17,21,21,
1096,34,660000,0,user_27,21,21,
1115,35,630000,0,user_45,21,21,
1109,36,600000,0,user_41,21,21,
1086,37,470000,0,user_19,21,21,
1118,38,470000,0,user_48,21,21,
1103,39,370000,0,user_32,21,21,
1093,40,360000,231000,user_27,21,21,
1088,41,310000,0,user_21,21,21,
1091,42,300000,0,user_24,21,21,
1089,43,170000,11200,user_22,21,21,
1102,44,170000,0,user_31,21,21,
1095,45,160000,0,user_27,21,21,
1110,46,160000,0,user_42,21,21,
1094,47,150000,139000,user_27,21,21,
1098,48,150000,0,user_29,21,21,
1100,49,150000,0,user_30,21,21,
1084,50,130000,10700,user_18,21,21,
1085,51,120000,0,user_18,21,21,
1101,52,110000,0,user_31,21,21,
1108,53,110000,0,user_41,21,21,
1113,54,110000,30200,user_43,21,21,
1116,55,110000,0,user_46,21,21,
1082,56,85000,30200,user_16,21,21,
1114,57,80000,0,user_44,21,21,
1111,58,73000,0,user_42,21,21,
1163,0,4500000,959000,user_47,22,22,
1151,1,3500000,12300,user_34,22,22,
1123,2,2400000,0,user_3,22,22,
1153,3,1800000,0,user_36,22,22,
1155,4,1600000,0,user_38,22,22,
1160,5,1600000,0,user_45,22,22,
1139,6,1200000,0,user_20,22,22,
1141,7,1000000,0,user_23,22,22,
1136,8,910000,0,user_17,22,22,
1147,9,870000,0,user_30,22,22,
1143,10,660000,296000,user_26,22,22,
1154,11,630000,0,user_37,22,22,
1142,12,600000,0,user_25,22,22,
1164,13,600000,0,user_48,22,22,
1128,14,530001,0,user_10,22,22,1124
1130,15,530001,0,user_13,22,22,1124
1132,16,530001,0,user_14,22,22,1124
1133,17,530001,0,user_14,22,22,1124
1124,18,530000,594000,user_3,22,22,
1125,19,529999,0,user_5,22,22,1124
1126,20,529999,0,user_6,22,22,1124
1129,21,529999,0,user_12,22,22,1124
1131,22,529999,0,user_14,22,22,1124
1134,23,529999,0,user_15,22,22,1124
1135,24,460000,0,user_16,22,22,
1158,25,460000,0,user_43,22,22,
1162,26,420000,14200,user_46,22,22,
1159,27,360000,296000,user_44,22,22,
1150,28,350000,0,user_34,22,22,
1161,29,320000,0,user_46,22,22,
1146,30,310000,0,user_30,22,22,
1140,31,220000,0,user_22,22,22,
1122,32,170000,0,user_2,22,22,
1165,33,160000,0,user_48,22,22,
1137,34,150000,0,user_18,22,22,
1149,35,150000,0,user_31,22,22,
1157,36,150000,0,user_42,22,22,
1166,37,150000,11200,user_49,22,22,
1138,38,120000,0,user_19,22,22,
1148,39,120000,0,user_31,22,22,
1144,40,84000,73100,user_27,22,22,
1145,41,73000,0,user_28,22,22,
1220,0,30000000,0,user_45,23,23,
1227,1,27000000,49100,user_49,23,23,
1225,2,5200000,0,user_47,23,23,
1216,3,5000000,0,user_41,23,23,
1196,4,4500000,0,user_31,23,23,
1212,5,4500000,33300,user_39,23,23,
1198,6,2600000,17700000,user_32,23,23,
1202,7,2100000,283000,user_35,23,23,
1205,8,2000000,0,user_38,23,23,
1192,9,1900000,0,user_24,23,23,
1215,10,1900000,31700,user_40,23,23,
1190,11,1800000,84800,user_23,23,23,
1186,12,1600000,0,user_19,23,23,
1206,13,1500000,0,user_38,23,23,
1221,14,1400000,350000,user_46,23,23,
1224,15,1100000,0,user_47,23,23,
1201,16,1000000,0,user_34,23,23,
1168,17,870000,0,user_0,23,23,
1191,18,600000,0,user_24,23,23,
1210,19,600000,0,user_39,23,23,
1174,20,460001,0,user_4,23,23,1172
1179,21,460001,0,user_9,23,23,1172
1181,22,460001,0,user_10,23,23,1172
1182,23,460001,0,user_14,23,23,1172
1172,24,460000,12800,user_4,23,23,
1207,25,460000,0,user_38,23,23,
1173,26,459999,0,user_4,23,23,1172
1177,27,459999,0,user_7,23,23,1172
1178,28,459999,0,user_8,23,23,1172
1180,29,459999,0,user_10,23,23,1172
1183,30,459999,0,user_15,23,23,1172
1185,31,420000,21800,user_18,23,23,
1200,32,420000,0,user_34,23,23,
1167,33,370000,0,user_0,23,23,
1169,34,320000,0,user_1,23,23,
1223,35,300000,0,user_46,23,23,
1211,36,260000,0,user_39,23,23,
1189,37,220000,0,user_22,23,23,
1199,38,220000,0,user_33,23,23,
1170,39,190000,0,user_4,23,23,
1171,40,170000,0,user_4,23,23,
1222,41,170000,0,user_46,23,23,
1188,42,150000,0,user_20,23,23,
1219,43,150000,67900,user_45,23,23,
1197,44,120000,14200,user_32,23,23,
1195,45,110000,0,user_30,23,23,
1187,46,98000,43600,user_19,23,23,
1213,47,83000,64600,user_39,23,23,
1214,48,83000,0,user_39,23,23,
1194,49,82000,0,user_29,23,23,
1208,50,82000,195000,user_38,23,23,
1209,51,70000,0,user_38,23,23,
1253,0,5000000,0,user_32,24,24,
1241,1,2300000,0,user_21,24,24,
1250,2,2100000,0,user_27,24,24,
1248,3,2000000,0,user_24,24,24,
1252,4,2000000,0,user_32,24,24,
1258,5,2000000,0,user_36,24,24,
1243,6,1900000,0,user_23,24,24,
1254,7,1800000,13900,user_33,24,24,
1271,8,1800000,0,user_49,24,24,
1266,9,1500000,0,user_43,24,24,
1237,10,1400000,56200,user_16,24,24,
1244,11,1400000,1100000,user_24,24,24,
1232,12,1000001,0,user_7,24,24,1228
1234,13,1000001,0,user_9,24,24,1228
1235,14,1000001,0,user_10,24,24,1228
1228,15,1000000,17000,user_1,24,24,
1229,16,999999,0,user_1,24,24,1228
1230,17,999999,0,user_2,24,24,1228
1233,18,999999,0,user_8,24,24,1228
1236,19,999999,0,user_13,24,24,1228
1269,20,670000,0,user_48,24,24,
1263,21,530000,0,user_43,24,24,
1247,22,460000,0,user_24,24,24,
1255,23,310000,0,user_34,24,24,
1257,24,240000,0,user_35,24,24,
1259,25,240000,0,user_38,24,24,
1261,26,240000,5640,user_40,24,24,
1242,27,190000,0,user_22,24,24,
1238,28,170000,0,user_18,24,24,
1267,29,170000,0,user_44,24,24,
1245,30,150000,0,user_24,24,24,
1265,31,150000,0,user_43,24,24,
1260,32,130000,33100,user_38,24,24,
1246,33,120000,0,user_24,24,24,
1251,34,110000,0,user_30,24,24,
1256,35,87000,47700,user_35,24,24,
1268,36,85000,7840,user_45,24,24,
1240,37,73000,0,user_20,24,24,
1264,38,73000,11200,user_43,24,24,
1270,39,73000,12300,user_49,24,24,
1274,0,43000000,0,user_2,25,25,
1293,1,43000000,0,user_21,25,25,
1300,2,19000000,17000,user_31,25,25,
1312,3,6300000,0,user_42,25,25,
1297,4,6100000,0,user_25,25,25,
1299,5,6100000,0,user_29,25,25,
1296,6,5000000,0,user_24,25,25,
1298,7,5000000,0,user_27,25,25,
1315,8,3200000,0,user_47,25,25,
1284,9,2000000,0,user_13,25,25,
1287,10,2000000,0,user_17,25,25,
1289,11,1700000,0,user_19,25,25,
1281,12,1600000,0,user_11,25,25,
1273,13,1400000,0,user_1,25,25,
1290,14,1400000,0,user_19,25,25,
1272,15,1000000,0,user_0,25,25,
1278,16,1000000,0,user_6,25,25,
1302,17,1000000,0,user_33,25,25,
1291,18,650000,0,user_20,25,25,
1283,19,460000,0,user_12,25,25,
1286,20,460000,0,user_16,25,25,
1285,21,340000,0,user_14,25,25,
1294,22,310000,0,user_22,25,25,
1288,23,260000,0,user_17,25,25,
1305,24,240000,0,user_38,25,25,
1275,25,220000,0,user_3,25,25,
1276,26,220000,0,user_3,25,25,
1292,27,170000,0,user_21,25,25,
1306,28,170000,256000,user_38,25,25,
1277,29,160000,0,user_4,25,25,
1307,30,160000,0,user_39,25,25,
1316,31,150000,0,user_48,25,25,
1295,32,130000,0,user_23,25,25,
1304,33,120000,0,user_37,25,25,
1308,34,120000,0,user_39,25,25,
1301,35,98000,0,user_33,25,25,
1311,36,84000,155000,user_41,25,25,
1282,37,83000,0,user_12,25,25,
1313,38,83000,0,user_45,25,25,
1314,39,77000,0,user_46,25,25,
1348,0,43000000,0,user_31,26,26,
1352,1,19000000,5640,user_33,26,26,
1335,2,6100000,18600,user_18,26,26,
1337,3,5000000,5630,user_20,26,26,
1363,4,3500000,0,user_49,26,26,
1359,5,3200000,0,user_43,26,26,
1342,6,2100000,322000,user_23,26,26,
1320,7,1700000,0,user_3,26,26,
1349,8,1000000,0,user_32,26,26,
1329,9,970001,0,user_11,26,26,1321
1330,10,970001,0,user_12,26,26,1321
1331,11,970001,0,user_13,26,26,1321
1333,12,970001,0,user_15,26,26,1321
1321,13,970000,322000,user_4,26,26,
1338,14,970000,0,user_21,26,26,
1360,15,970000,0,user_44,26,26,
1322,16,969999,0,user_4,26,26,1321
1323,17,969999,0,user_5,26,26,1321
1324,18,969999,0,user_6,26,26,1321
1325,19,969999,0,user_7,26,26,1321
1328,20,969999,0,user_10,26,26,1321
1332,21,969999,0,user_14,26,26,1321
1339,22,650000,64600,user_21,26,26,
1361,23,630000,0,user_47,26,26,
1353,24,470000,0,user_33,26,26,
1347,25,420000,0,user_30,26,26,
1362,26,420000,0,user_48,26,26,
1354,27,350000,0,user_38,26,26,
1358,28,310000,0,user_43,26,26,
1319,29,260000,0,user_1,26,26,
1341,30,220000,0,user_22,26,26,
1318,31,160000,0,user_0,26,26,
1346,32,160000,0,user_30,26,26,
1351,33,150000,322000,user_33,26,26,
1317,34,120000,0,user_0,26,26,
1336,35,120000,0,user_19,26,26,
1357,36,120000,0,user_42,26,26,
1343,37,110000,0,user_25,26,26,
1345,38,110000,369000,user_27,26,26,
1356,39,110000,0,user_41,26,26,
1334,40,84000,34700,user_17,26,26,
1340,41,83000,0,user_22,26,26,
1350,42,82000,0,user_33,26,26,
1344,43,70000,0,user_26,26,26,
1387,0,30000000,0,user_20,27,27,
1397,1,27000000,283000,user_34,27,27,
1394,2,6100000,0,user_29,27,27,
1416,3,6100000,24700,user_48,27,27,
1380,4,5200000,0,user_17,27,27,
1400,5,4200000,0,user_34,27,27,
1383,6,3600000,0,user_19,27,27,
1398,7,3600000,0,user_34,27,27,
1384,8,2000000,0,user_19,27,27,
1404,9,1900000,0,user_37,27,27,
1411,10,1600000,594000,user_44,27,27,
1418,11,1600000,0,user_49,27,27,
1382,12,1500000,0,user_18,27,27,
1417,13,1500000,0,user_49,27,27,
1366,14,1400000,0,user_2,27,27,
1405,15,1300000,0,user_39,27,27,
1389,16,1000000,0,user_24,27,27,
1396,17,1000000,0,user_33,27,27,
1370,18,650001,0,user_10,27,27,1367
1371,19,650001,0,user_10,27,27,1367
1374,20,650001,0,user_11,27,27,1367
1377,21,650001,0,user_14,27,27,1367
1367,22,650000,256000,user_6,27,27,
1388,23,650000,0,user_23,27,27,
1372,24,649999,0,user_11,27,27,1367
1373,25,649999,0,user_11,27,27,1367
1375,26,649999,0,user_12,27,27,1367
1376,27,649999,0,user_13,27,27,1367
1378,28,649999,0,user_14,27,27,1367
1379,29,649999,0,user_15,27,27,1367
1412,30,530000,0,user_45,27,27,
1381,31,460000,67900,user_17,27,27,
1393,32,420000,0,user_27,27,27,
1399,33,360000,0,user_34,27,27,
1364,34,340000,0,user_1,27,27,
1403,35,340000,0,user_37,27,27,
1386,36,260000,0,user_19,27,27,
1395,37,260000,0,user_31,27,27,
1365,38,220000,0,user_2,27,27,
1409,39,190000,0,user_42,27,27,
1413,40,190000,0,user_46,27,27,
1407,41,160000,0,user_41,27,27,
1415,42,160000,0,user_47,27,27,
1401,43,150000,19700,user_34,27,27,
1390,44,120000,0,user_27,27,27,
1408,45,120000,0,user_42,27,27,
1391,46,110000,0,user_27,27,27,
1402,47,110000,0,user_36,27,27,
1392,48,100000,0,user_27,27,27,
1410,49,84000,0,user_44,27,27,
1414,50,79000,0,user_46,27,27,
1385,51,77000,0,user_19,27,27,
1446,0,19000000,0,user_29,28,28,
1440,1,6100000,0,user_18,28,28,
1451,2,5000000,256000,user_34,28,28,
1464,3,5000000,21800,user_44,28,28,
1468,4,4200000,35100,user_47,28,28,
1453,5,2600000,56200,user_37,28,28,
1455,6,2600000,0,user_39,28,28,
1466,7,2600000,0,user_47,28,28,
1444,8,2400000,8520,user_24,28,28,
1462,9,1900000,0,user_42,28,28,
1439,10,1500000,0,user_17,28,28,
1457,11,1300000,594000,user_41,28,28,
1424,12,1100001,0,user_3,28,28,1420
1426,13,1100001,0,user_4,28,28,1420
1427,14,1100001,0,user_4,28,28,1420
1430,15,1100001,0,user_5,28,28,1420
1432,16,1100001,0,user_7,28,28,1420
1433,17,1100001,0,user_10,28,28,1420
1434,18,1100001,0,user_11,28,28,1420
1435,19,1100001,0,user_12,28,28,1420
1420,20,1100000,49100,user_0,28,28,
1421,21,1099999,0,user_0,28,28,1420
1422,22,1099999,0,user_1,28,28,1420
1423,23,1099999,0,user_2,28,28,1420
1425,24,1099999,0,user_3,28,28,1420
1428,25,1099999,0,user_4,28,28,1420
1429,26,1099999,0,user_4,28,28,1420
1431,27,1099999,0,user_6,28,28,1420
1436,28,1099999,0,user_15,28,28,1420
1437,29,1099999,0,user_15,28,28,1420
1463,30,1000000,0,user_43,28,28,
1443,31,970000,0,user_24,28,28,
1460,32,910000,0,user_42,28,28,
1419,33,870000,0,user_0,28,28,
1449,34,870000,0,user_31,28,28,
1438,35,420000,0,user_16,28,28,
1454,36,420000,0,user_37,28,28,
1447,37,150000,0,user_30,28,28,
1445,38,130000,100000,user_27,28,28,
1441,39,120000,8520,user_20,28,28,
1461,40,120000,0,user_42,28,28,
1459,41,110000,0,user_42,28,28,
1467,42,110000,15100,user_47,28,28,
1448,43,87000,0,user_30,28,28,
1450,44,87000,350000,user_32,28,28,
1465,45,87000,0,user_47,28,28,
1458,46,82000,16400,user_42,28,28,
1442,47,73000,0,user_23,28,28,
1469,48,73000,0,user_48,28,28,
1523,0,30000000,0,user_42,29,29,
1496,1,6100000,0,user_16,29,29,
1529,2,5000000,0,user_47,29,29,
1531,3,5000000,0,user_49,29,29,
1497,4,4500000,0,user_17,29,29,
1528,5,3600000,0,user_46,29,29,
1522,6,2500000,0,user_40,29,29,
1525,7,2400000,0,user_44,29,29,
1507,8,1900000,0,user_24,29,29,
1511,9,1600000,0,user_28,29,29,
1499,10,1400000,0,user_19,29,29,
1501,11,1400000,0,user_21,29,29,
1516,12,1300000,510000,user_34,29,29,
1475,13,1200001,0,user_4,29,29,1473
1476,14,1200001,0,user_5,29,29,1473
1477,15,1200001,0,user_6,29,29,1473
1478,16,1200001,0,user_6,29,29,1473
1481,17,1200001,0,user_7,29,29,1473
1484,18,1200001,0,user_8,29,29,1473
1485,19,1200001,0,user_9,29,29,1473
1488,20,1200001,0,user_11,29,29,1473
1489,21,1200001,0,user_12,29,29,1473
1490,22,1200001,0,user_12,29,29,1473
1473,23,1200000,13900,user_2,29,29,
1474,24,1199999,0,user_4,29,29,1473
1479,25,1199999,0,user_7,29,29,1473
1480,26,1199999,0,user_7,29,29,1473
1482,27,1199999,0,user_7,29,29,1473
1483,28,1199999,0,user_7,29,29,1473
1491,29,1199999,0,user_13,29,29,1473
1493,30,1199999,0,user_15,29,29,1473
1515,31,1100000,35100,user_32,29,29,
1503,32,1000000,75000,user_22,29,29,
1506,33,910000,0,user_24,29,29,
1517,34,670000,0,user_35,29,29,
1519,35,670000,0,user_37,29,29,
1510,36,530000,0,user_28,29,29,
1494,37,470000,0,user_16,29,29,
1518,38,470000,0,user_35,29,29,
1502,39,350000,215000,user_22,29,29,
1505,40,300000,0,user_23,29,29,
1520,41,300000,13900,user_38,29,29,
1471,42,260000,0,user_1,29,29,
1498,43,220000,0,user_18,29,29,
1504,44,170000,0,user_23,29,29,
1527,45,170000,0,user_46,29,29,
1526,46,160000,0,user_45,29,29,
1524,47,150000,4320000,user_43,29,29,
1472,48,120000,0,user_1,29,29,
1495,49,79000,0,user_16,29,29,
1508,50,79000,35600,user_24,29,29,
1500,51,77000,0,user_19,29,29,
1514,52,73000,0,user_32,29,29,
1563,0,30000000,12800,user_45,30,30,
1548,1,27000000,0,user_26,30,30,
1549,2,6300000,0,user_27,30,30,
1536,3,4200001,0,user_6,30,30,1535
1540,4,4200001,0,user_14,30,30,1535
1535,5,4200000,10700,user_5,30,30,
1537,6,4199999,0,user_10,30,30,1535
1538,7,4199999,0,user_13,30,30,1535
1539,8,4199999,0,user_13,30,30,1535
1541,9,4199999,0,user_15,30,30,1535
1554,10,3600000,296000,user_32,30,30,
1560,11,2600000,7190000,user_42,30,30,
1570,12,1800000,0,user_48,30,30,
1567,13,1700000,121000,user_45,30,30,
1569,14,1500000,0,user_46,30,30,
1568,15,1100000,0,user_46,30,30,
1571,16,1000000,0,user_48,30,30,
1573,17,670000,0,user_48,30,30,
1574,18,670000,0,user_49,30,30,
1545,19,530000,0,user_25,30,30,
1550,20,530000,0,user_28,30,30,
1564,21,370000,0,user_45,30,30,
1562,22,360000,0,user_43,30,30,
1556,23,340000,0,user_36,30,30,
1558,24,340000,0,user_38,30,30,
1534,25,310000,0,user_2,30,30,
1552,26,300000,0,user_29,30,30,
1572,27,170000,67500,user_48,30,30,
1551,28,160000,0,user_29,30,30,
1566,29,160000,67900,user_45,30,30,
1532,30,150000,0,user_0,30,30,
1555,31,150000,32900,user_34,30,30,
1557,32,150000,0,user_38,30,30,
1547,33,130000,0,user_26,30,30,
1559,34,130000,161000,user_39,30,30,
1533,35,120000,0,user_2,30,30,
1544,36,120000,0,user_21,30,30,
1553,37,120000,0,user_31,30,30,
1565,38,110000,10700,user_45,30,30,
1543,39,87000,0,user_19,30,30,
1542,40,85000,0,user_17,30,30,
1561,41,83000,779000,user_42,30,30,
1546,42,82000,0,user_25,30,30,
1618,0,27000000,0,user_40,31,31,
1607,1,19000000,0,user_31,31,31,
1609,2,5200000,0,user_31,31,31,
1619,3,4500000,0,user_41,31,31,
1620,4,3600000,0,user_42,31,31,
1615,5,3200000,0,user_37,31,31,
1608,6,2500000,23500,user_31,31,31,
1621,7,2300000,0,user_43,31,31,
1595,8,2100000,0,user_20,31,31,
1590,9,1700000,7190000,user_16,31,31,
1630,10,1700000,0,user_48,31,31,
1614,11,1600000,0,user_37,31,31,
1597,12,1500000,12300,user_22,31,31,
1624,13,1500000,256000,user_45,31,31,
1577,14,1400000,0,user_2,31,31,
1575,15,1100000,0,user_1,31,31,
1591,16,1000000,0,user_17,31,31,
1603,17,970000,0,user_27,31,31,
1610,18,870000,0,user_31,31,31,
1589,19,670000,256000,user_16,31,31,
1623,20,630000,161000,user_45,31,31,
1588,21,600000,0,user_16,31,31,
1592,22,420000,0,user_17,31,31,
1617,23,320000,0,user_40,31,31,
1605,24,310000,0,user_30,31,31,
1622,25,310000,0,user_44,31,31,
1625,26,260000,0,user_46,31,31,
1593,27,240000,296000,user_18,31,31,
1604,28,240000,0,user_29,31,31,
1586,29,220000,0,user_16,31,31,
1616,30,190000,19700,user_37,31,31,
1576,31,150000,0,user_2,31,31,
1606,32,150000,64600,user_31,31,31,
1581,33,120001,0,user_9,31,31,1578
1578,34,120000,181000,user_3,31,31,
1587,35,120000,0,user_16,31,31,
1611,36,120000,0,user_32,31,31,
1579,37,119999,0,user_5,31,31,1578
1582,38,119999,0,user_10,31,31,1578
1585,39,119999,0,user_14,31,31,1578
1613,40,98000,0,user_37,31,31,
1612,41,83000,0,user_35,31,31,
1602,42,77000,0,user_27,31,31,
1596,43,70000,0,user_21,31,31,
1660,0,30000000,0,user_20,32,32,
1676,1,5200000,0,user_38,32,32,
1662,2,4500000,0,user_22,32,32,
1677,3,4200000,68100,user_40,32,32,
1655,4,3600000,0,user_19,32,32,
1674,5,3600000,0,user_38,32,32,
1666,6,3500000,8520,user_28,32,32,
1686,7,2500000,0,user_49,32,32,
1667,8,2400000,510000,user_31,32,32,
1680,9,2300000,779000,user_41,32,32,
1661,10,2100000,0,user_20,32,32,
1652,11,1700000,0,user_17,32,32,
1658,12,1400000,0,user_19,32,32,
1673,13,1000000,0,user_38,32,32,
1650,14,870000,0,user_16,32,32,
1657,15,670000,0,user_19,32,32,
1653,16,650000,47700,user_18,32,32,
1681,17,600000,49100,user_42,32,32,
1685,18,460000,0,user_49,32,32,
1654,19,360000,0,user_18,32,32,
1679,20,350000,0,user_41,32,32,
1670,21,340000,0,user_35,32,32,
1672,22,310000,0,user_38,32,32,
1688,23,220000,0,user_49,32,32,
1689,24,190000,21800,user_49,32,32,
1663,25,130000,0,user_25,32,32,
1659,26,120000,0,user_19,32,32,
1664,27,120000,0,user_26,32,32,
1668,28,120000,0,user_33,32,32,
1671,29,120000,0,user_37,32,32,
1682,30,120000,0,user_43,32,32,
1687,31,120000,5180,user_49,32,32,
1656,32,110000,0,user_19,32,32,
1678,33,82000,0,user_40,32,32,
1636,34,77001,0,user_4,32,32,1634
1640,35,77001,0,user_6,32,32,1634
1641,36,77001,0,user_7,32,32,1634
1649,37,77001,0,user_15,32,32,1634
1634,38,77000,12800,user_2,32,32,
1635,39,76999,0,user_2,32,32,1634
1637,40,76999,0,user_4,32,32,1634
1638,41,76999,0,user_5,32,32,1634
1639,42,76999,0,user_5,32,32,1634
1642,43,76999,0,user_8,32,32,1634
1643,44,76999,0,user_9,32,32,1634
1644,45,76999,0,user_10,32,32,1634
1645,46,76999,0,user_11,32,32,1634
1646,47,76999,0,user_11,32,32,1634
1647,48,76999,0,user_12,32,32,1634
1648,49,76999,0,user_15,32,32,1634
1651,50,73000,0,user_17,32,32,
1675,51,73000,0,user_38,32,32,
1720,0,43000000,0,user_33,33,33,
1731,1,30000000,0,user_43,33,33,
1736,2,27000000,0,user_48,33,33,
1737,3,27000000,0,user_49,33,33,
1719,4,5000000,0,user_32,33,33,
1729,5,3500000,0,user_42,33,33,
1723,6,2400000,322000,user_36,33,33,
1710,7,2000000,0,user_22,33,33,
1711,8,2000000,36800,user_23,33,33,
1708,9,1500000,0,user_20,33,33,
1691,10,1100000,0,user_2,33,33,
1717,11,1000000,0,user_30,33,33,
1693,12,970001,0,user_3,33,33,1692
1699,13,970001,0,user_10,33,33,1692
1701,14,970001,0,user_14,33,33,1692
1702,15,970001,0,user_15,33,33,1692
1703,16,970001,0,user_15,33,33,1692
1692,17,970000,369000,user_3,33,33,
1694,18,969999,0,user_5,33,33,1692
1695,19,969999,0,user_6,33,33,1692
1696,20,969999,0,user_7,33,33,1692
1700,21,969999,0,user_12,33,33,1692
1706,22,660000,0,user_19,33,33,
1733,23,660000,0,user_45,33,33,
1716,24,630000,0,user_29,33,33,
1724,25,460000,215000,user_37,33,33,
1715,26,420000,0,user_29,33,33,
1713,27,370000,0,user_23,33,33,
1704,28,310000,4320000,user_18,33,33,
1690,29,220000,0,user_1,33,33,
1721,30,220000,100000,user_34,33,33,
1735,31,170000,0,user_48,33,33,
1707,32,160000,0,user_20,33,33,
1705,33,150000,0,user_18,33,33,
1718,34,150000,0,user_31,33,33,
1730,35,150000,0,user_43,33,33,
1732,36,150000,4320000,user_44,33,33,
1734,37,150000,3130,user_47,33,33,
1725,38,120000,39400,user_38,33,33,
1714,39,110000,0,user_24,33,33,
1709,40,84000,0,user_21,33,33,
1712,41,79000,0,user_23,33,33,
1727,42,73000,0,user_41,33,33,
1728,43,70000,0,user_41,33,33,
1754,0,43000000,0,user_22,34,34,
1742,1,30000001,0,user_8,34,34,1741
1743,2,30000001,0,user_9,34,34,1741
1746,3,30000001,0,user_14,34,34,1741
1741,4,30000000,34700,user_7,34,34,
1744,5,29999999,0,user_11,34,34,1741
1745,6,29999999,0,user_13,34,34,1741
1747,7,29999999,0,user_15,34,34,1741
1775,8,4200000,0,user_44,34,34,
1740,9,2000000,0,user_4,34,34,
1763,10,2000000,34700,user_31,34,34,
1774,11,2000000,0,user_42,34,34,
1780,12,2000000,0,user_46,34,34,
1761,13,1800000,0,user_28,34,34,
1766,14,1800000,0,user_36,34,34,
1767,15,1800000,0,user_36,34,34,
1778,16,1600000,0,user_45,34,34,
1769,17,1500000,296000,user_37,34,34,
1779,18,1100000,0,user_46,34,34,
1755,19,1000000,0,user_23,34,34,
1757,20,970000,181000,user_24,34,34,
1771,21,970000,0,user_39,34,34,
1760,22,650000,0,user_26,34,34,
1765,23,600000,18600,user_34,34,34,
1759,24,260000,0,user_25,34,34,
1772,25,260000,0,user_40,34,34,
1749,26,240000,164000,user_17,34,34,
1776,27,220000,0,user_44,34,34,
1777,28,170000,4320000,user_45,34,34,
1751,29,120000,0,user_20,34,34,
1758,30,120000,0,user_25,34,34,
1768,31,120000,0,user_37,34,34,
1773,32,120000,0,user_40,34,34,
1781,33,110000,0,user_46,34,34,
1782,34,110000,0,user_46,34,34,
1748,35,98000,0,user_16,34,34,
1770,36,98000,128000,user_38,34,34,
1750,37,79000,0,user_17,34,34,
1756,38,79000,13900,user_24,34,34,
1807,0,6100000,0,user_16,35,35,
1814,1,6100000,0,user_22,35,35,
1826,2,6100000,0,user_44,35,35,
1829,3,5000000,0,user_49,35,35,
1823,4,4500000,0,user_32,35,35,
1785,5,4200000,0,user_0,35,35,
1830,6,4200000,0,user_49,35,35,
1809,7,3600000,0,user_17,35,35,
1812,8,3200000,0,user_21,35,35,
1817,9,2400000,0,user_24,35,35,
1824,10,1400000,283000,user_38,35,35,
1818,11,1000000,0,user_25,35,35,
1819,12,1000000,0,user_27,35,35,
1808,13,670000,42000,user_17,35,35,
1822,14,460000,0,user_32,35,35,
1810,15,320000,0,user_19,35,35,
1789,16,310001,0,user_3,35,35,1787
1792,17,310001,0,user_3,35,35,1787
1797,18,310001,0,user_10,35,35,1787
1798,19,310001,0,user_11,35,35,1787
1804,20,310001,0,user_12,35,35,1787
1787,21,310000,35600,user_1,35,35,
1811,22,310000,8520,user_20,35,35,
1788,23,309999,0,user_2,35,35,1787
1790,24,309999,0,user_3,35,35,1787
1791,25,309999,0,user_3,35,35,1787
1793,26,309999,0,user_4,35,35,1787
1794,27,309999,0,user_5,35,35,1787
1795,28,309999,0,user_6,35,35,1787
1799,29,309999,0,user_11,35,35,1787
1800,30,309999,0,user_11,35,35,1787
1801,31,309999,0,user_11,35,35,1787
1802,32,309999,0,user_11,35,35,1787
1803,33,309999,0,user_12,35,35,1787
1805,34,309999,0,user_13,35,35,1787
1806,35,309999,0,user_14,35,35,1787
1827,36,260000,0,user_47,35,35,
1815,37,170000,0,user_22,35,35,
1820,38,170000,0,user_28,35,35,
1831,39,160000,0,user_49,35,35,
1786,40,110000,0,user_1,35,35,
1813,41,110000,161000,user_22,35,35,
1821,42,110000,0,user_30,35,35,
1828,43,110000,381000,user_49,35,35,
1816,44,85000,0,user_23,35,35,
1825,45,79000,10700,user_42,35,35,
41,0,19000000,0,user_40,36,36,
47,1,19000000,0,user_46,36,36,
33,2,6100000,0,user_31,36,36,
49,3,6100000,0,user_48,36,36,
25,4,5200000,0,user_23,36,36,
4,5,5000000,0,user_4,36,36,
20,6,5000000,0,user_18,36,36,
0,7,3200000,0,user_0,36,36,
1,8,2100000,0,user_1,36,36,
18,9,1700000,0,user_16,36,36,
43,10,1700000,0,user_43,36,36,
23,11,1500000,283000,user_22,36,36,
34,12,1500000,0,user_31,36,36,
46,13,530000,0,user_43,36,36,
45,14,460000,0,user_43,36,36,
48,15,420000,0,user_47,36,36,
21,16,340000,5630,user_19,36,36,
22,17,340000,0,user_21,36,36,
44,18,340000,0,user_43,36,36,
30,19,300000,0,user_27,36,36,
40,20,300000,19700,user_40,36,36,
31,21,260000,0,user_28,36,36,
50,22,220000,0,user_48,36,36,
29,23,170000,0,user_26,36,36,
5,24,160000,0,user_5,36,36,
24,25,160000,0,user_23,36,36,
32,26,150000,43600,user_29,36,36,
3,27,120000,0,user_4,36,36,
36,28,120000,0,user_34,36,36,
2,29,110000,0,user_3,36,36,
37,30,110000,108000,user_37,36,36,
39,31,110000,0,user_39,36,36,
51,32,100000,84800,user_49,36,36,
26,33,79000,0,user_24,36,36,
35,34,79000,0,user_33,36,36,
10,35,70001,0,user_7,36,36,6
16,36,70001,0,user_14,36,36,6
17,37,70001,0,user_15,36,36,6
6,38,70000,3130,user_6,36,36,
7,39,69999,0,user_7,36,36,6
8,40,69999,0,user_7,36,36,6
9,41,69999,0,user_7,36,36,6
11,42,69999,0,user_7,36,36,6
13,43,69999,0,user_11,36,36,6
75,0,43000000,256000,user_23,37,37,
76,1,5000000,0,user_25,37,37,
87,2,4200000,0,user_38,37,37,
80,3,3500000,0,user_27,37,37,
100,4,3200000,0,user_49,37,37,
72,5,2600000,0,user_19,37,37,
98,6,2500000,0,user_48,37,37,
95,7,2300000,14200,user_48,37,37,
68,8,2000000,0,user_17,37,37,
81,9,2000000,0,user_29,37,37,
85,10,2000000,0,user_34,37,37,
88,11,2000000,0,user_41,37,37,
79,12,1900000,0,user_27,37,37,
92,13,1800000,0,user_44,37,37,
70,14,1500000,17000,user_19,37,37,
96,15,1500000,0,user_48,37,37,
89,16,1100000,256000,user_42,37,37,
99,17,670000,71800,user_49,37,37,
93,18,630000,0,user_45,37,37,
74,19,420000,12800,user_21,37,37,
91,20,350000,0,user_44,37,37,
78,21,190000,12800,user_26,37,37,
101,22,190000,0,user_49,37,37,
71,23,170000,0,user_19,37,37,
82,24,170000,11200,user_29,37,37,
83,25,170000,0,user_30,37,37,
84,26,120000,0,user_31,37,37,
90,27,120000,0,user_43,37,37,
67,28,110000,0,user_16,37,37,
94,29,84000,0,user_46,37,37,
73,30,83000,34700,user_19,37,37,
77,31,83000,21800,user_25,37,37,
53,32,80001,0,user_1,37,37,52
54,33,80001,0,user_2,37,37,52
55,34,80001,0,user_3,37,37,52
58,35,80001,0,user_7,37,37,52
62,36,80001,0,user_10,37,37,52
64,37,80001,0,user_11,37,37,52
66,38,80001,0,user_15,37,37,52
52,39,80000,11200,user_1,37,37,
56,40,79999,0,user_4,37,37,52
57,41,79999,0,user_6,37,37,52
63,42,79999,0,user_10,37,37,52
65,43,79999,0,user_13,37,37,52
97,44,79000,0,user_48,37,37,
69,45,70000,0,user_19,37,37,
116,0,30000000,0,user_16,38,38,
121,1,30000000,146000,user_25,38,38,
105,2,5000000,0,user_4,38,38,
133,3,2400000,13900,user_39,38,38,
118,4,2300000,0,user_18,38,38,
103,5,2000000,0,user_2,38,38,
117,6,2000000,146000,user_17,38,38,
134,7,2000000,75000,user_39,38,38,
124,8,1100000,10700,user_29,38,38,
135,9,1100000,0,user_41,38,38,
136,10,1000000,0,user_43,38,38,
139,11,1000000,0,user_46,38,38,
102,12,970000,0,user_0,38,38,
119,13,650000,3130,user_24,38,38,
125,14,600000,0,user_30,38,38,
138,15,600000,0,user_45,38,38,
131,16,460000,5640,user_37,38,38,
107,17,420001,0,user_4,38,38,106
108,18,420001,0,user_5,38,38,106
111,19,420001,0,user_10,38,38,106
112,20,420001,0,user_11,38,38,106
115,21,420001,0,user_15,38,38,106
106,22,420000,24700,user_4,38,38,
137,23,420000,0,user_44,38,38,
142,24,420000,0,user_49,38,38,
109,25,419999,0,user_5,38,38,106
110,26,419999,0,user_6,38,38,106
113,27,419999,0,user_12,38,38,106
114,28,419999,0,user_13,38,38,106
120,29,340000,0,user_25,38,38,
127,30,220000,0,user_32,38,38,
141,31,160000,0,user_48,38,38,
123,32,150000,0,user_27,38,38,
132,33,150000,0,user_37,38,38,
104,34,110000,0,user_3,38,38,
126,35,110000,0,user_32,38,38,
128,36,110000,0,user_33,38,38,
129,37,110000,73100,user_34,38,38,
122,38,77000,7840,user_26,38,38,
140,39,77000,0,user_47,38,38,
161,0,43000000,0,user_17,39,39,
145,1,30000001,0,user_5,39,39,143
147,2,30000001,0,user_7,39,39,143
149,3,30000001,0,user_10,39,39,143
152,4,30000001,0,user_12,39,39,143
153,5,30000001,0,user_14,39,39,143
143,6,30000000,84800,user_0,39,39,
184,7,30000000,0,user_43,39,39,
144,8,29999999,0,user_2,39,39,143
146,9,29999999,0,user_6,39,39,143
150,10,29999999,0,user_11,39,39,143
151,11,29999999,0,user_11,39,39,143
154,12,29999999,0,user_15,39,39,143
160,13,6100000,0,user_17,39,39,
166,14,4500000,0,user_22,39,39,
155,15,2000000,0,user_16,39,39,
157,16,2000000,0,user_16,39,39,
168,17,2000000,0,user_22,39,39,
185,18,1800000,5180,user_44,39,39,
192,19,1500000,0,user_49,39,39,
183,20,1400000,0,user_42,39,39,
187,21,1400000,0,user_46,39,39,
190,22,1100000,0,user_48,39,39,
193,23,1100000,0,user_49,39,39,
169,24,1000000,0,user_23,39,39,
175,25,1000000,0,user_32,39,39,
174,26,970000,0,user_30,39,39,
191,27,910000,13800,user_48,39,39,
164,28,870000,0,user_22,39,39,
173,29,870000,0,user_30,39,39,
178,30,670000,0,user_36,39,39,
186,31,660000,0,user_45,39,39,
188,32,650000,0,user_46,39,39,
159,33,460000,0,user_16,39,39,
182,34,370000,0,user_41,39,39,
195,35,360000,75000,user_49,39,39,
179,36,340000,0,user_36,39,39,
180,37,310000,0,user_38,39,39,
163,38,300000,0,user_19,39,39,
167,39,260000,0,user_22,39,39,
156,40,220000,0,user_16,39,39,
189,41,220000,0,user_47,39,39,
162,42,160000,0,user_18,39,39,
172,43,150000,0,user_28,39,39,
171,44,120000,0,user_26,39,39,
194,45,120000,0,user_49,39,39,
158,46,110000,0,user_16,39,39,
170,47,100000,0,user_25,39,39,
165,48,85000,0,user_22,39,39,
177,49,85000,0,user_36,39,39,
196,0,6300000,0,user_0,40,40,
239,1,6300000,0,user_33,40,40,
242,2,6100000,0,user_36,40,40,
222,3,4500000,155000,user_20,40,40,
223,4,4200000,0,user_20,40,40,
231,5,4200000,0,user_27,40,40,
250,6,3500000,369000,user_45,40,40,
218,7,2500000,0,user_17,40,40,
238,8,2500000,0,user_32,40,40,
230,9,2400000,0,user_25,40,40,
241,10,2400000,0,user_34,40,40,
243,11,2100000,231000,user_38,40,40,
221,12,2000000,0,user_19,40,40,
219,13,1500000,0,user_18,40,40,
217,14,1400000,0,user_16,40,40,
233,15,1400000,0,user_28,40,40,
251,16,1400000,0,user_47,40,40,
254,17,1200000,0,user_49,40,40,
229,18,1100000,0,user_24,40,40,
227,19,1000000,73100,user_22,40,40,
226,20,970000,0,user_21,40,40,
228,21,650000,0,user_24,40,40,
252,22,420000,0,user_48,40,40,
244,23,370000,0,user_38,40,40,
234,24,310000,0,user_30,40,40,
206,25,240001,0,user_12,40,40,197
207,26,240001,0,user_13,40,40,197
208,27,240001,0,user_13,40,40,197
211,28,240001,0,user_14,40,40,197
214,29,240001,0,user_14,40,40,197
215,30,240001,0,user_14,40,40,197
197,31,240000,16400,user_2,40,40,
198,32,239999,0,user_3,40,40,197
199,33,239999,0,user_4,40,40,197
200,34,239999,0,user_6,40,40,197
201,35,239999,0,user_7,40,40,197
203,36,239999,0,user_10,40,40,197
204,37,239999,0,user_11,40,40,197
205,38,239999,0,user_11,40,40,197
209,39,239999,0,user_13,40,40,197
210,40,239999,0,user_13,40,40,197
212,41,239999,0,user_14,40,40,197
213,42,239999,0,user_14,40,40,197
216,43,239999,0,user_15,40,40,197
224,44,190000,0,user_20,40,40,
253,45,190000,0,user_49,40,40,
225,46,170000,0,user_20,40,40,
240,47,160000,0,user_34,40,40,
220,48,150000,7190000,user_19,40,40,
248,49,150000,0,user_41,40,40,
245,50,110000,231000,user_39,40,40,
247,51,110000,155000,user_41,40,40,
237,52,98000,0,user_30,40,40,
232,53,85000,0,user_27,40,40,
235,54,84000,0,user_30,40,40,
249,55,80000,0,user_43,40,40,
236,56,73000,0,user_30,40,40,
255,0,30000000,0,user_0,41,41,
289,1,5200000,0,user_39,41,41,
275,2,5000000,0,user_26,41,41,
283,3,4500000,0,user_31,41,41,
277,4,2500000,959000,user_27,41,41,
287,5,2300000,0,user_36,41,41,
270,6,1900000,0,user_20,41,41,
266,7,1800000,0,user_18,41,41,
269,8,1800000,0,user_20,41,41,
273,9,1500000,0,user_23,41,41,
284,10,1500000,0,user_32,41,41,
256,11,1300000,0,user_1,41,41,
294,12,1300000,0,user_44,41,41,
279,13,1000000,0,user_30,41,41,
268,14,870000,0,user_20,41,41,
282,15,670000,0,user_30,41,41,
278,16,660000,0,user_30,41,41,
293,17,660000,0,user_43,41,41,
260,18,460001,0,user_5,41,41,259
263,19,460001,0,user_12,41,41,259
264,20,460001,0,user_14,41,41,259
265,21,460001,0,user_15,41,41,259
259,22,460000,779000,user_2,41,41,
280,23,460000,0,user_30,41,41,
296,24,460000,0,user_49,41,41,
267,25,420000,0,user_19,41,41,
258,26,370000,0,user_2,41,41,
257,27,260000,0,user_1,41,41,
276,28,240000,0,user_26,41,41,
286,29,240000,32900,user_36,41,41,
288,30,240000,75000,user_38,41,41,
272,31,220000,0,user_23,41,41,
281,32,220000,0,user_30,41,41,
285,33,190000,0,user_33,41,41,
290,34,170000,0,user_41,41,41,
291,35,160000,0,user_42,41,41,
292,36,120000,0,user_42,41,41,
274,37,110000,0,user_25,41,41,
271,38,80000,14200,user_20,41,41,
295,39,77000,0,user_49,41,41,
333,0,27000000,0,user_35,42,42,
304,1,19000000,0,user_6,42,42,
350,2,19000000,0,user_46,42,42,
341,3,5200000,0,user_40,42,42,
303,4,5000000,0,user_6,42,42,
310,5,5000000,0,user_12,42,42,
313,6,5000000,0,user_16,42,42,
312,7,3600000,0,user_15,42,42,
315,8,3500000,0,user_19,42,42,
340,9,3200000,47700,user_40,42,42,
335,10,2100000,0,user_37,42,42,
297,11,2000000,0,user_0,42,42,
305,12,1900000,0,user_7,42,42,
327,13,1800000,60700,user_32,42,42,
329,14,1400000,36800,user_33,42,42,
351,15,1400000,4320000,user_46,42,42,
307,16,1100000,0,user_10,42,42,
311,17,1100000,0,user_12,42,42,
323,18,1100000,0,user_28,42,42,
339,19,1000000,0,user_39,42,42,
347,20,1000000,0,user_45,42,42,
308,21,970000,0,user_10,42,42,
342,22,970000,67900,user_43,42,42,
338,23,870000,0,user_39,42,42,
306,24,670000,0,user_9,42,42,
324,25,670000,18600,user_29,42,42,
348,26,670000,0,user_45,42,42,
336,27,660000,0,user_39,42,42,
352,28,660000,0,user_48,42,42,
344,29,650000,0,user_44,42,42,
326,30,470000,0,user_31,42,42,
328,31,460000,0,user_32,42,42,
300,32,420000,0,user_3,42,42,
320,33,420000,0,user_25,42,42,
331,34,360000,121000,user_33,42,42,
346,35,310000,0,user_45,42,42,
301,36,300000,0,user_3,42,42,
316,37,220000,0,user_20,42,42,
317,38,220000,0,user_21,42,42,
345,39,190000,0,user_45,42,42,
321,40,170000,47700,user_26,42,42,
337,41,170000,0,user_39,42,42,
349,42,170000,0,user_45,42,42,
302,43,160000,0,user_4,42,42,
334,44,160000,0,user_36,42,42,
330,45,83000,0,user_33,42,42,
343,46,77000,164000,user_43,42,42,
322,47,70000,15300,user_27,42,42,
381,0,19000000,0,user_38,43,43,
353,1,6100000,0,user_3,43,43,
366,2,5000000,15300,user_19,43,43,
371,3,5000000,0,user_27,43,43,
385,4,5000000,56200,user_40,43,43,
389,5,4500000,0,user_44,43,43,
391,6,4200000,0,user_47,43,43,
374,7,3200000,0,user_30,43,43,
386,8,3200000,128000,user_40,43,43,
373,9,2400000,0,user_29,43,43,
377,10,2400000,285000,user_32,43,43,
393,11,2000000,0,user_47,43,43,
375,12,1700000,0,user_31,43,43,
361,13,1600001,0,user_11,43,43,357
357,14,1600000,64600,user_6,43,43,
358,15,1599999,0,user_6,43,43,357
359,16,1599999,0,user_7,43,43,357
360,17,1599999,0,user_11,43,43,357
362,18,1599999,0,user_12,43,43,357
365,19,1599999,0,user_15,43,43,357
387,20,1500000,0,user_41,43,43,
372,21,1400000,15700,user_28,43,43,
390,22,1300000,0,user_46,43,43,
378,23,1100000,0,user_34,43,43,
384,24,1100000,594000,user_40,43,43,
382,25,650000,0,user_40,43,43,
394,26,320000,0,user_48,43,43,
379,27,310000,0,user_35,43,43,
369,28,120000,0,user_22,43,43,
383,29,100000,0,user_40,43,43,
370,30,85000,0,user_25,43,43,
392,31,79000,108000,user_47,43,43,
376,32,77000,0,user_32,43,43,
388,33,73000,0,user_43,43,43,
399,0,6300000,0,user_3,44,44,
417,1,6300000,0,user_18,44,44,
423,2,5200000,0,user_25,44,44,
446,3,5000000,71800,user_46,44,44,
434,4,3200000,0,user_34,44,44,
422,5,2100000,0,user_23,44,44,
430,6,2000000,0,user_28,44,44,
424,7,1800000,0,user_25,44,44,
420,8,1600000,0,user_22,44,44,
414,9,1500000,100000,user_16,44,44,
438,10,1500000,0,user_37,44,44,
444,11,1500000,0,user_44,44,44,
416,12,1400000,0,user_17,44,44,
419,13,1400000,0,user_20,44,44,
418,14,1100000,0,user_18,44,44,
421,15,1000000,0,user_23,44,44,
431,16,910000,0,user_29,44,44,
443,17,670000,0,user_44,44,44,
432,18,470000,75000,user_33,44,44,
433,19,460000,0,user_34,44,44,
400,20,370000,0,user_4,44,44,
428,21,370000,0,user_26,44,44,
439,22,370000,769000,user_37,44,44,
435,23,340000,0,user_34,44,44,
445,24,320000,7190000,user_45,44,44,
415,25,220000,19700,user_17,44,44,
436,26,220000,0,user_34,44,44,
427,27,190000,0,user_25,44,44,
402,28,150001,0,user_6,44,44,401
403,29,150001,0,user_7,44,44,401
407,30,150001,0,user_7,44,44,401
408,31,150001,0,user_8,44,44,401
411,32,150001,0,user_13,44,44,401
401,33,150000,16400,user_5,44,44,
429,34,150000,30200,user_27,44,44,
404,35,149999,0,user_7,44,44,401
405,36,149999,0,user_7,44,44,401
406,37,149999,0,user_7,44,44,401
410,38,149999,0,user_10,44,44,401
412,39,149999,0,user_14,44,44,401
413,40,149999,0,user_14,44,44,401
397,41,120000,0,user_2,44,44,
425,42,110000,0,user_25,44,44,
398,43,100000,0,user_3,44,44,
448,44,87000,0,user_48,44,44,
442,45,84000,0,user_42,44,44,
447,46,84000,0,user_48,44,44,
395,47,83000,0,user_1,44,44,
396,48,77000,0,user_2,44,44,
426,49,77000,0,user_25,44,44,
449,50,70000,0,user_49,44,44,
456,0,30000001,0,user_9,45,45,454
458,1,30000001,0,user_11,45,45,454
460,2,30000001,0,user_13,45,45,454
454,3,30000000,128000,user_5,45,45,
455,4,29999999,0,user_7,45,45,454
457,5,29999999,0,user_11,45,45,454
459,6,29999999,0,user_12,45,45,454
461,7,29999999,0,user_14,45,45,454
462,8,29999999,0,user_15,45,45,454
464,9,4500000,0,user_16,45,45,
482,10,4500000,0,user_39,45,45,
473,11,4200000,0,user_28,45,45,
468,12,2600000,0,user_24,45,45,
492,13,2600000,256000,user_45,45,45,
469,14,2400000,0,user_26,45,45,
470,15,2000000,0,user_27,45,45,
472,16,2000000,0,user_27,45,45,
478,17,2000000,30200,user_34,45,45,
479,18,1600000,43600,user_34,45,45,
493,19,1600000,0,user_46,45,45,
452,20,1500000,0,user_2,45,45,
490,21,1500000,0,user_44,45,45,
491,22,1500000,17000,user_45,45,45,
450,23,1400000,0,user_0,45,45,
486,24,1100000,31700,user_42,45,45,
451,25,420000,0,user_2,45,45,
471,26,350000,0,user_27,45,45,
480,27,310000,18600,user_35,45,45,
481,28,310000,0,user_35,45,45,
484,29,310000,0,user_40,45,45,
463,30,220000,0,user_16,45,45,
476,31,220000,0,user_31,45,45,
466,32,170000,0,user_22,45,45,
487,33,160000,0,user_42,45,45,
453,34,120000,0,user_4,45,45,
467,35,110000,0,user_23,45,45,
465,36,85000,959000,user_20,45,45,
483,37,73000,0,user_39,45,45,
542,0,6300000,0,user_47,46,46,
534,1,6100000,4320000,user_37,46,46,
497,2,5200000,0,user_3,46,46,
517,3,5000000,0,user_17,46,46,
540,4,5000000,0,user_43,46,46,
522,5,3500000,0,user_23,46,46,
533,6,2000000,0,user_36,46,46,
539,7,1900000,24700,user_43,46,46,
518,8,1600000,0,user_18,46,46,
537,9,1600000,0,user_42,46,46,
520,10,1400000,0,user_22,46,46,
498,11,1200000,0,user_5,46,46,
532,12,970000,0,user_35,46,46,
516,13,660000,0,user_16,46,46,
499,14,600000,0,user_5,46,46,
527,15,600000,0,user_30,46,46,
531,16,460000,0,user_34,46,46,
529,17,420000,46500,user_31,46,46,
528,18,340000,0,user_31,46,46,
526,19,310000,0,user_27,46,46,
525,20,240000,0,user_27,46,46,
524,21,220000,0,user_25,46,46,
519,22,170000,0,user_21,46,46,
502,23,160001,0,user_6,46,46,500
504,24,160001,0,user_8,46,46,500
505,25,160001,0,user_8,46,46,500
508,26,160001,0,user_10,46,46,500
510,27,160001,0,user_11,46,46,500
512,28,160001,0,user_13,46,46,500
500,29,160000,5180,user_5,46,46,
535,30,160000,0,user_38,46,46,
501,31,159999,0,user_6,46,46,500
506,32,159999,0,user_9,46,46,500
507,33,159999,0,user_9,46,46,500
509,34,159999,0,user_10,46,46,500
513,35,159999,0,user_13,46,46,500
514,36,159999,0,user_14,46,46,500
515,37,159999,0,user_15,46,46,500
538,38,150000,0,user_42,46,46,
543,39,150000,0,user_47,46,46,
521,40,100000,0,user_22,46,46,
496,41,98000,0,user_2,46,46,
541,42,87000,0,user_46,46,46,
494,43,80000,0,user_0,46,46,
495,44,80000,0,user_1,46,46,
545,45,77000,121000,user_49,46,46,
578,0,19000000,0,user_33,47,47,
573,1,6100000,0,user_28,47,47,
562,2,5000000,0,user_17,47,47,
585,3,5000000,49100,user_39,47,47,
592,4,5000000,0,user_47,47,47,
576,5,2100000,0,user_32,47,47,
582,6,1900000,0,user_38,47,47,
590,7,1700000,0,user_45,47,47,
563,8,1600000,0,user_18,47,47,
587,9,1500000,0,user_39,47,47,
591,10,1400000,0,user_45,47,47,
574,11,1300000,0,user_30,47,47,
580,12,1200000,0,user_36,47,47,
593,13,1100000,0,user_48,47,47,
564,14,1000000,0,user_18,47,47,
569,15,1000000,0,user_23,47,47,
594,16,1000000,256000,user_49,47,47,
586,17,970000,0,user_39,47,47,
570,18,670000,0,user_24,47,47,
577,19,530000,0,user_33,47,47,
583,20,470000,0,user_38,47,47,
561,21,460000,0,user_16,47,47,
575,22,420000,0,user_31,47,47,
571,23,350000,0,user_26,47,47,
566,24,220000,0,user_19,47,47,
581,25,220000,0,user_37,47,47,
584,26,220000,0,user_39,47,47,
589,27,170000,0,user_42,47,47,
565,28,130000,0,user_19,47,47,
547,29,120001,0,user_0,47,47,546
550,30,120001,0,user_3,47,47,546
551,31,120001,0,user_4,47,47,546
552,32,120001,0,user_6,47,47,546
557,33,120001,0,user_11,47,47,546
558,34,120001,0,user_12,47,47,546
559,35,120001,0,user_15,47,47,546
546,36,120000,60700,user_0,47,47,
548,37,119999,0,user_1,47,47,546
549,38,119999,0,user_2,47,47,546
553,39,119999,0,user_6,47,47,546
560,40,119999,0,user_15,47,47,546
567,41,110000,35100,user_20,47,47,
568,42,84000,0,user_22,47,47,
572,43,83000,0,user_28,47,47,
635,0,43000000,0,user_44,48,48,
596,1,6100001,0,user_2,48,48,595
597,2,6100001,0,user_4,48,48,595
598,3,6100001,0,user_5,48,48,595
599,4,6100001,0,user_10,48,48,595
600,5,6100001,0,user_11,48,48,595
601,6,6100001,0,user_12,48,48,595
602,7,6100001,0,user_13,48,48,595
603,8,6100001,0,user_13,48,48,595
595,9,6100000,24700,user_0,48,48,
611,10,6100000,0,user_24,48,48,
630,11,6100000,0,user_38,48,48,
604,12,6099999,0,user_15,48,48,595
637,13,5200000,36800,user_45,48,48,
638,14,5000000,0,user_45,48,48,
614,15,4500000,0,user_25,48,48,
631,16,3200000,0,user_39,48,48,
628,17,2000000,0,user_36,48,48,
634,18,2000000,0,user_42,48,48,
633,19,1700000,0,user_42,48,48,
620,20,1400000,0,user_30,48,48,
618,21,1300000,0,user_29,48,48,
613,22,1100000,0,user_25,48,48,
640,23,1100000,0,user_48,48,48,
610,24,1000000,0,user_20,48,48,
615,25,670000,0,user_27,48,48,
639,26,660000,0,user_46,48,48,
625,27,530000,35100,user_34,48,48,
617,28,470000,12800,user_29,48,48,
622,29,420000,0,user_32,48,48,
624,30,360000,0,user_34,48,48,
605,31,220000,24700,user_16,48,48,
612,32,170000,0,user_24,48,48,
606,33,150000,0,user_17,48,48,
619,34,130000,0,user_29,48,48,
632,35,130000,0,user_41,48,48,
636,36,120000,0,user_44,48,48,
609,37,110000,0,user_19,48,48,
623,38,110000,0,user_33,48,48,
629,39,110000,0,user_37,48,48,
616,40,80000,0,user_28,48,48,
607,41,73000,0,user_17,48,48,
608,42,70000,5180,user_18,48,48,
621,43,70000,0,user_30,48,48,
643,0,27000000,0,user_3,49,49,
646,1,5200000,0,user_6,49,49,
682,2,5200000,108000,user_43,49,49,
644,3,5000000,0,user_4,49,49,
660,4,2000000,410000,user_19,49,49,
674,5,2000000,381000,user_34,49,49,
650,6,1500000,0,user_11,49,49,
657,7,1500000,0,user_17,49,49,
668,8,1500000,0,user_27,49,49,
673,9,1500000,0,user_33,49,49,
678,10,1500000,0,user_36,49,49,
680,11,1000000,0,user_39,49,49,
675,12,970000,0,user_34,49,49,
685,13,910000,0,user_46,49,49,
663,14,660000,0,user_23,49,49,
683,15,600000,139000,user_44,49,49,
667,16,470000,0,user_26,49,49,
655,17,460000,8520,user_16,49,49,
656,18,350000,769000,user_16,49,49,
679,19,340000,0,user_37,49,49,
641,20,320000,0,user_1,49,49,
651,21,310000,0,user_12,49,49,
659,22,310000,0,user_19,49,49,
665,23,310000,67500,user_24,49,49,
654,24,220000,0,user_16,49,49,
664,25,220000,0,user_23,49,49,
642,26,190000,0,user_2,49,49,
658,27,170000,0,user_19,49,49,
653,28,160000,0,user_16,49,49,
661,29,130000,0,user_19,49,49,
669,30,130000,0,user_28,49,49,
672,31,120000,0,user_33,49,49,
645,32,110000,0,user_5,49,49,
652,33,110000,0,user_14,49,49,
662,34,110000,0,user_22,49,49,
670,35,110000,164000,user_30,49,49,
671,36,110000,0,user_32,49,49,
681,37,110000,0,user_41,49,49,
666,38,82000,0,user_25,49,49,
684,39,80000,0,user_45,49,49,
686,40,80000,0,user_48,49,49,
677,41,77000,0,user_36,49,49,
707,0,43000000,0,user_29,50,50,
727,1,43000000,0,user_42,50,50,
715,2,30000000,21800,user_35,50,50,
724,3,27000000,296000,user_40,50,50,
709,4,6300000,0,user_30,50,50,
735,5,5000000,0,user_46,50,50,
691,6,4500000,0,user_3,50,50,
733,7,3500000,0,user_43,50,50,
731,8,2100000,0,user_43,50,50,
734,9,1900000,0,user_46,50,50,
732,10,1600000,0,user_43,50,50,
704,11,1500000,0,user_22,50,50,
714,12,1100000,0,user_35,50,50,
717,13,1100000,0,user_38,50,50,
728,14,1100000,0,user_42,50,50,
711,15,1000000,0,user_32,50,50,
722,16,970000,0,user_40,50,50,
726,17,970000,0,user_40,50,50,
719,18,910000,0,user_38,50,50,
718,19,650000,0,user_38,50,50,
737,20,470000,0,user_49,50,50,
705,21,360000,322000,user_26,50,50,
736,22,350000,0,user_47,50,50,
702,23,310000,0,user_16,50,50,
690,24,300000,0,user_3,50,50,
688,25,190000,0,user_0,50,50,
698,26,170001,0,user_10,50,50,694
699,27,170001,0,user_12,50,50,694
700,28,170001,0,user_13,50,50,694
701,29,170001,0,user_15,50,50,694
708,30,170000,0,user_29,50,50,
721,31,170000,0,user_39,50,50,
697,32,169999,0,user_9,50,50,694
689,33,160000,0,user_1,50,50,
713,34,160000,285000,user_33,50,50,
730,35,160000,0,user_43,50,50,
716,36,150000,0,user_37,50,50,
720,37,150000,0,user_38,50,50,
723,38,150000,0,user_40,50,50,
706,39,120000,0,user_28,50,50,
712,40,120000,0,user_32,50,50,
703,41,110000,0,user_21,50,50,
729,42,110000,0,user_43,50,50,
710,43,100000,0,user_30,50,50,
725,44,100000,0,user_40,50,50,
687,45,83000,0,user_0,50,50,
752,0,19000000,0,user_19,51,51,
759,1,5000000,0,user_23,51,51,
760,2,5000000,0,user_25,51,51,
781,3,4200000,0,user_43,51,51,
743,4,3200000,0,user_6,51,51,
786,5,2500000,0,user_44,51,51,
782,6,2400000,0,user_43,51,51,
750,7,2100000,0,user_18,51,51,
762,8,1500000,0,user_28,51,51,
755,9,1400000,350000,user_19,51,51,
766,10,1400000,0,user_31,51,51,
769,11,1400000,15700,user_34,51,51,
757,12,1000000,0,user_21,51,51,
779,13,1000000,35600,user_41,51,51,
738,14,910000,0,user_1,51,51,
749,15,910000,0,user_16,51,51,
741,16,670000,0,user_4,51,51,
772,17,470000,0,user_34,51,51,
767,18,460000,0,user_32,51,51,
771,19,360000,0,user_34,51,51,
739,20,340000,0,user_2,51,51,
746,21,320000,0,user_11,51,51,
774,22,320000,0,user_36,51,51,
744,23,310000,0,user_7,51,51,
765,24,310000,13900,user_30,51,51,
784,25,310000,164000,user_43,51,51,
742,26,300000,0,user_5,51,51,
783,27,220000,0,user_43,51,51,
753,28,170000,0,user_19,51,51,
761,29,170000,0,user_26,51,51,
758,30,160000,0,user_22,51,51,
775,31,160000,0,user_37,51,51,
754,32,120000,0,user_19,51,51,
756,33,120000,56200,user_20,51,51,
740,34,110000,0,user_3,51,51,
780,35,110000,0,user_42,51,51,
763,36,98000,0,user_29,51,51,
768,37,98000,0,user_33,51,51,
776,38,98000,0,user_38,51,51,
785,39,98000,0,user_43,51,51,
770,40,85000,0,user_34,51,51,
747,41,84000,15700,user_13,51,51,
748,42,83999,0,user_14,51,51,747
764,43,79000,31700,user_30,51,51,
751,44,70000,0,user_19,51,51,
834,0,43000000,0,user_47,52,52,
816,1,6300000,0,user_32,52,52,
828,2,5200000,12300,user_43,52,52,
818,3,5000000,0,user_33,52,52,
787,4,2000000,0,user_0,52,52,
809,5,2000000,510000,user_22,52,52,
812,6,1500000,0,user_25,52,52,
813,7,1500000,0,user_25,52,52,
819,8,1500000,0,user_34,52,52,
830,9,1500000,410000,user_44,52,52,
803,10,1400000,0,user_17,52,52,
833,11,1400000,0,user_46,52,52,
789,12,1300001,0,user_1,52,52,788
793,13,1300001,0,user_6,52,52,788
794,14,1300001,0,user_7,52,52,788
795,15,1300001,0,user_11,52,52,788
796,16,1300001,0,user_13,52,52,788
797,17,1300001,0,user_14,52,52,788
798,18,1300001,0,user_15,52,52,788
788,19,1300000,35100,user_0,52,52,
790,20,1299999,0,user_4,52,52,788
791,21,1299999,0,user_5,52,52,788
792,22,1299999,0,user_5,52,52,788
835,23,1100000,231000,user_48,52,52,
799,24,1000000,39400,user_16,52,52,
827,25,530000,0,user_41,52,52,
822,26,470000,12800,user_36,52,52,
806,27,460000,0,user_18,52,52,
811,28,460000,0,user_24,52,52,
832,29,460000,0,user_45,52,52,
805,30,420000,0,user_17,52,52,
836,31,310000,0,user_49,52,52,
820,32,260000,0,user_34,52,52,
808,33,220000,0,user_19,52,52,
814,34,220000,49100,user_28,52,52,
802,35,170000,283000,user_17,52,52,
817,36,160000,0,user_32,52,52,
823,37,160000,0,user_38,52,52,
829,38,160000,47700,user_43,52,52,
807,39,150000,0,user_19,52,52,
815,40,150000,0,user_29,52,52,
826,41,150000,0,user_41,52,52,
824,42,120000,0,user_39,52,52,
831,43,120000,0,user_45,52,52,
804,44,85000,0,user_17,52,52,
801,45,82000,0,user_17,52,52,
810,46,80000,13900,user_23,52,52,
800,47,73000,0,user_16,52,52,
861,0,43000000,10700,user_25,53,53,
868,1,30000000,0,user_31,53,53,
864,2,5200000,0,user_28,53,53,
849,3,2100000,594000,user_17,53,53,
867,4,2000000,0,user_31,53,53,
854,5,1700000,0,user_22,53,53,
878,6,1600000,15100,user_39,53,53,
884,7,1600000,510000,user_43,53,53,
894,8,1600000,0,user_49,53,53,
858,9,1500000,32900,user_24,53,53,
838,10,1200001,0,user_1,53,53,837
839,11,1200001,0,user_2,53,53,837
840,12,1200001,0,user_4,53,53,837
841,13,1200001,0,user_5,53,53,837
842,14,1200001,0,user_6,53,53,837
846,15,1200001,0,user_13,53,53,837
847,16,1200001,0,user_15,53,53,837
837,17,1200000,231000,user_1,53,53,
843,18,1199999,0,user_7,53,53,837
845,19,1199999,0,user_12,53,53,837
860,20,1100000,0,user_24,53,53,
870,21,1100000,0,user_34,53,53,
855,22,1000000,0,user_23,53,53,
856,23,1000000,0,user_24,53,53,
866,24,1000000,0,user_28,53,53,
887,25,1000000,0,user_44,53,53,
876,26,970000,0,user_38,53,53,
892,27,970000,510000,user_47,53,53,
885,28,910000,0,user_43,53,53,
886,29,870000,0,user_43,53,53,
853,30,660000,15700,user_21,53,53,
881,31,660000,0,user_42,53,53,
882,32,630000,15700,user_43,53,53,
889,33,600000,0,user_45,53,53,
865,34,460000,0,user_28,53,53,
890,35,460000,0,user_45,53,53,
875,36,360000,0,user_37,53,53,
859,37,340000,0,user_24,53,53,
891,38,340000,0,user_47,53,53,
874,39,310000,0,user_37,53,53,
850,40,300000,0,user_18,53,53,
872,41,260000,0,user_37,53,53,
888,42,260000,0,user_44,53,53,
895,43,220000,0,user_49,53,53,
848,44,170000,0,user_16,53,53,
869,45,170000,75000,user_33,53,53,
851,46,150000,0,user_19,53,53,
857,47,150000,0,user_24,53,53,
871,48,150000,0,user_36,53,53,
880,49,150000,0,user_41,53,53,
863,50,120000,0,user_28,53,53,
877,51,120000,11200,user_39,53,53,
893,52,120000,0,user_48,53,53,
852,53,110000,0,user_20,53,53,
873,54,110000,0,user_37,53,53,
883,55,87000,0,user_43,53,53,
862,56,85000,8520,user_28,53,53,
905,0,43000000,0,user_11,54,54,
897,1,27000000,0,user_3,54,54,
924,2,6300000,36800,user_29,54,54,
935,3,6300000,0,user_36,54,54,
948,4,6100000,39400,user_48,54,54,
920,5,5000000,0,user_25,54,54,
926,6,5000000,0,user_31,54,54,
903,7,4500000,0,user_9,54,54,
901,8,3600000,0,user_7,54,54,
917,9,2500000,0,user_22,54,54,
942,10,2400000,0,user_43,54,54,
943,11,2000000,0,user_44,54,54,
912,12,1700000,0,user_17,54,54,
941,13,1600000,381000,user_43,54,54,
900,14,1500000,0,user_5,54,54,
906,15,1500000,0,user_11,54,54,
938,16,1500000,369000,user_42,54,54,
911,17,1400000,0,user_15,54,54,
937,18,1400000,13900,user_40,54,54,
936,19,1300000,0,user_39,54,54,
950,20,1100000,0,user_49,54,54,
949,21,1000000,43600,user_49,54,54,
932,22,970000,33300,user_33,54,54,
899,23,660000,0,user_4,54,54,
940,24,660000,33100,user_43,54,54,
902,25,530000,0,user_8,54,54,
934,26,470000,195000,user_35,54,54,
923,27,460000,0,user_28,54,54,
898,28,420000,0,user_4,54,54,
909,29,370000,0,user_14,54,54,
907,30,320000,0,user_12,54,54,
916,31,300000,0,user_21,54,54,
921,32,300000,0,user_26,54,54,
913,33,260000,0,user_19,54,54,
914,34,260000,322000,user_20,54,54,
915,35,170000,18600,user_20,54,54,
919,36,170000,5640,user_24,54,54,
908,37,150000,0,user_14,54,54,
939,38,150000,0,user_43,54,54,
944,39,150000,0,user_44,54,54,
896,40,120000,0,user_2,54,54,
925,41,110000,0,user_30,54,54,
918,42,100000,0,user_23,54,54,
910,43,87000,0,user_15,54,54,
904,44,82000,0,user_10,54,54,
931,45,70000,283000,user_33,54,54,
978,0,43000000,0,user_21,55,55,
998,1,43000000,0,user_41,55,55,
996,2,6300000,0,user_40,55,55,
975,3,6100000,0,user_20,55,55,
993,4,5000000,231000,user_37,55,55,
980,5,4500000,0,user_26,55,55,
987,6,4500000,0,user_31,55,55,
1008,7,4200000,0,user_46,55,55,
1012,8,3500000,0,user_48,55,55,
990,9,2600000,0,user_33,55,55,
977,10,2500000,15700,user_20,55,55,
1009,11,2000000,0,user_46,55,55,
986,12,1900000,0,user_30,55,55,
991,13,1800000,0,user_34,55,55,
983,14,1500000,0,user_28,55,55,
1003,15,1500000,0,user_44,55,55,
970,16,1400000,0,user_16,55,55,
972,17,1100000,0,user_19,55,55,
989,18,1100000,60700,user_33,55,55,
1013,19,1100000,16400,user_48,55,55,
973,20,1000000,18600,user_20,55,55,
1011,21,1000000,0,user_46,55,55,
997,22,970000,0,user_41,55,55,
982,23,870000,0,user_27,55,55,
1001,24,660000,0,user_43,55,55,
1010,25,650000,0,user_46,55,55,
1007,26,630000,15100,user_46,55,55,
984,27,530000,0,user_28,55,55,
954,28,360001,0,user_2,55,55,951
957,29,360001,0,user_3,55,55,951
959,30,360001,0,user_3,55,55,951
964,31,360001,0,user_7,55,55,951
951,32,360000,10700,user_0,55,55,
971,33,360000,0,user_18,55,55,
1002,34,360000,0,user_44,55,55,
952,35,359999,0,user_0,55,55,951
953,36,359999,0,user_1,55,55,951
955,37,359999,0,user_3,55,55,951
956,38,359999,0,user_3,55,55,951
958,39,359999,0,user_3,55,55,951
960,40,359999,0,user_5,55,55,951
961,41,359999,0,user_6,55,55,951
962,42,359999,0,user_7,55,55,951
963,43,359999,0,user_7,55,55,951
965,44,359999,0,user_7,55,55,951
966,45,359999,0,user_8,55,55,951
981,46,350000,0,user_27,55,55,
1006,47,260000,0,user_44,55,55,
1005,48,170000,0,user_44,55,55,
976,49,160000,0,user_20,55,55,
985,50,150000,46500,user_29,55,55,
974,51,120000,0,user_20,55,55,
1004,52,85000,0,user_44,55,55,
1014,53,84000,0,user_49,55,55,
988,54,83000,0,user_32,55,55,
992,55,80000,0,user_36,55,55,
979,56,70000,0,user_24,55,55,
1042,0,6300000,0,user_25,56,56,
1056,1,5000000,0,user_45,56,56,
1058,2,5000000,0,user_47,56,56,
1039,3,4500000,0,user_18,56,56,
1034,4,2300000,410000,user_16,56,56,
1032,5,1700000,545000,user_16,56,56,
1017,6,1500001,0,user_3,56,56,1016
1018,7,1500001,0,user_4,56,56,1016
1019,8,1500001,0,user_4,56,56,1016
1021,9,1500001,0,user_6,56,56,1016
1023,10,1500001,0,user_9,56,56,1016
1024,11,1500001,0,user_10,56,56,1016
1025,12,1500001,0,user_11,56,56,1016
1027,13,1500001,0,user_13,56,56,1016
1028,14,1500001,0,user_14,56,56,1016
1016,15,1500000,769000,user_3,56,56,
1043,16,1500000,0,user_25,56,56,
1020,17,1499999,0,user_4,56,56,1016
1022,18,1499999,0,user_8,56,56,1016
1026,19,1499999,0,user_11,56,56,1016
1029,20,1499999,0,user_15,56,56,1016
1046,21,1100000,0,user_30,56,56,
1052,22,1100000,0,user_38,56,56,
1035,23,650000,0,user_17,56,56,
1033,24,630000,36800,user_16,56,56,
1055,25,530000,0,user_44,56,56,
1044,26,460000,0,user_29,56,56,
1048,27,460000,0,user_33,56,56,
1030,28,420000,0,user_16,56,56,
1040,29,420000,0,user_22,56,56,
1051,30,350000,0,user_38,56,56,
1037,31,240000,0,user_18,56,56,
1047,32,160000,0,user_31,56,56,
1050,33,150000,0,user_35,56,56,
1057,34,130000,0,user_47,56,56,
1015,35,120000,0,user_1,56,56,
1031,36,120000,34700,user_16,56,56,
1036,37,120000,0,user_18,56,56,
1045,38,120000,8520,user_29,56,56,
1054,39,120000,0,user_43,56,56,
1049,40,100000,0,user_34,56,56,
1060,41,80000,155000,user_49,56,56,
1038,42,79000,16400,user_18,56,56,
1079,0,30000000,0,user_16,57,57,
1081,1,6300000,0,user_16,57,57,
1062,2,5000001,0,user_0,57,57,1061
1064,3,5000001,0,user_4,57,57,1061
1065,4,5000001,0,user_4,57,57,1061
1066,5,5000001,0,user_4,57,57,1061
1068,6,5000001,0,user_4,57,57,1061
1072,7,5000001,0,user_13,57,57,1061
1073,8,5000001,0,user_13,57,57,1061
1076,9,5000001,0,user_14,57,57,1061
1077,10,5000001,0,user_14,57,57,1061
1061,11,5000000,128000,user_0,57,57,
1063,12,4999999,0,user_2,57,57,1061
1067,13,4999999,0,user_4,57,57,1061
1069,14,4999999,0,user_5,57,57,1061
1070,15,4999999,0,user_6,57,57,1061
1071,16,4999999,0,user_8,57,57,1061
1074,17,4999999,0,user_14,57,57,1061
1075,18,4999999,0,user_14,57,57,1061
1078,19,4999999,0,user_14,57,57,1061
1090,20,3200000,0,user_23,57,57,
1117,21,2100000,0,user_48,57,57,
1080,22,1900000,0,user_16,57,57,
1087,23,1900000,32900,user_20,57,57,
1097,24,1900000,0,user_28,57,57,
1121,25,1900000,0,user_48,57,57,
1120,26,1600000,0,user_48,57,57,
1099,27,1500000,0,user_29,57,57,
1104,28,1100000,0,user_33,57,57,
1105,29,1100000,0,user_34,57,57,
1112,30,1100000,0,user_43,57,57,
1119,31,1000000,0,user_48,57,57,
1092,32,910000,0,user_26,57,57,
1083,33,660000,0,user_17,57,57,
1096,34,660000,0,user_27,57,57,
1115,35,630000,0,user_45,57,57,
1109,36,600000,0,user_41,57,57,
1086,37,470000,0,user_19,57,57,
1118,38,470000,0,user_48,57,57,
1103,39,370000,0,user_32,57,57,
1093,40,360000,231000,user_27,57,57,
1088,41,310000,0,user_21,57,57,
1091,42,300000,0,user_24,57,57,
1089,43,170000,11200,user_22,57,57,
1102,44,170000,0,user_31,57,57,
1095,45,160000,0,user_27,57,57,
1110,46,160000,0,user_42,57,57,
1094,47,150000,139000,user_27,57,57,
1098,48,150000,0,user_29,57,57,
1100,49,150000,0,user_30,57,57,
1084,50,130000,10700,user_18,57,57,
1085,51,120000,0,user_18,57,57,
1101,52,110000,0,user_31,57,57,
1108,53,110000,0,user_41,57,57,
1113,54,110000,30200,user_43,57,57,
1116,55,110000,0,user_46,57,57,
1082,56,85000,30200,user_16,57,57,
1114,57,80000,0,user_44,57,57,
1111,58,73000,0,user_42,57,57,
1163,0,4500000,959000,user_47,58,58,
1151,1,3500000,12300,user_34,58,58,
1123,2,2400000,0,user_3,58,58,
1153,3,1800000,0,user_36,58,58,
1155,4,1600000,0,user_38,58,58,
1160,5,1600000,0,user_45,58,58,
1139,6,1200000,0,user_20,58,58,
1141,7,1000000,0,user_23,58,58,
1136,8,910000,0,user_17,58,58,
1147,9,870000,0,user_30,58,58,
1143,10,660000,296000,user_26,58,58,
1154,11,630000,0,user_37,58,58,
1142,12,600000,0,user_25,58,58,
1164,13,600000,0,user_48,58,58,
1128,14,530001,0,user_10,58,58,1124
1130,15,530001,0,user_13,58,58,1124
1132,16,530001,0,user_14,58,58,1124
1133,17,530001,0,user_14,58,58,1124
1124,18,530000,594000,user_3,58,58,
1125,19,529999,0,user_5,58,58,1124
1126,20,529999,0,user_6,58,58,1124
1129,21,529999,0,user_12,58,58,1124
1131,22,529999,0,user_14,58,58,1124
1134,23,529999,0,user_15,58,58,1124
1135,24,460000,0,user_16,58,58,
1158,25,460000,0,user_43,58,58,
1162,26,420000,14200,user_46,58,58,
1159,27,360000,296000,user_44,58,58,
1150,28,350000,0,user_34,58,58,
1161,29,320000,0,user_46,58,58,
1146,30,310000,0,user_30,58,58,
1140,31,220000,0,user_22,58,58,
1122,32,170000,0,user_2,58,58,
1165,33,160000,0,user_48,58,58,
1137,34,150000,0,user_18,58,58,
1149,35,150000,0,user_31,58,58,
1157,36,150000,0,user_42,58,58,
1166,37,150000,11200,user_49,58,58,
1138,38,120000,0,user_19,58,58,
1148,39,120000,0,user_31,58,58,
1144,40,84000,73100,user_27,58,58,
1145,41,73000,0,user_28,58,58,
1220,0,30000000,0,user_45,59,59,
1227,1,27000000,49100,user_49,59,59,
1225,2,5200000,0,user_47,59,59,
1216,3,5000000,0,user_41,59,59,
1196,4,4500000,0,user_31,59,59,
1212,5,4500000,33300,user_39,59,59,
1198,6,2600000,17700000,user_32,59,59,
1202,7,2100000,283000,user_35,59,59,
1205,8,2000000,0,user_38,59,59,
1192,9,1900000,0,user_24,59,59,
1215,10,1900000,31700,user_40,59,59,
1190,11,1800000,84800,user_23,59,59,
1186,12,1600000,0,user_19,59,59,
1206,13,1500000,0,user_38,59,59,
1221,14,1400000,350000,user_46,59,59,
1224,15,1100000,0,user_47,59,59,
1201,16,1000000,0,user_34,59,59,
1168,17,870000,0,user_0,59,59,
1191,18,600000,0,user_24,59,59,
1210,19,600000,0,user_39,59,59,
1174,20,460001,0,user_4,59,59,1172
1179,21,460001,0,user_9,59,59,1172
1181,22,460001,0,user_10,59,59,1172
1182,23,460001,0,user_14,59,59,1172
1172,24,460000,12800,user_4,59,59,
1207,25,460000,0,user_38,59,59,
1173,26,459999,0,user_4,59,59,1172
1177,27,459999,0,user_7,59,59,1172
1178,28,459999,0,user_8,59,59,1172
1180,29,459999,0,user_10,59,59,1172
1183,30,459999,0,user_15,59,59,1172
1185,31,420000,21800,user_18,59,59,
1200,32,420000,0,user_34,59,59,
1167,33,370000,0,user_0,59,59,
1169,34,320000,0,user_1,59,59,
1223,35,300000,0,user_46,59,59,
1211,36,260000,0,user_39,59,59,
1189,37,220000,0,user_22,59,59,
1199,38,220000,0,user_33,59,59,
1170,39,190000,0,user_4,59,59,
1171,40,170000,0,user_4,59,59,
1222,41,170000,0,user_46,59,59,
1188,42,150000,0,user_20,59,59,
1219,43,150000,67900,user_45,59,59,
1197,44,120000,14200,user_32,59,59,
1195,45,110000,0,user_30,59,59,
1187,46,98000,43600,user_19,59,59,
1213,47,83000,64600,user_39,59,59,
1214,48,83000,0,user_39,59,59,
1194,49,82000,0,user_29,59,59,
1208,50,82000,195000,user_38,59,59,
1209,51,70000,0,user_38,59,59,
1253,0,5000000,0,user_32,60,60,
1241,1,2300000,0,user_21,60,60,
1250,2,2100000,0,user_27,60,60,
1248,3,2000000,0,user_24,60,60,
1252,4,2000000,0,user_32,60,60,
1258,5,2000000,0,user_36,60,60,
1243,6,1900000,0,user_23,60,60,
1254,7,1800000,13900,user_33,60,60,
1271,8,1800000,0,user_49,60,60,
1266,9,1500000,0,user_43,60,60,
1237,10,1400000,56200,user_16,60,60,
1244,11,1400000,1100000,user_24,60,60,
1232,12,1000001,0,user_7,60,60,1228
1234,13,1000001,0,user_9,60,60,1228
1235,14,1000001,0,user_10,60,60,1228
1228,15,1000000,17000,user_1,60,60,
1229,16,999999,0,user_1,60,60,1228
1230,17,999999,0,user_2,60,60,1228
1233,18,999999,0,user_8,60,60,1228
1236,19,999999,0,user_13,60,60,1228
1269,20,670000,0,user_48,60,60,
1263,21,530000,0,user_43,60,60,
1247,22,460000,0,user_24,60,60,
1255,23,310000,0,user_34,60,60,
1257,24,240000,0,user_35,60,60,
1259,25,240000,0,user_38,60,60,
1261,26,240000,5640,user_40,60,60,
1242,27,190000,0,user_22,60,60,
1238,28,170000,0,user_18,60,60,
1267,29,170000,0,user_44,60,60,
1245,30,150000,0,user_24,60,60,
1265,31,150000,0,user_43,60,60,
1260,32,130000,33100,user_38,60,60,
1246,33,120000,0,user_24,60,60,
1251,34,110000,0,user_30,60,60,
1256,35,87000,47700,user_35,60,60,
1268,36,85000,7840,user_45,60,60,
1240,37,73000,0,user_20,60,60,
1264,38,73000,11200,user_43,60,60,
1270,39,73000,12300,user_49,60,60,
1274,0,43000000,0,user_2,61,61,
1293,1,43000000,0,user_21,61,61,
1300,2,19000000,17000,user_31,61,61,
1312,3,6300000,0,user_42,61,61,
1297,4,6100000,0,user_25,61,61,
1299,5,6100000,0,user_29,61,61,
1296,6,5000000,0,user_24,61,61,
1298,7,5000000,0,user_27,61,61,
1315,8,3200000,0,user_47,61,61,
1284,9,2000000,0,user_13,61,61,
1287,10,2000000,0,user_17,61,61,
1289,11,1700000,0,user_19,61,61,
1281,12,1600000,0,user_11,61,61,
1273,13,1400000,0,user_1,61,61,
1290,14,1400000,0,user_19,61,61,
1272,15,1000000,0,user_0,61,61,
1278,16,1000000,0,user_6,61,61,
1302,17,1000000,0,user_33,61,61,
1291,18,650000,0,user_20,61,61,
1283,19,460000,0,user_12,61,61,
1286,20,460000,0,user_16,61,61,
1285,21,340000,0,user_14,61,61,
1294,22,310000,0,user_22,61,61,
1288,23,260000,0,user_17,61,61,
1305,24,240000,0,user_38,61,61,
1275,25,220000,0,user_3,61,61,
1276,26,220000,0,user_3,61,61,
1292,27,170000,0,user_21,61,61,
1306,28,170000,256000,user_38,61,61,
1277,29,160000,0,user_4,61,61,
1307,30,160000,0,user_39,61,61,
1316,31,150000,0,user_48,61,61,
1295,32,130000,0,user_23,61,61,
1304,33,120000,0,user_37,61,61,
1308,34,120000,0,user_39,61,61,
1301,35,98000,0,user_33,61,61,
1311,36,84000,155000,user_41,61,61,
1282,37,83000,0,user_12,61,61,
1313,38,83000,0,user_45,61,61,
1314,39,77000,0,user_46,61,61,
1348,0,43000000,0,user_31,62,62,
1352,1,19000000,5640,user_33,62,62,
1335,2,6100000,18600,user_18,62,62,
1337,3,5000000,5630,user_20,62,62,
1363,4,3500000,0,user_49,62,62,
1359,5,3200000,0,user_43,62,62,
1342,6,2100000,322000,user_23,62,62,
1320,7,1700000,0,user_3,62,62,
1349,8,1000000,0,user_32,62,62,
1329,9,970001,0,user_11,62,62,1321
1330,10,970001,0,user_12,62,62,1321
1331,11,970001,0,user_13,62,62,1321
1333,12,970001,0,user_15,62,62,1321
1321,13,970000,322000,user_4,62,62,
1338,14,970000,0,user_21,62,62,
1360,15,970000,0,user_44,62,62,
1322,16,969999,0,user_4,62,62,1321
1323,17,969999,0,user_5,62,62,1321
1324,18,969999,0,user_6,62,62,1321
1325,19,969999,0,user_7,62,62,1321
1328,20,969999,0,user_10,62,62,1321
1332,21,969999,0,user_14,62,62,1321
1339,22,650000,64600,user_21,62,62,
1361,23,630000,0,user_47,62,62,
1353,24,470000,0,user_33,62,62,
1347,25,420000,0,user_30,62,62,
1362,26,420000,0,user_48,62,62,
1354,27,350000,0,user_38,62,62,
1358,28,310000,0,user_43,62,62,
1319,29,260000,0,user_1,62,62,
1341,30,220000,0,user_22,62,62,
1318,31,160000,0,user_0,62,62,
1346,32,160000,0,user_30,62,62,
1351,33,150000,322000,user_33,62,62,
1317,34,120000,0,user_0,62,62,
1336,35,120000,0,user_19,62,62,
1357,36,120000,0,user_42,62,62,
1343,37,110000,0,user_25,62,62,
1345,38,110000,369000,user_27,62,62,
1356,39,110000,0,user_41,62,62,
1334,40,84000,34700,user_17,62,62,
1340,41,83000,0,user_22,62,62,
1350,42,82000,0,user_33,62,62,
1344,43,70000,0,user_26,62,62,
1387,0,30000000,0,user_20,63,63,
1397,1,27000000,283000,user_34,63,63,
1394,2,6100000,0,user_29,63,63,
1416,3,6100000,24700,user_48,63,63,
1380,4,5200000,0,user_17,63,63,
1400,5,4200000,0,user_34,63,63,
1383,6,3600000,0,user_19,63,63,
1398,7,3600000,0,user_34,63,63,
1384,8,2000000,0,user_19,63,63,
1404,9,1900000,0,user_37,63,63,
1411,10,1600000,594000,user_44,63,63,
1418,11,1600000,0,user_49,63,63,
1382,12,1500000,0,user_18,63,63,
1417,13,1500000,0,user_49,63,63,
1366,14,1400000,0,user_2,63,63,
1405,15,1300000,0,user_39,63,63,
1389,16,1000000,0,user_24,63,63,
1396,17,1000000,0,user_33,63,63,
1370,18,650001,0,user_10,63,63,1367
1371,19,650001,0,user_10,63,63,1367
1374,20,650001,0,user_11,63,63,1367
1377,21,650001,0,user_14,63,63,1367
1367,22,650000,256000,user_6,63,63,
1388,23,650000,0,user_23,63,63,
1372,24,649999,0,user_11,63,63,1367
1373,25,649999,0,user_11,63,63,1367
1375,26,649999,0,user_12,63,63,1367
1376,27,649999,0,user_13,63,63,1367
1378,28,649999,0,user_14,63,63,1367
1379,29,649999,0,user_15,63,63,1367
1412,30,530000,0,user_45,63,63,
1381,31,460000,67900,user_17,63,63,
1393,32,420000,0,user_27,63,63,
1399,33,360000,0,user_34,63,63,
1364,34,340000,0,user_1,63,63,
1403,35,340000,0,user_37,63,63,
1386,36,260000,0,user_19,63,63,
1395,37,260000,0,user_31,63,63,
1365,38,220000,0,user_2,63,63,
1409,39,190000,0,user_42,63,63,
1413,40,190000,0,user_46,63,63,
1407,41,160000,0,user_41,63,63,
1415,42,160000,0,user_47,63,63,
1401,43,150000,19700,user_34,63,63,
1390,44,120000,0,user_27,63,63,
1408,45,120000,0,user_42,63,63,
1391,46,110000,0,user_27,63,63,
1402,47,110000,0,user_36,63,63,
1392,48,100000,0,user_27,63,63,
1410,49,84000,0,user_44,63,63,
1414,50,79000,0,user_46,63,63,
1385,51,77000,0,user_19,63,63,
1446,0,19000000,0,user_29,64,64,
1440,1,6100000,0,user_18,64,64,
1451,2,5000000,256000,user_34,64,64,
1464,3,5000000,21800,user_44,64,64,
1468,4,4200000,35100,user_47,64,64,
1453,5,2600000,56200,user_37,64,64,
1455,6,2600000,0,user_39,64,64,
1466,7,2600000,0,user_47,64,64,
1444,8,2400000,8520,user_24,64,64,
1462,9,1900000,0,user_42,64,64,
1439,10,1500000,0,user_17,64,64,
1457,11,1300000,594000,user_41,64,64,
1424,12,1100001,0,user_3,64,64,1420
1426,13,1100001,0,user_4,64,64,1420
1427,14,1100001,0,user_4,64,64,1420
1430,15,1100001,0,user_5,64,64,1420
1432,16,1100001,0,user_7,64,64,1420
1433,17,1100001,0,user_10,64,64,1420
1434,18,1100001,0,user_11,64,64,1420
1435,19,1100001,0,user_12,64,64,1420
1420,20,1100000,49100,user_0,64,64,
1421,21,1099999,0,user_0,64,64,1420
1422,22,1099999,0,user_1,64,64,1420
1423,23,1099999,0,user_2,64,64,1420
1425,24,1099999,0,user_3,64,64,1420
1428,25,1099999,0,user_4,64,64,1420
1429,26,1099999,0,user_4,64,64,1420
1431,27,1099999,0,user_6,64,64,1420
1436,28,1099999,0,user_15,64,64,1420
1437,29,1099999,0,user_15,64,64,1420
1463,30,1000000,0,user_43,64,64,
1443,31,970000,0,user_24,64,64,
1460,32,910000,0,user_42,64,64,
1419,33,870000,0,user_0,64,64,
1449,34,870000,0,user_31,64,64,
1438,35,420000,0,user_16,64,64,
1454,36,420000,0,user_37,64,64,
1447,37,150000,0,user_30,64,64,
1445,38,130000,100000,user_27,64,64,
1441,39,120000,8520,user_20,64,64,
1461,40,120000,0,user_42,64,64,
1459,41,110000,0,user_42,64,64,
1467,42,110000,15100,user_47,64,64,
1448,43,87000,0,user_30,64,64,
1450,44,87000,350000,user_32,64,64,
1465,45,87000,0,user_47,64,64,
1458,46,82000,16400,user_42,64,64,
1442,47,73000,0,user_23,64,64,
1469,48,73000,0,user_48,64,64,
1523,0,30000000,0,user_42,65,65,
1496,1,6100000,0,user_16,65,65,
1529,2,5000000,0,user_47,65,65,
1531,3,5000000,0,user_49,65,65,
1497,4,4500000,0,user_17,65,65,
1528,5,3600000,0,user_46,65,65,
1522,6,2500000,0,user_40,65,65,
1525,7,2400000,0,user_44,65,65,
1507,8,1900000,0,user_24,65,65,
1511,9,1600000,0,user_28,65,65,
1499,10,1400000,0,user_19,65,65,
1501,11,1400000,0,user_21,65,65,
1516,12,1300000,510000,user_34,65,65,
1475,13,1200001,0,user_4,65,65,1473
1476,14,1200001,0,user_5,65,65,1473
1477,15,1200001,0,user_6,65,65,1473
1478,16,1200001,0,user_6,65,65,1473
1481,17,1200001,0,user_7,65,65,1473
1484,18,1200001,0,user_8,65,65,1473
1485,19,1200001,0,user_9,65,65,1473
1488,20,1200001,0,user_11,65,65,1473
1489,21,1200001,0,user_12,65,65,1473
1490,22,1200001,0,user_12,65,65,1473
1473,23,1200000,13900,user_2,65,65,
1474,24,1199999,0,user_4,65,65,1473
1479,25,1199999,0,user_7,65,65,1473
1480,26,1199999,0,user_7,65,65,1473
1482,27,1199999,0,user_7,65,65,1473
1483,28,1199999,0,user_7,65,65,1473
1491,29,1199999,0,user_13,65,65,1473
1493,30,1199999,0,user_15,65,65,1473
1515,31,1100000,35100,user_32,65,65,
1503,32,1000000,75000,user_22,65,65,
1506,33,910000,0,user_24,65,65,
1517,34,670000,0,user_35,65,65,
1519,35,670000,0,user_37,65,65,
1510,36,530000,0,user_28,65,65,
1494,37,470000,0,user_16,65,65,
1518,38,470000,0,user_35,65,65,
1502,39,350000,215000,user_22,65,65,
1505,40,300000,0,user_23,65,65,
1520,41,300000,13900,user_38,65,65,
1471,42,260000,0,user_1,65,65,
1498,43,220000,0,user_18,65,65,
1504,44,170000,0,user_23,65,65,
1527,45,170000,0,user_46,65,65,
1526,46,160000,0,user_45,65,65,
1524,47,150000,4320000,user_43,65,65,
1472,48,120000,0,user_1,65,65,
1495,49,79000,0,user_16,65,65,
1508,50,79000,35600,user_24,65,65,
1500,51,77000,0,user_19,65,65,
1514,52,73000,0,user_32,65,65,
1563,0,30000000,12800,user_45,66,66,
1548,1,27000000,0,user_26,66,66,
1549,2,6300000,0,user_27,66,66,
1536,3,4200001,0,user_6,66,66,1535
1540,4,4200001,0,user_14,66,66,1535
1535,5,4200000,10700,user_5,66,66,
1537,6,4199999,0,user_10,66,66,1535
1538,7,4199999,0,user_13,66,66,1535
1539,8,4199999,0,user_13,66,66,1535
1541,9,4199999,0,user_15,66,66,1535
1554,10,3600000,296000,user_32,66,66,
1560,11,2600000,7190000,user_42,66,66,
1570,12,1800000,0,user_48,66,66,
1567,13,1700000,121000,user_45,66,66,
1569,14,1500000,0,user_46,66,66,
1568,15,1100000,0,user_46,66,66,
1571,16,1000000,0,user_48,66,66,
1573,17,670000,0,user_48,66,66,
1574,18,670000,0,user_49,66,66,
1545,19,530000,0,user_25,66,66,
1550,20,530000,0,user_28,66,66,
1564,21,370000,0,user_45,66,66,
1562,22,360000,0,user_43,66,66,
1556,23,340000,0,user_36,66,66,
1558,24,340000,0,user_38,66,66,
1534,25,310000,0,user_2,66,66,
1552,26,300000,0,user_29,66,66,
1572,27,170000,67500,user_48,66,66,
1551,28,160000,0,user_29,66,66,
1566,29,160000,67900,user_45,66,66,
1532,30,150000,0,user_0,66,66,
1555,31,150000,32900,user_34,66,66,
1557,32,150000,0,user_38,66,66,
1547,33,130000,0,user_26,66,66,
1559,34,130000,161000,user_39,66,66,
1533,35,120000,0,user_2,66,66,
1544,36,120000,0,user_21,66,66,
1553,37,120000,0,user_31,66,66,
1565,38,110000,10700,user_45,66,66,
1543,39,87000,0,user_19,66,66,
1542,40,85000,0,user_17,66,66,
1561,41,83000,779000,user_42,66,66,
1546,42,82000,0,user_25,66,66,
1618,0,27000000,0,user_40,67,67,
1607,1,19000000,0,user_31,67,67,
1609,2,5200000,0,user_31,67,67,
1619,3,4500000,0,user_41,67,67,
1620,4,3600000,0,user_42,67,67,
1615,5,3200000,0,user_37,67,67,
1608,6,2500000,23500,user_31,67,67,
1621,7,2300000,0,user_43,67,67,
1595,8,2100000,0,user_20,67,67,
1590,9,1700000,7190000,user_16,67,67,
1630,10,1700000,0,user_48,67,67,
1614,11,1600000,0,user_37,67,67,
1597,12,1500000,12300,user_22,67,67,
1624,13,1500000,256000,user_45,67,67,
1577,14,1400000,0,user_2,67,67,
1575,15,1100000,0,user_1,67,67,
1591,16,1000000,0,user_17,67,67,
1603,17,970000,0,user_27,67,67,
1610,18,870000,0,user_31,67,67,
1589,19,670000,256000,user_16,67,67,
1623,20,630000,161000,user_45,67,67,
1588,21,600000,0,user_16,67,67,
1592,22,420000,0,user_17,67,67,
1617,23,320000,0,user_40,67,67,
1605,24,310000,0,user_30,67,67,
1622,25,310000,0,user_44,67,67,
1625,26,260000,0,user_46,67,67,
1593,27,240000,296000,user_18,67,67,
1604,28,240000,0,user_29,67,67,
1586,29,220000,0,user_16,67,67,
1616,30,190000,19700,user_37,67,67,
1576,31,150000,0,user_2,67,67,
1606,32,150000,64600,user_31,67,67,
1581,33,120001,0,user_9,67,67,1578
1578,34,120000,181000,user_3,67,67,
1587,35,120000,0,user_16,67,67,
1611,36,120000,0,user_32,67,67,
1579,37,119999,0,user_5,67,67,1578
1582,38,119999,0,user_10,67,67,1578
1585,39,119999,0,user_14,67,67,1578
1613,40,98000,0,user_37,67,67,
1612,41,83000,0,user_35,67,67,
1602,42,77000,0,user_27,67,67,
1596,43,70000,0,user_21,67,67,
1660,0,30000000,0,user_20,68,68,
1676,1,5200000,0,user_38,68,68,
1662,2,4500000,0,user_22,68,68,
1677,3,4200000,68100,user_40,68,68,
1655,4,3600000,0,user_19,68,68,
1674,5,3600000,0,user_38,68,68,
1666,6,3500000,8520,user_28,68,68,
1686,7,2500000,0,user_49,68,68,
1667,8,2400000,510000,user_31,68,68,
1680,9,2300000,779000,user_41,68,68,
1661,10,2100000,0,user_20,68,68,
1652,11,1700000,0,user_17,68,68,
1658,12,1400000,0,user_19,68,68,
1673,13,1000000,0,user_38,68,68,
1650,14,870000,0,user_16,68,68,
1657,15,670000,0,user_19,68,68,
1653,16,650000,47700,user_18,68,68,
1681,17,600000,49100,user_42,68,68,
1685,18,460000,0,user_49,68,68,
1654,19,360000,0,user_18,68,68,
1679,20,350000,0,user_41,68,68,
1670,21,340000,0,user_35,68,68,
1672,22,310000,0,user_38,68,68,
1688,23,220000,0,user_49,68,68,
1689,24,190000,21800,user_49,68,68,
1663,25,130000,0,user_25,68,68,
1659,26,120000,0,user_19,68,68,
1664,27,120000,0,user_26,68,68,
1668,28,120000,0,user_33,68,68,
1671,29,120000,0,user_37,68,68,
1682,30,120000,0,user_43,68,68,
1687,31,120000,5180,user_49,68,68,
1656,32,110000,0,user_19,68,68,
1678,33,82000,0,user_40,68,68,
1636,34,77001,0,user_4,68,68,1634
1640,35,77001,0,user_6,68,68,1634
1641,36,77001,0,user_7,68,68,1634
1649,37,77001,0,user_15,68,68,1634
1634,38,77000,12800,user_2,68,68,
1635,39,76999,0,user_2,68,68,1634
1637,40,76999,0,user_4,68,68,1634
1638,41,76999,0,user_5,68,68,1634
1639,42,76999,0,user_5,68,68,1634
1642,43,76999,0,user_8,68,68,1634
1643,44,76999,0,user_9,68,68,1634
1644,45,76999,0,user_10,68,68,1634
1645,46,76999,0,user_11,68,68,1634
1646,47,76999,0,user_11,68,68,1634
1647,48,76999,0,user_12,68,68,1634
1648,49,76999,0,user_15,68,68,1634
1651,50,73000,0,user_17,68,68,
1675,51,73000,0,user_38,68,68,
1720,0,43000000,0,user_33,69,69,
1731,1,30000000,0,user_43,69,69,
1736,2,27000000,0,user_48,69,69,
1737,3,27000000,0,user_49,69,69,
1719,4,5000000,0,user_32,69,69,
1729,5,3500000,0,user_42,69,69,
1723,6,2400000,322000,user_36,69,69,
1710,7,2000000,0,user_22,69,69,
1711,8,2000000,36800,user_23,69,69,
1708,9,1500000,0,user_20,69,69,
1691,10,1100000,0,user_2,69,69,
1717,11,1000000,0,user_30,69,69,
1693,12,970001,0,user_3,69,69,1692
1699,13,970001,0,user_10,69,69,1692
1701,14,970001,0,user_14,69,69,1692
1702,15,970001,0,user_15,69,69,1692
1703,16,970001,0,user_15,69,69,1692
1692,17,970000,369000,user_3,69,69,
1694,18,969999,0,user_5,69,69,1692
1695,19,969999,0,user_6,69,69,1692
1696,20,969999,0,user_7,69,69,1692
1700,21,969999,0,user_12,69,69,1692
1706,22,660000,0,user_19,69,69,
1733,23,660000,0,user_45,69,69,
1716,24,630000,0,user_29,69,69,
1724,25,460000,215000,user_37,69,69,
1715,26,420000,0,user_29,69,69,
1713,27,370000,0,user_23,69,69,
1704,28,310000,4320000,user_18,69,69,
1690,29,220000,0,user_1,69,69,
1721,30,220000,100000,user_34,69,69,
1735,31,170000,0,user_48,69,69,
1707,32,160000,0,user_20,69,69,
1705,33,150000,0,user_18,69,69,
1718,34,150000,0,user_31,69,69,
1730,35,150000,0,user_43,69,69,
1732,36,150000,4320000,user_44,69,69,
1734,37,150000,3130,user_47,69,69,
1725,38,120000,39400,user_38,69,69,
1714,39,110000,0,user_24,69,69,
1709,40,84000,0,user_21,69,69,
1712,41,79000,0,user_23,69,69,
1727,42,73000,0,user_41,69,69,
1728,43,70000,0,user_41,69,69,
1754,0,43000000,0,user_22,70,70,
1742,1,30000001,0,user_8,70,70,1741
1743,2,30000001,0,user_9,70,70,1741
1746,3,30000001,0,user_14,70,70,1741
1741,4,30000000,34700,user_7,70,70,
1744,5,29999999,0,user_11,70,70,1741
1745,6,29999999,0,user_13,70,70,1741
1747,7,29999999,0,user_15,70,70,1741
1775,8,4200000,0,user_44,70,70,
1740,9,2000000,0,user_4,70,70,
1763,10,2000000,34700,user_31,70,70,
1774,11,2000000,0,user_42,70,70,
1780,12,2000000,0,user_46,70,70,
1761,13,1800000,0,user_28,70,70,
1766,14,1800000,0,user_36,70,70,
1767,15,1800000,0,user_36,70,70,
1778,16,1600000,0,user_45,70,70,
1769,17,1500000,296000,user_37,70,70,
1779,18,1100000,0,user_46,70,70,
1755,19,1000000,0,user_23,70,70,
1757,20,970000,181000,user_24,70,70,
1771,21,970000,0,user_39,70,70,
1760,22,650000,0,user_26,70,70,
1765,23,600000,18600,user_34,70,70,
1759,24,260000,0,user_25,70,70,
1772,25,260000,0,user_40,70,70,
1749,26,240000,164000,user_17,70,70,
1776,27,220000,0,user_44,70,70,
1777,28,170000,4320000,user_45,70,70,
1751,29,120000,0,user_20,70,70,
1758,30,120000,0,user_25,70,70,
1768,31,120000,0,user_37,70,70,
1773,32,120000,0,user_40,70,70,
1781,33,110000,0,user_46,70,70,
1782,34,110000,0,user_46,70,70,
1748,35,98000,0,user_16,70,70,
1770,36,98000,128000,user_38,70,70,
1750,37,79000,0,user_17,70,70,
1756,38,79000,13900,user_24,70,70,
1807,0,6100000,0,user_16,71,71,
1814,1,6100000,0,user_22,71,71,
1826,2,6100000,0,user_44,71,71,
1829,3,5000000,0,user_49,71,71,
1823,4,4500000,0,user_32,71,71,
1785,5,4200000,0,user_0,71,71,
1830,6,4200000,0,user_49,71,71,
1809,7,3600000,0,user_17,71,71,
1812,8,3200000,0,user_21,71,71,
1817,9,2400000,0,user_24,71,71,
1824,10,1400000,283000,user_38,71,71,
1818,11,1000000,0,user_25,71,71,
1819,12,1000000,0,user_27,71,71,
1808,13,670000,42000,user_17,71,71,
1822,14,460000,0,user_32,71,71,
1810,15,320000,0,user_19,71,71,
1789,16,310001,0,user_3,71,71,1787
1792,17,310001,0,user_3,71,71,1787
1797,18,310001,0,user_10,71,71,1787
1798,19,310001,0,user_11,71,71,1787
1804,20,310001,0,user_12,71,71,1787
1787,21,310000,35600,user_1,71,71,
1811,22,310000,8520,user_20,71,71,
1788,23,309999,0,user_2,71,71,1787
1790,24,309999,0,user_3,71,71,1787
1791,25,309999,0,user_3,71,71,1787
1793,26,309999,0,user_4,71,71,1787
1794,27,309999,0,user_5,71,71,1787
1795,28,309999,0,user_6,71,71,1787
1799,29,309999,0,user_11,71,71,1787
1800,30,309999,0,user_11,71,71,1787
1801,31,309999,0,user_11,71,71,1787
1802,32,309999,0,user_11,71,71,1787
1803,33,309999,0,user_12,71,71,1787
1805,34,309999,0,user_13,71,71,1787
1806,35,309999,0,user_14,71,71,1787
1827,36,260000,0,user_47,71,71,
1815,37,170000,0,user_22,71,71,
1820,38,170000,0,user_28,71,71,
1831,39,160000,0,user_49,71,71,
1786,40,110000,0,user_1,71,71,
1813,41,110000,161000,user_22,71,71,
1821,42,110000,0,user_30,71,71,
1828,43,110000,381000,user_49,71,71,
1816,44,85000,0,user_23,71,71,
1825,45,79000,10700,user_42,71,71,
41,0,19000000,0,user_40,72,72,
47,1,19000000,0,user_46,72,72,
33,2,6100000,0,user_31,72,72,
49,3,6100000,0,user_48,72,72,
25,4,5200000,0,user_23,72,72,
4,5,5000000,0,user_4,72,72,
20,6,5000000,0,user_18,72,72,
0,7,3200000,0,user_0,72,72,
1,8,2100000,0,user_1,72,72,
18,9,1700000,0,user_16,72,72,
43,10,1700000,0,user_43,72,72,
23,11,1500000,283000,user_22,72,72,
34,12,1500000,0,user_31,72,72,
46,13,530000,0,user_43,72,72,
45,14,460000,0,user_43,72,72,
48,15,420000,0,user_47,72,72,
21,16,340000,5630,user_19,72,72,
22,17,340000,0,user_21,72,72,
44,18,340000,0,user_43,72,72,
30,19,300000,0,user_27,72,72,
40,20,300000,19700,user_40,72,72,
31,21,260000,0,user_28,72,72,
50,22,220000,0,user_48,72,72,
29,23,170000,0,user_26,72,72,
5,24,160000,0,user_5,72,72,
24,25,160000,0,user_23,72,72,
32,26,150000,43600,user_29,72,72,
3,27,120000,0,user_4,72,72,
36,28,120000,0,user_34,72,72,
2,29,110000,0,user_3,72,72,
37,30,110000,108000,user_37,72,72,
39,31,110000,0,user_39,72,72,
51,32,100000,84800,user_49,72,72,
26,33,79000,0,user_24,72,72,
35,34,79000,0,user_33,72,72,
10,35,70001,0,user_7,72,72,6
16,36,70001,0,user_14,72,72,6
17,37,70001,0,user_15,72,72,6
6,38,70000,3130,user_6,72,72,
7,39,69999,0,user_7,72,72,6
8,40,69999,0,user_7,72,72,6
9,41,69999,0,user_7,72,72,6
11,42,69999,0,user_7,72,72,6
13,43,69999,0,user_11,72,72,6
75,0,43000000,256000,user_23,73,73,
76,1,5000000,0,user_25,73,73,
87,2,4200000,0,user_38,73,73,
80,3,3500000,0,user_27,73,73,
100,4,3200000,0,user_49,73,73,
72,5,2600000,0,user_19,73,73,
98,6,2500000,0,user_48,73,73,
95,7,2300000,14200,user_48,73,73,
68,8,2000000,0,user_17,73,73,
81,9,2000000,0,user_29,73,73,
85,10,2000000,0,user_34,73,73,
88,11,2000000,0,user_41,73,73,
79,12,1900000,0,user_27,73,73,
92,13,1800000,0,user_44,73,73,
70,14,1500000,17000,user_19,73,73,
96,15,1500000,0,user_48,73,73,
89,16,1100000,256000,user_42,73,73,
99,17,670000,71800,user_49,73,73,
93,18,630000,0,user_45,73,73,
74,19,420000,12800,user_21,73,73,
91,20,350000,0,user_44,73,73,
78,21,190000,12800,user_26,73,73,
101,22,190000,0,user_49,73,73,
71,23,170000,0,user_19,73,73,
82,24,170000,11200,user_29,73,73,
83,25,170000,0,user_30,73,73,
84,26,120000,0,user_31,73,73,
90,27,120000,0,user_43,73,73,
67,28,110000,0,user_16,73,73,
94,29,84000,0,user_46,73,73,
73,30,83000,34700,user_19,73,73,
77,31,83000,21800,user_25,73,73,
53,32,80001,0,user_1,73,73,52
54,33,80001,0,user_2,73,73,52
55,34,80001,0,user_3,73,73,52
58,35,80001,0,user_7,73,73,52
62,36,80001,0,user_10,73,73,52
64,37,80001,0,user_11,73,73,52
66,38,80001,0,user_15,73,73,52
52,39,80000,11200,user_1,73,73,
56,40,79999,0,user_4,73,73,52
57,41,79999,0,user_6,73,73,52
63,42,79999,0,user_10,73,73,52
65,43,79999,0,user_13,73,73,52
97,44,79000,0,user_48,73,73,
69,45,70000,0,user_19,73,73,
116,0,30000000,0,user_16,74,74,
121,1,30000000,146000,user_25,74,74,
105,2,5000000,0,user_4,74,74,
133,3,2400000,13900,user_39,74,74,
118,4,2300000,0,user_18,74,74,
103,5,2000000,0,user_2,74,74,
117,6,2000000,146000,user_17,74,74,
134,7,2000000,75000,user_39,74,74,
124,8,1100000,10700,user_29,74,74,
135,9,1100000,0,user_41,74,74,
136,10,1000000,0,user_43,74,74,
139,11,1000000,0,user_46,74,74,
102,12,970000,0,user_0,74,74,
119,13,650000,3130,user_24,74,74,
125,14,600000,0,user_30,74,74,
138,15,600000,0,user_45,74,74,
131,16,460000,5640,user_37,74,74,
107,17,420001,0,user_4,74,74,106
108,18,420001,0,user_5,74,74,106
111,19,420001,0,user_10,74,74,106
112,20,420001,0,user_11,74,74,106
115,21,420001,0,user_15,74,74,106
106,22,420000,24700,user_4,74,74,
137,23,420000,0,user_44,74,74,
142,24,420000,0,user_49,74,74,
109,25,419999,0,user_5,74,74,106
110,26,419999,0,user_6,74,74,106
113,27,419999,0,user_12,74,74,106
114,28,419999,0,user_13,74,74,106
120,29,340000,0,user_25,74,74,
127,30,220000,0,user_32,74,74,
141,31,160000,0,user_48,74,74,
123,32,150000,0,user_27,74,74,
132,33,150000,0,user_37,74,74,
104,34,110000,0,user_3,74,74,
126,35,110000,0,user_32,74,74,
128,36,110000,0,user_33,74,74,
129,37,110000,73100,user_34,74,74,
122,38,77000,7840,user_26,74,74,
140,39,77000,0,user_47,74,74,
161,0,43000000,0,user_17,75,75,
145,1,30000001,0,user_5,75,75,143
147,2,30000001,0,user_7,75,75,143
149,3,30000001,0,user_10,75,75,143
152,4,30000001,0,user_12,75,75,143
153,5,30000001,0,user_14,75,75,143
143,6,30000000,84800,user_0,75,75,
184,7,30000000,0,user_43,75,75,
144,8,29999999,0,user_2,75,75,143
146,9,29999999,0,user_6,75,75,143
150,10,29999999,0,user_11,75,75,143
151,11,29999999,0,user_11,75,75,143
154,12,29999999,0,user_15,75,75,143
160,13,6100000,0,user_17,75,75,
166,14,4500000,0,user_22,75,75,
155,15,2000000,0,user_16,75,75,
157,16,2000000,0,user_16,75,75,
168,17,2000000,0,user_22,75,75,
185,18,1800000,5180,user_44,75,75,
192,19,1500000,0,user_49,75,75,
183,20,1400000,0,user_42,75,75,
187,21,1400000,0,user_46,75,75,
190,22,1100000,0,user_48,75,75,
193,23,1100000,0,user_49,75,75,
169,24,1000000,0,user_23,75,75,
175,25,1000000,0,user_32,75,75,
174,26,970000,0,user_30,75,75,
191,27,910000,13800,user_48,75,75,
164,28,870000,0,user_22,75,75,
173,29,870000,0,user_30,75,75,
178,30,670000,0,user_36,75,75,
186,31,660000,0,user_45,75,75,
188,32,650000,0,user_46,75,75,
159,33,460000,0,user_16,75,75,
182,34,370000,0,user_41,75,75,
195,35,360000,75000,user_49,75,75,
179,36,340000,0,user_36,75,75,
180,37,310000,0,user_38,75,75,
163,38,300000,0,user_19,75,75,
167,39,260000,0,user_22,75,75,
156,40,220000,0,user_16,75,75,
189,41,220000,0,user_47,75,75,
162,42,160000,0,user_18,75,75,
172,43,150000,0,user_28,75,75,
171,44,120000,0,user_26,75,75,
194,45,120000,0,user_49,75,75,
158,46,110000,0,user_16,75,75,
170,47,100000,0,user_25,75,75,
165,48,85000,0,user_22,75,75,
177,49,85000,0,user_36,75,75,
196,0,6300000,0,user_0,76,76,
239,1,6300000,0,user_33,76,76,
242,2,6100000,0,user_36,76,76,
222,3,4500000,155000,user_20,76,76,
223,4,4200000,0,user_20,76,76,
231,5,4200000,0,user_27,76,76,
250,6,3500000,369000,user_45,76,76,
218,7,2500000,0,user_17,76,76,
238,8,2500000,0,user_32,76,76,
230,9,2400000,0,user_25,76,76,
241,10,2400000,0,user_34,76,76,
243,11,2100000,231000,user_38,76,76,
221,12,2000000,0,user_19,76,76,
219,13,1500000,0,user_18,76,76,
217,14,1400000,0,user_16,76,76,
233,15,1400000,0,user_28,76,76,
251,16,1400000,0,user_47,76,76,
254,17,1200000,0,user_49,76,76,
229,18,1100000,0,user_24,76,76,
227,19,1000000,73100,user_22,76,76,
226,20,970000,0,user_21,76,76,
228,21,650000,0,user_24,76,76,
252,22,420000,0,user_48,76,76,
244,23,370000,0,user_38,76,76,
234,24,310000,0,user_30,76,76,
206,25,240001,0,user_12,76,76,197
207,26,240001,0,user_13,76,76,197
208,27,240001,0,user_13,76,76,197
211,28,240001,0,user_14,76,76,197
214,29,240001,0,user_14,76,76,197
215,30,240001,0,user_14,76,76,197
197,31,240000,16400,user_2,76,76,
198,32,239999,0,user_3,76,76,197
199,33,239999,0,user_4,76,76,197
200,34,239999,0,user_6,76,76,197
201,35,239999,0,user_7,76,76,197
203,36,239999,0,user_10,76,76,197
204,37,239999,0,user_11,76,76,197
205,38,239999,0,user_11,76,76,197
209,39,239999,0,user_13,76,76,197
210,40,239999,0,user_13,76,76,197
212,41,239999,0,user_14,76,76,197
213,42,239999,0,user_14,76,76,197
216,43,239999,0,user_15,76,76,197
224,44,190000,0,user_20,76,76,
253,45,190000,0,user_49,76,76,
225,46,170000,0,user_20,76,76,
240,47,160000,0,user_34,76,76,
220,48,150000,7190000,user_19,76,76,
248,49,150000,0,user_41,76,76,
245,50,110000,231000,user_39,76,76,
247,51,110000,155000,user_41,76,76,
237,52,98000,0,user_30,76,76,
232,53,85000,0,user_27,76,76,
235,54,84000,0,user_30,76,76,
249,55,80000,0,user_43,76,76,
236,56,73000,0,user_30,76,76,
255,0,30000000,0,user_0,77,77,
289,1,5200000,0,user_39,77,77,
275,2,5000000,0,user_26,77,77,
283,3,4500000,0,user_31,77,77,
277,4,2500000,959000,user_27,77,77,
287,5,2300000,0,user_36,77,77,
270,6,1900000,0,user_20,77,77,
266,7,1800000,0,user_18,77,77,
269,8,1800000,0,user_20,77,77,
273,9,1500000,0,user_23,77,77,
284,10,1500000,0,user_32,77,77,
256,11,1300000,0,user_1,77,77,
294,12,1300000,0,user_44,77,77,
279,13,1000000,0,user_30,77,77,
268,14,870000,0,user_20,77,77,
282,15,670000,0,user_30,77,77,
278,16,660000,0,user_30,77,77,
293,17,660000,0,user_43,77,77,
260,18,460001,0,user_5,77,77,259
263,19,460001,0,user_12,77,77,259
264,20,460001,0,user_14,77,77,259
265,21,460001,0,user_15,77,77,259
259,22,460000,779000,user_2,77,77,
280,23,460000,0,user_30,77,77,
296,24,460000,0,user_49,77,77,
267,25,420000,0,user_19,77,77,
258,26,370000,0,user_2,77,77,
257,27,260000,0,user_1,77,77,
276,28,240000,0,user_26,77,77,
286,29,240000,32900,user_36,77,77,
288,30,240000,75000,user_38,77,77,
272,31,220000,0,user_23,77,77,
281,32,220000,0,user_30,77,77,
285,33,190000,0,user_33,77,77,
290,34,170000,0,user_41,77,77,
291,35,160000,0,user_42,77,77,
292,36,120000,0,user_42,77,77,
274,37,110000,0,user_25,77,77,
271,38,80000,14200,user_20,77,77,
295,39,77000,0,user_49,77,77,
333,0,27000000,0,user_35,78,78,
304,1,19000000,0,user_6,78,78,
350,2,19000000,0,user_46,78,78,
341,3,5200000,0,user_40,78,78,
303,4,5000000,0,user_6,78,78,
310,5,5000000,0,user_12,78,78,
313,6,5000000,0,user_16,78,78,
312,7,3600000,0,user_15,78,78,
315,8,3500000,0,user_19,78,78,
340,9,3200000,47700,user_40,78,78,
335,10,2100000,0,user_37,78,78,
297,11,2000000,0,user_0,78,78,
305,12,1900000,0,user_7,78,78,
327,13,1800000,60700,user_32,78,78,
329,14,1400000,36800,user_33,78,78,
351,15,1400000,4320000,user_46,78,78,
307,16,1100000,0,user_10,78,78,
311,17,1100000,0,user_12,78,78,
323,18,1100000,0,user_28,78,78,
339,19,1000000,0,user_39,78,78,
347,20,1000000,0,user_45,78,78,
308,21,970000,0,user_10,78,78,
342,22,970000,67900,user_43,78,78,
338,23,870000,0,user_39,78,78,
306,24,670000,0,user_9,78,78,
324,25,670000,18600,user_29,78,78,
348,26,670000,0,user_45,78,78,
336,27,660000,0,user_39,78,78,
352,28,660000,0,user_48,78,78,
344,29,650000,0,user_44,78,78,
326,30,470000,0,user_31,78,78,
328,31,460000,0,user_32,78,78,
300,32,420000,0,user_3,78,78,
320,33,420000,0,user_25,78,78,
331,34,360000,121000,user_33,78,78,
346,35,310000,0,user_45,78,78,
301,36,300000,0,user_3,78,78,
316,37,220000,0,user_20,78,78,
317,38,220000,0,user_21,78,78,
345,39,190000,0,user_45,78,78,
321,40,170000,47700,user_26,78,78,
337,41,170000,0,user_39,78,78,
349,42,170000,0,user_45,78,78,
302,43,160000,0,user_4,78,78,
334,44,160000,0,user_36,78,78,
330,45,83000,0,user_33,78,78,
343,46,77000,164000,user_43,78,78,
322,47,70000,15300,user_27,78,78,
381,0,19000000,0,user_38,79,79,
353,1,6100000,0,user_3,79,79,
366,2,5000000,15300,user_19,79,79,
371,3,5000000,0,user_27,79,79,
385,4,5000000,56200,user_40,79,79,
389,5,4500000,0,user_44,79,79,
391,6,4200000,0,user_47,79,79,
374,7,3200000,0,user_30,79,79,
386,8,3200000,128000,user_40,79,79,
373,9,2400000,0,user_29,79,79,
377,10,2400000,285000,user_32,79,79,
393,11,2000000,0,user_47,79,79,
375,12,1700000,0,user_31,79,79,
361,13,1600001,0,user_11,79,79,357
357,14,1600000,64600,user_6,79,79,
358,15,1599999,0,user_6,79,79,357
359,16,1599999,0,user_7,79,79,357
360,17,1599999,0,user_11,79,79,357
362,18,1599999,0,user_12,79,79,357
365,19,1599999,0,user_15,79,79,357
387,20,1500000,0,user_41,79,79,
372,21,1400000,15700,user_28,79,79,
390,22,1300000,0,user_46,79,79,
378,23,1100000,0,user_34,79,79,
384,24,1100000,594000,user_40,79,79,
382,25,650000,0,user_40,79,79,
394,26,320000,0,user_48,79,79,
379,27,310000,0,user_35,79,79,
369,28,120000,0,user_22,79,79,
383,29,100000,0,user_40,79,79,
370,30,85000,0,user_25,79,79,
392,31,79000,108000,user_47,79,79,
376,32,77000,0,user_32,79,79,
388,33,73000,0,user_43,79,79,
399,0,6300000,0,user_3,80,80,
417,1,6300000,0,user_18,80,80,
423,2,5200000,0,user_25,80,80,
446,3,5000000,71800,user_46,80,80,
434,4,3200000,0,user_34,80,80,
422,5,2100000,0,user_23,80,80,
430,6,2000000,0,user_28,80,80,
424,7,1800000,0,user_25,80,80,
420,8,1600000,0,user_22,80,80,
414,9,1500000,100000,user_16,80,80,
438,10,1500000,0,user_37,80,80,
444,11,1500000,0,user_44,80,80,
416,12,1400000,0,user_17,80,80,
419,13,1400000,0,user_20,80,80,
418,14,1100000,0,user_18,80,80,
421,15,1000000,0,user_23,80,80,
431,16,910000,0,user_29,80,80,
443,17,670000,0,user_44,80,80,
432,18,470000,75000,user_33,80,80,
433,19,460000,0,user_34,80,80,
400,20,370000,0,user_4,80,80,
428,21,370000,0,user_26,80,80,
439,22,370000,769000,user_37,80,80,
435,23,340000,0,user_34,80,80,
445,24,320000,7190000,user_45,80,80,
415,25,220000,19700,user_17,80,80,
436,26,220000,0,user_34,80,80,
427,27,190000,0,user_25,80,80,
402,28,150001,0,user_6,80,80,401
403,29,150001,0,user_7,80,80,401
407,30,150001,0,user_7,80,80,401
408,31,150001,0,user_8,80,80,401
411,32,150001,0,user_13,80,80,401
401,33,150000,16400,user_5,80,80,
429,34,150000,30200,user_27,80,80,
404,35,149999,0,user_7,80,80,401
405,36,149999,0,user_7,80,80,401
406,37,149999,0,user_7,80,80,401
410,38,149999,0,user_10,80,80,401
412,39,149999,0,user_14,80,80,401
413,40,149999,0,user_14,80,80,401
397,41,120000,0,user_2,80,80,
425,42,110000,0,user_25,80,80,
398,43,100000,0,user_3,80,80,
448,44,87000,0,user_48,80,80,
442,45,84000,0,user_42,80,80,
447,46,84000,0,user_48,80,80,
395,47,83000,0,user_1,80,80,
396,48,77000,0,user_2,80,80,
426,49,77000,0,user_25,80,80,
449,50,70000,0,user_49,80,80,
456,0,30000001,0,user_9,81,81,454
458,1,30000001,0,user_11,81,81,454
460,2,30000001,0,user_13,81,81,454
454,3,30000000,128000,user_5,81,81,
455,4,29999999,0,user_7,81,81,454
457,5,29999999,0,user_11,81,81,454
459,6,29999999,0,user_12,81,81,454
461,7,29999999,0,user_14,81,81,454
462,8,29999999,0,user_15,81,81,454
464,9,4500000,0,user_16,81,81,
482,10,4500000,0,user_39,81,81,
473,11,4200000,0,user_28,81,81,
468,12,2600000,0,user_24,81,81,
492,13,2600000,256000,user_45,81,81,
469,14,2400000,0,user_26,81,81,
470,15,2000000,0,user_27,81,81,
472,16,2000000,0,user_27,81,81,
478,17,2000000,30200,user_34,81,81,
479,18,1600000,43600,user_34,81,81,
493,19,1600000,0,user_46,81,81,
452,20,1500000,0,user_2,81,81,
490,21,1500000,0,user_44,81,81,
491,22,1500000,17000,user_45,81,81,
450,23,1400000,0,user_0,81,81,
486,24,1100000,31700,user_42,81,81,
451,25,420000,0,user_2,81,81,
471,26,350000,0,user_27,81,81,
480,27,310000,18600,user_35,81,81,
481,28,310000,0,user_35,81,81,
484,29,310000,0,user_40,81,81,
463,30,220000,0,user_16,81,81,
476,31,220000,0,user_31,81,81,
466,32,170000,0,user_22,81,81,
487,33,160000,0,user_42,81,81,
453,34,120000,0,user_4,81,81,
467,35,110000,0,user_23,81,81,
465,36,85000,959000,user_20,81,81,
483,37,73000,0,user_39,81,81,
542,0,6300000,0,user_47,82,82,
534,1,6100000,4320000,user_37,82,82,
497,2,5200000,0,user_3,82,82,
517,3,5000000,0,user_17,82,82,
540,4,5000000,0,user_43,82,82,
522,5,3500000,0,user_23,82,82,
533,6,2000000,0,user_36,82,82,
539,7,1900000,24700,user_43,82,82,
518,8,1600000,0,user_18,82,82,
537,9,1600000,0,user_42,82,82,
520,10,1400000,0,user_22,82,82,
498,11,1200000,0,user_5,82,82,
532,12,970000,0,user_35,82,82,
516,13,660000,0,user_16,82,82,
499,14,600000,0,user_5,82,82,
527,15,600000,0,user_30,82,82,
531,16,460000,0,user_34,82,82,
529,17,420000,46500,user_31,82,82,
528,18,340000,0,user_31,82,82,
526,19,310000,0,user_27,82,82,
525,20,240000,0,user_27,82,82,
524,21,220000,0,user_25,82,82,
519,22,170000,0,user_21,82,82,
502,23,160001,0,user_6,82,82,500
504,24,160001,0,user_8,82,82,500
505,25,160001,0,user_8,82,82,500
508,26,160001,0,user_10,82,82,500
510,27,160001,0,user_11,82,82,500
512,28,160001,0,user_13,82,82,500
500,29,160000,5180,user_5,82,82,
535,30,160000,0,user_38,82,82,
501,31,159999,0,user_6,82,82,500
506,32,159999,0,user_9,82,82,500
507,33,159999,0,user_9,82,82,500
509,34,159999,0,user_10,82,82,500
513,35,159999,0,user_13,82,82,500
514,36,159999,0,user_14,82,82,500
515,37,159999,0,user_15,82,82,500
538,38,150000,0,user_42,82,82,
543,39,150000,0,user_47,82,82,
521,40,100000,0,user_22,82,82,
496,41,98000,0,user_2,82,82,
541,42,87000,0,user_46,82,82,
494,43,80000,0,user_0,82,82,
495,44,80000,0,user_1,82,82,
545,45,77000,121000,user_49,82,82,
578,0,19000000,0,user_33,83,83,
573,1,6100000,0,user_28,83,83,
562,2,5000000,0,user_17,83,83,
585,3,5000000,49100,user_39,83,83,
592,4,5000000,0,user_47,83,83,
576,5,2100000,0,user_32,83,83,
582,6,1900000,0,user_38,83,83,
590,7,1700000,0,user_45,83,83,
563,8,1600000,0,user_18,83,83,
587,9,1500000,0,user_39,83,83,
591,10,1400000,0,user_45,83,83,
574,11,1300000,0,user_30,83,83,
580,12,1200000,0,user_36,83,83,
593,13,1100000,0,user_48,83,83,
564,14,1000000,0,user_18,83,83,
569,15,1000000,0,user_23,83,83,
594,16,1000000,256000,user_49,83,83,
586,17,970000,0,user_39,83,83,
570,18,670000,0,user_24,83,83,
577,19,530000,0,user_33,83,83,
583,20,470000,0,user_38,83,83,
561,21,460000,0,user_16,83,83,
575,22,420000,0,user_31,83,83,
571,23,350000,0,user_26,83,83,
566,24,220000,0,user_19,83,83,
581,25,220000,0,user_37,83,83,
584,26,220000,0,user_39,83,83,
589,27,170000,0,user_42,83,83,
565,28,130000,0,user_19,83,83,
547,29,120001,0,user_0,83,83,546
550,30,120001,0,user_3,83,83,546
551,31,120001,0,user_4,83,83,546
552,32,120001,0,user_6,83,83,546
557,33,120001,0,user_11,83,83,546
558,34,120001,0,user_12,83,83,546
559,35,120001,0,user_15,83,83,546
546,36,120000,60700,user_0,83,83,
548,37,119999,0,user_1,83,83,546
549,38,119999,0,user_2,83,83,546
553,39,119999,0,user_6,83,83,546
560,40,119999,0,user_15,83,83,546
567,41,110000,35100,user_20,83,83,
568,42,84000,0,user_22,83,83,
572,43,83000,0,user_28,83,83,
635,0,43000000,0,user_44,84,84,
596,1,6100001,0,user_2,84,84,595
597,2,6100001,0,user_4,84,84,595
598,3,6100001,0,user_5,84,84,595
599,4,6100001,0,user_10,84,84,595
600,5,6100001,0,user_11,84,84,595
601,6,6100001,0,user_12,84,84,595
602,7,6100001,0,user_13,84,84,595
603,8,6100001,0,user_13,84,84,595
595,9,6100000,24700,user_0,84,84,
611,10,6100000,0,user_24,84,84,
630,11,6100000,0,user_38,84,84,
604,12,6099999,0,user_15,84,84,595
637,13,5200000,36800,user_45,84,84,
638,14,5000000,0,user_45,84,84,
614,15,4500000,0,user_25,84,84,
631,16,3200000,0,user_39,84,84,
628,17,2000000,0,user_36,84,84,
634,18,2000000,0,user_42,84,84,
633,19,1700000,0,user_42,84,84,
620,20,1400000,0,user_30,84,84,
618,21,1300000,0,user_29,84,84,
613,22,1100000,0,user_25,84,84,
640,23,1100000,0,user_48,84,84,
610,24,1000000,0,user_20,84,84,
615,25,670000,0,user_27,84,84,
639,26,660000,0,user_46,84,84,
625,27,530000,35100,user_34,84,84,
617,28,470000,12800,user_29,84,84,
622,29,420000,0,user_32,84,84,
624,30,360000,0,user_34,84,84,
605,31,220000,24700,user_16,84,84,
612,32,170000,0,user_24,84,84,
606,33,150000,0,user_17,84,84,
619,34,130000,0,user_29,84,84,
632,35,130000,0,user_41,84,84,
636,36,120000,0,user_44,84,84,
609,37,110000,0,user_19,84,84,
623,38,110000,0,user_33,84,84,
629,39,110000,0,user_37,84,84,
616,40,80000,0,user_28,84,84,
607,41,73000,0,user_17,84,84,
608,42,70000,5180,user_18,84,84,
621,43,70000,0,user_30,84,84,
643,0,27000000,0,user_3,85,85,
646,1,5200000,0,user_6,85,85,
682,2,5200000,108000,user_43,85,85,
644,3,5000000,0,user_4,85,85,
660,4,2000000,410000,user_19,85,85,
674,5,2000000,381000,user_34,85,85,
650,6,1500000,0,user_11,85,85,
657,7,1500000,0,user_17,85,85,
668,8,1500000,0,user_27,85,85,
673,9,1500000,0,user_33,85,85,
678,10,1500000,0,user_36,85,85,
680,11,1000000,0,user_39,85,85,
675,12,970000,0,user_34,85,85,
685,13,910000,0,user_46,85,85,
663,14,660000,0,user_23,85,85,
683,15,600000,139000,user_44,85,85,
667,16,470000,0,user_26,85,85,
655,17,460000,8520,user_16,85,85,
656,18,350000,769000,user_16,85,85,
679,19,340000,0,user_37,85,85,
641,20,320000,0,user_1,85,85,
651,21,310000,0,user_12,85,85,
659,22,310000,0,user_19,85,85,
665,23,310000,67500,user_24,85,85,
654,24,220000,0,user_16,85,85,
664,25,220000,0,user_23,85,85,
642,26,190000,0,user_2,85,85,
658,27,170000,0,user_19,85,85,
653,28,160000,0,user_16,85,85,
661,29,130000,0,user_19,85,85,
669,30,130000,0,user_28,85,85,
672,31,120000,0,user_33,85,85,
645,32,110000,0,user_5,85,85,
652,33,110000,0,user_14,85,85,
662,34,110000,0,user_22,85,85,
670,35,110000,164000,user_30,85,85,
671,36,110000,0,user_32,85,85,
681,37,110000,0,user_41,85,85,
666,38,82000,0,user_25,85,85,
684,39,80000,0,user_45,85,85,
686,40,80000,0,user_48,85,85,
677,41,77000,0,user_36,85,85,
707,0,43000000,0,user_29,86,86,
727,1,43000000,0,user_42,86,86,
715,2,30000000,21800,user_35,86,86,
724,3,27000000,296000,user_40,86,86,
709,4,6300000,0,user_30,86,86,
735,5,5000000,0,user_46,86,86,
691,6,4500000,0,user_3,86,86,
733,7,3500000,0,user_43,86,86,
731,8,2100000,0,user_43,86,86,
734,9,1900000,0,user_46,86,86,
732,10,1600000,0,user_43,86,86,
704,11,1500000,0,user_22,86,86,
714,12,1100000,0,user_35,86,86,
717,13,1100000,0,user_38,86,86,
728,14,1100000,0,user_42,86,86,
711,15,1000000,0,user_32,86,86,
722,16,970000,0,user_40,86,86,
726,17,970000,0,user_40,86,86,
719,18,910000,0,user_38,86,86,
718,19,650000,0,user_38,86,86,
737,20,470000,0,user_49,86,86,
705,21,360000,322000,user_26,86,86,
736,22,350000,0,user_47,86,86,
702,23,310000,0,user_16,86,86,
690,24,300000,0,user_3,86,86,
688,25,190000,0,user_0,86,86,
698,26,170001,0,user_10,86,86,694
699,27,170001,0,user_12,86,86,694
700,28,170001,0,user_13,86,86,694
701,29,170001,0,user_15,86,86,694
708,30,170000,0,user_29,86,86,
721,31,170000,0,user_39,86,86,
697,32,169999,0,user_9,86,86,694
689,33,160000,0,user_1,86,86,
713,34,160000,285000,user_33,86,86,
730,35,160000,0,user_43,86,86,
716,36,150000,0,user_37,86,86,
720,37,150000,0,user_38,86,86,
723,38,150000,0,user_40,86,86,
706,39,120000,0,user_28,86,86,
712,40,120000,0,user_32,86,86,
703,41,110000,0,user_21,86,86,
729,42,110000,0,user_43,86,86,
710,43,100000,0,user_30,86,86,
725,44,100000,0,user_40,86,86,
687,45,83000,0,user_0,86,86,
752,0,19000000,0,user_19,87,87,
759,1,5000000,0,user_23,87,87,
760,2,5000000,0,user_25,87,87,
781,3,4200000,0,user_43,87,87,
743,4,3200000,0,user_6,87,87,
786,5,2500000,0,user_44,87,87,
782,6,2400000,0,user_43,87,87,
750,7,2100000,0,user_18,87,87,
762,8,1500000,0,user_28,87,87,
755,9,1400000,350000,user_19,87,87,
766,10,1400000,0,user_31,87,87,
769,11,1400000,15700,user_34,87,87,
757,12,1000000,0,user_21,87,87,
779,13,1000000,35600,user_41,87,87,
738,14,910000,0,user_1,87,87,
749,15,910000,0,user_16,87,87,
741,16,670000,0,user_4,87,87,
772,17,470000,0,user_34,87,87,
767,18,460000,0,user_32,87,87,
771,19,360000,0,user_34,87,87,
739,20,340000,0,user_2,87,87,
746,21,320000,0,user_11,87,87,
774,22,320000,0,user_36,87,87,
744,23,310000,0,user_7,87,87,
765,24,310000,13900,user_30,87,87,
784,25,310000,164000,user_43,87,87,
742,26,300000,0,user_5,87,87,
783,27,220000,0,user_43,87,87,
753,28,170000,0,user_19,87,87,
761,29,170000,0,user_26,87,87,
758,30,160000,0,user_22,87,87,
775,31,160000,0,user_37,87,87,
754,32,120000,0,user_19,87,87,
756,33,120000,56200,user_20,87,87,
740,34,110000,0,user_3,87,87,
780,35,110000,0,user_42,87,87,
763,36,98000,0,user_29,87,87,
768,37,98000,0,user_33,87,87,
776,38,98000,0,user_38,87,87,
785,39,98000,0,user_43,87,87,
770,40,85000,0,user_34,87,87,
747,41,84000,15700,user_13,87,87,
748,42,83999,0,user_14,87,87,747
764,43,79000,31700,user_30,87,87,
751,44,70000,0,user_19,87,87,
834,0,43000000,0,user_47,88,88,
816,1,6300000,0,user_32,88,88,
828,2,5200000,12300,user_43,88,88,
818,3,5000000,0,user_33,88,88,
787,4,2000000,0,user_0,88,88,
809,5,2000000,510000,user_22,88,88,
812,6,1500000,0,user_25,88,88,
813,7,1500000,0,user_25,88,88,
819,8,1500000,0,user_34,88,88,
830,9,1500000,410000,user_44,88,88,
803,10,1400000,0,user_17,88,88,
833,11,1400000,0,user_46,88,88,
789,12,1300001,0,user_1,88,88,788
793,13,1300001,0,user_6,88,88,788
794,14,1300001,0,user_7,88,88,788
795,15,1300001,0,user_11,88,88,788
796,16,1300001,0,user_13,88,88,788
797,17,1300001,0,user_14,88,88,788
798,18,1300001,0,user_15,88,88,788
788,19,1300000,35100,user_0,88,88,
790,20,1299999,0,user_4,88,88,788
791,21,1299999,0,user_5,88,88,788
792,22,1299999,0,user_5,88,88,788
835,23,1100000,231000,user_48,88,88,
799,24,1000000,39400,user_16,88,88,
827,25,530000,0,user_41,88,88,
822,26,470000,12800,user_36,88,88,
806,27,460000,0,user_18,88,88,
811,28,460000,0,user_24,88,88,
832,29,460000,0,user_45,88,88,
805,30,420000,0,user_17,88,88,
836,31,310000,0,user_49,88,88,
820,32,260000,0,user_34,88,88,
808,33,220000,0,user_19,88,88,
814,34,220000,49100,user_28,88,88,
802,35,170000,283000,user_17,88,88,
817,36,160000,0,user_32,88,88,
823,37,160000,0,user_38,88,88,
829,38,160000,47700,user_43,88,88,
807,39,150000,0,user_19,88,88,
815,40,150000,0,user_29,88,88,
826,41,150000,0,user_41,88,88,
824,42,120000,0,user_39,88,88,
831,43,120000,0,user_45,88,88,
804,44,85000,0,user_17,88,88,
801,45,82000,0,user_17,88,88,
810,46,80000,13900,user_23,88,88,
800,47,73000,0,user_16,88,88,
861,0,43000000,10700,user_25,89,89,
868,1,30000000,0,user_31,89,89,
864,2,5200000,0,user_28,89,89,
849,3,2100000,594000,user_17,89,89,
867,4,2000000,0,user_31,89,89,
854,5,1700000,0,user_22,89,89,
878,6,1600000,15100,user_39,89,89,
884,7,1600000,510000,user_43,89,89,
894,8,1600000,0,user_49,89,89,
858,9,1500000,32900,user_24,89,89,
838,10,1200001,0,user_1,89,89,837
839,11,1200001,0,user_2,89,89,837
840,12,1200001,0,user_4,89,89,837
841,13,1200001,0,user_5,89,89,837
842,14,1200001,0,user_6,89,89,837
846,15,1200001,0,user_13,89,89,837
847,16,1200001,0,user_15,89,89,837
837,17,1200000,231000,user_1,89,89,
843,18,1199999,0,user_7,89,89,837
845,19,1199999,0,user_12,89,89,837
860,20,1100000,0,user_24,89,89,
870,21,1100000,0,user_34,89,89,
855,22,1000000,0,user_23,89,89,
856,23,1000000,0,user_24,89,89,
866,24,1000000,0,user_28,89,89,
887,25,1000000,0,user_44,89,89,
876,26,970000,0,user_38,89,89,
892,27,970000,510000,user_47,89,89,
885,28,910000,0,user_43,89,89,
886,29,870000,0,user_43,89,89,
853,30,660000,15700,user_21,89,89,
881,31,660000,0,user_42,89,89,
882,32,630000,15700,user_43,89,89,
889,33,600000,0,user_45,89,89,
865,34,460000,0,user_28,89,89,
890,35,460000,0,user_45,89,89,
875,36,360000,0,user_37,89,89,
859,37,340000,0,user_24,89,89,
891,38,340000,0,user_47,89,89,
874,39,310000,0,user_37,89,89,
850,40,300000,0,user_18,89,89,
872,41,260000,0,user_37,89,89,
888,42,260000,0,user_44,89,89,
895,43,220000,0,user_49,89,89,
848,44,170000,0,user_16,89,89,
869,45,170000,75000,user_33,89,89,
851,46,150000,0,user_19,89,89,
857,47,150000,0,user_24,89,89,
871,48,150000,0,user_36,89,89,
880,49,150000,0,user_41,89,89,
863,50,120000,0,user_28,89,89,
877,51,120000,11200,user_39,89,89,
893,52,120000,0,user_48,89,89,
852,53,110000,0,user_20,89,89,
873,54,110000,0,user_37,89,89,
883,55,87000,0,user_43,89,89,
862,56,85000,8520,user_28,89,89,
905,0,43000000,0,user_11,90,90,
897,1,27000000,0,user_3,90,90,
924,2,6300000,36800,user_29,90,90,
935,3,6300000,0,user_36,90,90,
948,4,6100000,39400,user_48,90,90,
920,5,5000000,0,user_25,90,90,
926,6,5000000,0,user_31,90,90,
903,7,4500000,0,user_9,90,90,
901,8,3600000,0,user_7,90,90,
917,9,2500000,0,user_22,90,90,
942,10,2400000,0,user_43,90,90,
943,11,2000000,0,user_44,90,90,
912,12,1700000,0,user_17,90,90,
941,13,1600000,381000,user_43,90,90,
900,14,1500000,0,user_5,90,90,
906,15,1500000,0,user_11,90,90,
938,16,1500000,369000,user_42,90,90,
911,17,1400000,0,user_15,90,90,
937,18,1400000,13900,user_40,90,90,
936,19,1300000,0,user_39,90,90,
950,20,1100000,0,user_49,90,90,
949,21,1000000,43600,user_49,90,90,
932,22,970000,33300,user_33,90,90,
899,23,660000,0,user_4,90,90,
940,24,660000,33100,user_43,90,90,
902,25,530000,0,user_8,90,90,
934,26,470000,195000,user_35,90,90,
923,27,460000,0,user_28,90,90,
898,28,420000,0,user_4,90,90,
909,29,370000,0,user_14,90,90,
907,30,320000,0,user_12,90,90,
916,31,300000,0,user_21,90,90,
921,32,300000,0,user_26,90,90,
913,33,260000,0,user_19,90,90,
914,34,260000,322000,user_20,90,90,
915,35,170000,18600,user_20,90,90,
919,36,170000,5640,user_24,90,90,
908,37,150000,0,user_14,90,90,
939,38,150000,0,user_43,90,90,
944,39,150000,0,user_44,90,90,
896,40,120000,0,user_2,90,90,
925,41,110000,0,user_30,90,90,
918,42,100000,0,user_23,90,90,
910,43,87000,0,user_15,90,90,
904,44,82000,0,user_10,90,90,
931,45,70000,283000,user_33,90,90,
978,0,43000000,0,user_21,91,91,
998,1,43000000,0,user_41,91,91,
996,2,6300000,0,user_40,91,91,
975,3,6100000,0,user_20,91,91,
993,4,5000000,231000,user_37,91,91,
980,5,4500000,0,user_26,91,91,
987,6,4500000,0,user_31,91,91,
1008,7,4200000,0,user_46,91,91,
1012,8,3500000,0,user_48,91,91,
990,9,2600000,0,user_33,91,91,
977,10,2500000,15700,user_20,91,91,
1009,11,2000000,0,user_46,91,91,
986,12,1900000,0,user_30,91,91,
991,13,1800000,0,user_34,91,91,
983,14,1500000,0,user_28,91,91,
1003,15,1500000,0,user_44,91,91,
970,16,1400000,0,user_16,91,91,
972,17,1100000,0,user_19,91,91,
989,18,1100000,60700,user_33,91,91,
1013,19,1100000,16400,user_48,91,91,
973,20,1000000,18600,user_20,91,91,
1011,21,1000000,0,user_46,91,91,
997,22,970000,0,user_41,91,91,
982,23,870000,0,user_27,91,91,
1001,24,660000,0,user_43,91,91,
1010,25,650000,0,user_46,91,91,
1007,26,630000,15100,user_46,91,91,
984,27,530000,0,user_28,91,91,
954,28,360001,0,user_2,91,91,951
957,29,360001,0,user_3,91,91,951
959,30,360001,0,user_3,91,91,951
964,31,360001,0,user_7,91,91,951
951,32,360000,10700,user_0,91,91,
971,33,360000,0,user_18,91,91,
1002,34,360000,0,user_44,91,91,
952,35,359999,0,user_0,91,91,951
953,36,359999,0,user_1,91,91,951
955,37,359999,0,user_3,91,91,951
956,38,359999,0,user_3,91,91,951
958,39,359999,0,user_3,91,91,951
960,40,359999,0,user_5,91,91,951
961,41,359999,0,user_6,91,91,951
962,42,359999,0,user_7,91,91,951
963,43,359999,0,user_7,91,91,951
965,44,359999,0,user_7,91,91,951
966,45,359999,0,user_8,91,91,951
981,46,350000,0,user_27,91,91,
1006,47,260000,0,user_44,91,91,
1005,48,170000,0,user_44,91,91,
976,49,160000,0,user_20,91,91,
985,50,150000,46500,user_29,91,91,
974,51,120000,0,user_20,91,91,
1004,52,85000,0,user_44,91,91,
1014,53,84000,0,user_49,91,91,
988,54,83000,0,user_32,91,91,
992,55,80000,0,user_36,91,91,
979,56,70000,0,user_24,91,91,
1042,0,6300000,0,user_25,92,92,
1056,1,5000000,0,user_45,92,92,
1058,2,5000000,0,user_47,92,92,
1039,3,4500000,0,user_18,92,92,
1034,4,2300000,410000,user_16,92,92,
1032,5,1700000,545000,user_16,92,92,
1017,6,1500001,0,user_3,92,92,1016
1018,7,1500001,0,user_4,92,92,1016
1019,8,1500001,0,user_4,92,92,1016
1021,9,1500001,0,user_6,92,92,1016
1023,10,1500001,0,user_9,92,92,1016
1024,11,1500001,0,user_10,92,92,1016
1025,12,1500001,0,user_11,92,92,1016
1027,13,1500001,0,user_13,92,92,1016
1028,14,1500001,0,user_14,92,92,1016
1016,15,1500000,769000,user_3,92,92,
1043,16,1500000,0,user_25,92,92,
1020,17,1499999,0,user_4,92,92,1016
1022,18,1499999,0,user_8,92,92,1016
1026,19,1499999,0,user_11,92,92,1016
1029,20,1499999,0,user_15,92,92,1016
1046,21,1100000,0,user_30,92,92,
1052,22,1100000,0,user_38,92,92,
1035,23,650000,0,user_17,92,92,
1033,24,630000,36800,user_16,92,92,
1055,25,530000,0,user_44,92,92,
1044,26,460000,0,user_29,92,92,
1048,27,460000,0,user_33,92,92,
1030,28,420000,0,user_16,92,92,
1040,29,420000,0,user_22,92,92,
1051,30,350000,0,user_38,92,92,
1037,31,240000,0,user_18,92,92,
1047,32,160000,0,user_31,92,92,
1050,33,150000,0,user_35,92,92,
1057,34,130000,0,user_47,92,92,
1015,35,120000,0,user_1,92,92,
1031,36,120000,34700,user_16,92,92,
1036,37,120000,0,user_18,92,92,
1045,38,120000,8520,user_29,92,92,
1054,39,120000,0,user_43,92,92,
1049,40,100000,0,user_34,92,92,
1060,41,80000,155000,user_49,92,92,
1038,42,79000,16400,user_18,92,92,
1079,0,30000000,0,user_16,93,93,
1081,1,6300000,0,user_16,93,93,
1062,2,5000001,0,user_0,93,93,1061
1064,3,5000001,0,user_4,93,93,1061
1065,4,5000001,0,user_4,93,93,1061
1066,5,5000001,0,user_4,93,93,1061
1068,6,5000001,0,user_4,93,93,1061
1072,7,5000001,0,user_13,93,93,1061
1073,8,5000001,0,user_13,93,93,1061
1076,9,5000001,0,user_14,93,93,1061
1077,10,5000001,0,user_14,93,93,1061
1061,11,5000000,128000,user_0,93,93,
1063,12,4999999,0,user_2,93,93,1061
1067,13,4999999,0,user_4,93,93,1061
1069,14,4999999,0,user_5,93,93,1061
1070,15,4999999,0,user_6,93,93,1061
1071,16,4999999,0,user_8,93,93,1061
1074,17,4999999,0,user_14,93,93,1061
1075,18,4999999,0,user_14,93,93,1061
1078,19,4999999,0,user_14,93,93,1061
1090,20,3200000,0,user_23,93,93,
1117,21,2100000,0,user_48,93,93,
1080,22,1900000,0,user_16,93,93,
1087,23,1900000,32900,user_20,93,93,
1097,24,1900000,0,user_28,93,93,
1121,25,1900000,0,user_48,93,93,
1120,26,1600000,0,user_48,93,93,
1099,27,1500000,0,user_29,93,93,
1104,28,1100000,0,user_33,93,93,
1105,29,1100000,0,user_34,93,93,
1112,30,1100000,0,user_43,93,93,
1119,31,1000000,0,user_48,93,93,
1092,32,910000,0,user_26,93,93,
1083,33,660000,0,user_17,93,93,
1096,34,660000,0,user_27,93,93,
1115,35,630000,0,user_45,93,93,
1109,36,600000,0,user_41,93,93,
1086,37,470000,0,user_19,93,93,
1118,38,470000,0,user_48,93,93,
1103,39,370000,0,user_32,93,93,
1093,40,360000,231000,user_27,93,93,
1088,41,310000,0,user_21,93,93,
1091,42,300000,0,user_24,93,93,
1089,43,170000,11200,user_22,93,93,
1102,44,170000,0,user_31,93,93,
1095,45,160000,0,user_27,93,93,
1110,46,160000,0,user_42,93,93,
1094,47,150000,139000,user_27,93,93,
1098,48,150000,0,user_29,93,93,
1100,49,150000,0,user_30,93,93,
1084,50,130000,10700,user_18,93,93,
1085,51,120000,0,user_18,93,93,
1101,52,110000,0,user_31,93,93,
1108,53,110000,0,user_41,93,93,
1113,54,110000,30200,user_43,93,93,
1116,55,110000,0,user_46,93,93,
1082,56,85000,30200,user_16,93,93,
1114,57,80000,0,user_44,93,93,
1111,58,73000,0,user_42,93,93,
1163,0,4500000,959000,user_47,94,94,
1151,1,3500000,12300,user_34,94,94,
1123,2,2400000,0,user_3,94,94,
1153,3,1800000,0,user_36,94,94,
1155,4,1600000,0,user_38,94,94,
1160,5,1600000,0,user_45,94,94,
1139,6,1200000,0,user_20,94,94,
1141,7,1000000,0,user_23,94,94,
1136,8,910000,0,user_17,94,94,
1147,9,870000,0,user_30,94,94,
1143,10,660000,296000,user_26,94,94,
1154,11,630000,0,user_37,94,94,
1142,12,600000,0,user_25,94,94,
1164,13,600000,0,user_48,94,94,
1128,14,530001,0,user_10,94,94,1124
1130,15,530001,0,user_13,94,94,1124
1132,16,530001,0,user_14,94,94,1124
1133,17,530001,0,user_14,94,94,1124
1124,18,530000,594000,user_3,94,94,
1125,19,529999,0,user_5,94,94,1124
1126,20,529999,0,user_6,94,94,1124
1129,21,529999,0,user_12,94,94,1124
1131,22,529999,0,user_14,94,94,1124
1134,23,529999,0,user_15,94,94,1124
1135,24,460000,0,user_16,94,94,
1158,25,460000,0,user_43,94,94,
1162,26,420000,14200,user_46,94,94,
1159,27,360000,296000,user_44,94,94,
1150,28,350000,0,user_34,94,94,
1161,29,320000,0,user_46,94,94,
1146,30,310000,0,user_30,94,94,
1140,31,220000,0,user_22,94,94,
1122,32,170000,0,user_2,94,94,
1165,33,160000,0,user_48,94,94,
1137,34,150000,0,user_18,94,94,
1149,35,150000,0,user_31,94,94,
1157,36,150000,0,user_42,94,94,
1166,37,150000,11200,user_49,94,94,
1138,38,120000,0,user_19,94,94,
1148,39,120000,0,user_31,94,94,
1144,40,84000,73100,user_27,94,94,
1145,41,73000,0,user_28,94,94,
1220,0,30000000,0,user_45,95,95,
1227,1,27000000,49100,user_49,95,95,
1225,2,5200000,0,user_47,95,95,
1216,3,5000000,0,user_41,95,95,
1196,4,4500000,0,user_31,95,95,
1212,5,4500000,33300,user_39,95,95,
1198,6,2600000,17700000,user_32,95,95,
1202,7,2100000,283000,user_35,95,95,
1205,8,2000000,0,user_38,95,95,
1192,9,1900000,0,user_24,95,95,
1215,10,1900000,31700,user_40,95,95,
1190,11,1800000,84800,user_23,95,95,
1186,12,1600000,0,user_19,95,95,
1206,13,1500000,0,user_38,95,95,
1221,14,1400000,350000,user_46,95,95,
1224,15,1100000,0,user_47,95,95,
1201,16,1000000,0,user_34,95,95,
1168,17,870000,0,user_0,95,95,
1191,18,600000,0,user_24,95,95,
1210,19,600000,0,user_39,95,95,
1174,20,460001,0,user_4,95,95,1172
1179,21,460001,0,user_9,95,95,1172
1181,22,460001,0,user_10,95,95,1172
1182,23,460001,0,user_14,95,95,1172
1172,24,460000,12800,user_4,95,95,
1207,25,460000,0,user_38,95,95,
1173,26,459999,0,user_4,95,95,1172
1177,27,459999,0,user_7,95,95,1172
1178,28,459999,0,user_8,95,95,1172
1180,29,459999,0,user_10,95,95,1172
1183,30,459999,0,user_15,95,95,1172
1185,31,420000,21800,user_18,95,95,
1200,32,420000,0,user_34,95,95,
1167,33,370000,0,user_0,95,95,
1169,34,320000,0,user_1,95,95,
1223,35,300000,0,user_46,95,95,
1211,36,260000,0,user_39,95,95,
1189,37,220000,0,user_22,95,95,
1199,38,220000,0,user_33,95,95,
1170,39,190000,0,user_4,95,95,
1171,40,170000,0,user_4,95,95,
1222,41,170000,0,user_46,95,95,
1188,42,150000,0,user_20,95,95,
1219,43,150000,67900,user_45,95,95,
1197,44,120000,14200,user_32,95,95,
1195,45,110000,0,user_30,95,95,
1187,46,98000,43600,user_19,95,95,
1213,47,83000,64600,user_39,95,95,
1214,48,83000,0,user_39,95,95,
1194,49,82000,0,user_29,95,95,
1208,50,82000,195000,user_38,95,95,
1209,51,70000,0,user_38,95,95,
1253,0,5000000,0,user_32,96,96,
1241,1,2300000,0,user_21,96,96,
1250,2,2100000,0,user_27,96,96,
1248,3,2000000,0,user_24,96,96,
1252,4,2000000,0,user_32,96,96,
1258,5,2000000,0,user_36,96,96,
1243,6,1900000,0,user_23,96,96,
1254,7,1800000,13900,user_33,96,96,
1271,8,1800000,0,user_49,96,96,
1266,9,1500000,0,user_43,96,96,
1237,10,1400000,56200,user_16,96,96,
1244,11,1400000,1100000,user_24,96,96,
1232,12,1000001,0,user_7,96,96,1228
1234,13,1000001,0,user_9,96,96,1228
1235,14,1000001,0,user_10,96,96,1228
1228,15,1000000,17000,user_1,96,96,
1229,16,999999,0,user_1,96,96,1228
1230,17,999999,0,user_2,96,96,1228
1233,18,999999,0,user_8,96,96,1228
1236,19,999999,0,user_13,96,96,1228
1269,20,670000,0,user_48,96,96,
1263,21,530000,0,user_43,96,96,
1247,22,460000,0,user_24,96,96,
1255,23,310000,0,user_34,96,96,
1257,24,240000,0,user_35,96,96,
1259,25,240000,0,user_38,96,96,
1261,26,240000,5640,user_40,96,96,
1242,27,190000,0,user_22,96,96,
1238,28,170000,0,user_18,96,96,
1267,29,170000,0,user_44,96,96,
1245,30,150000,0,user_24,96,96,
1265,31,150000,0,user_43,96,96,
1260,32,130000,33100,user_38,96,96,
1246,33,120000,0,user_24,96,96,
1251,34,110000,0,user_30,96,96,
1256,35,87000,47700,user_35,96,96,
1268,36,85000,7840,user_45,96,96,
1240,37,73000,0,user_20,96,96,
1264,38,73000,11200,user_43,96,96,
1270,39,73000,12300,user_49,96,96,
1274,0,43000000,0,user_2,97,97,
1293,1,43000000,0,user_21,97,97,
1300,2,19000000,17000,user_31,97,97,
1312,3,6300000,0,user_42,97,97,
1297,4,6100000,0,user_25,97,97,
1299,5,6100000,0,user_29,97,97,
1296,6,5000000,0,user_24,97,97,
1298,7,5000000,0,user_27,97,97,
1315,8,3200000,0,user_47,97,97,
1284,9,2000000,0,user_13,97,97,
1287,10,2000000,0,user_17,97,97,
1289,11,1700000,0,user_19,97,97,
1281,12,1600000,0,user_11,97,97,
1273,13,1400000,0,user_1,97,97,
1290,14,1400000,0,user_19,97,97,
1272,15,1000000,0,user_0,97,97,
1278,16,1000000,0,user_6,97,97,
1302,17,1000000,0,user_33,97,97,
1291,18,650000,0,user_20,97,97,
1283,19,460000,0,user_12,97,97,
1286,20,460000,0,user_16,97,97,
1285,21,340000,0,user_14,97,97,
1294,22,310000,0,user_22,97,97,
1288,23,260000,0,user_17,97,97,
1305,24,240000,0,user_38,97,97,
1275,25,220000,0,user_3,97,97,
1276,26,220000,0,user_3,97,97,
1292,27,170000,0,user_21,97,97,
1306,28,170000,256000,user_38,97,97,
1277,29,160000,0,user_4,97,97,
1307,30,160000,0,user_39,97,97,
1316,31,150000,0,user_48,97,97,
1295,32,130000,0,user_23,97,97,
1304,33,120000,0,user_37,97,97,
1308,34,120000,0,user_39,97,97,
1301,35,98000,0,user_33,97,97,
1311,36,84000,155000,user_41,97,97,
1282,37,83000,0,user_12,97,97,
1313,38,83000,0,user_45,97,97,
1314,39,77000,0,user_46,97,97,
1348,0,43000000,0,user_31,98,98,
1352,1,19000000,5640,user_33,98,98,
1335,2,6100000,18600,user_18,98,98,
1337,3,5000000,5630,user_20,98,98,
1363,4,3500000,0,user_49,98,98,
1359,5,3200000,0,user_43,98,98,
1342,6,2100000,322000,user_23,98,98,
1320,7,1700000,0,user_3,98,98,
1349,8,1000000,0,user_32,98,98,
1329,9,970001,0,user_11,98,98,1321
1330,10,970001,0,user_12,98,98,1321
1331,11,970001,0,user_13,98,98,1321
1333,12,970001,0,user_15,98,98,1321
1321,13,970000,322000,user_4,98,98,
1338,14,970000,0,user_21,98,98,
1360,15,970000,0,user_44,98,98,
1322,16,969999,0,user_4,98,98,1321
1323,17,969999,0,user_5,98,98,1321
1324,18,969999,0,user_6,98,98,1321
1325,19,969999,0,user_7,98,98,1321
1328,20,969999,0,user_10,98,98,1321
1332,21,969999,0,user_14,98,98,1321
1339,22,650000,64600,user_21,98,98,
1361,23,630000,0,user_47,98,98,
1353,24,470000,0,user_33,98,98,
1347,25,420000,0,user_30,98,98,
1362,26,420000,0,user_48,98,98,
1354,27,350000,0,user_38,98,98,
1358,28,310000,0,user_43,98,98,
1319,29,260000,0,user_1,98,98,
1341,30,220000,0,user_22,98,98,
1318,31,160000,0,user_0,98,98,
1346,32,160000,0,user_30,98,98,
1351,33,150000,322000,user_33,98,98,
1317,34,120000,0,user_0,98,98,
1336,35,120000,0,user_19,98,98,
1357,36,120000,0,user_42,98,98,
1343,37,110000,0,user_25,98,98,
1345,38,110000,369000,user_27,98,98,
1356,39,110000,0,user_41,98,98,
1334,40,84000,34700,user_17,98,98,
1340,41,83000,0,user_22,98,98,
1350,42,82000,0,user_33,98,98,
1344,43,70000,0,user_26,98,98,
1387,0,30000000,0,user_20,99,99,
1397,1,27000000,283000,user_34,99,99,
1394,2,6100000,0,user_29,99,99,
1416,3,6100000,24700,user_48,99,99,
1380,4,5200000,0,user_17,99,99,
1400,5,4200000,0,user_34,99,99,
1383,6,3600000,0,user_19,99,99,
1398,7,3600000,0,user_34,99,99,
1384,8,2000000,0,user_19,99,99,
1404,9,1900000,0,user_37,99,99,
1411,10,1600000,594000,user_44,99,99,
1418,11,1600000,0,user_49,99,99,
1382,12,1500000,0,user_18,99,99,
1417,13,1500000,0,user_49,99,99,
1366,14,1400000,0,user_2,99,99,
1405,15,1300000,0,user_39,99,99,
1389,16,1000000,0,user_24,99,99,
1396,17,1000000,0,user_33,99,99,
1370,18,650001,0,user_10,99,99,1367
1371,19,650001,0,user_10,99,99,1367
1374,20,650001,0,user_11,99,99,1367
1377,21,650001,0,user_14,99,99,1367
1367,22,650000,256000,user_6,99,99,
1388,23,650000,0,user_23,99,99,
1372,24,649999,0,user_11,99,99,1367
1373,25,649999,0,user_11,99,99,1367
1375,26,649999,0,user_12,99,99,1367
1376,27,649999,0,user_13,99,99,1367
1378,28,649999,0,user_14,99,99,1367
1379,29,649999,0,user_15,99,99,1367
1412,30,530000,0,user_45,99,99,
1381,31,460000,67900,user_17,99,99,
1393,32,420000,0,user_27,99,99,
1399,33,360000,0,user_34,99,99,
1364,34,340000,0,user_1,99,99,
1403,35,340000,0,user_37,99,99,
1386,36,260000,0,user_19,99,99,
1395,37,260000,0,user_31,99,99,
1365,38,220000,0,user_2,99,99,
1409,39,190000,0,user_42,99,99,
1413,40,190000,0,user_46,99,99,
1407,41,160000,0,user_41,99,99,
1415,42,160000,0,user_47,99,99,
1401,43,150000,19700,user_34,99,99,
1390,44,120000,0,user_27,99,99,
1408,45,120000,0,user_42,99,99,
1391,46,110000,0,user_27,99,99,
1402,47,110000,0,user_36,99,99,
1392,48,100000,0,user_27,99,99,
1410,49,84000,0,user_44,99,99,
1414,50,79000,0,user_46,99,99,
1385,51,77000,0,user_19,99,99,
1446,0,19000000,0,user_29,100,100,
1440,1,6100000,0,user_18,100,100,
1451,2,5000000,256000,user_34,100,100,
1464,3,5000000,21800,user_44,100,100,
1468,4,4200000,35100,user_47,100,100,
1453,5,2600000,56200,user_37,100,100,
1455,6,2600000,0,user_39,100,100,
1466,7,2600000,0,user_47,100,100,
1444,8,2400000,8520,user_24,100,100,
1462,9,1900000,0,user_42,100,100,
1439,10,1500000,0,user_17,100,100,
1457,11,1300000,594000,user_41,100,100,
1424,12,1100001,0,user_3,100,100,1420
1426,13,1100001,0,user_4,100,100,1420
1427,14,1100001,0,user_4,100,100,1420
1430,15,1100001,0,user_5,100,100,1420
1432,16,1100001,0,user_7,100,100,1420
1433,17,1100001,0,user_10,100,100,1420
1434,18,1100001,0,user_11,100,100,1420
1435,19,1100001,0,user_12,100,100,1420
1420,20,1100000,49100,user_0,100,100,
1421,21,1099999,0,user_0,100,100,1420
1422,22,1099999,0,user_1,100,100,1420
1423,23,1099999,0,user_2,100,100,1420
1425,24,1099999,0,user_3,100,100,1420
1428,25,1099999,0,user_4,100,100,1420
1429,26,1099999,0,user_4,100,100,1420
1431,27,1099999,0,user_6,100,100,1420
1436,28,1099999,0,user_15,100,100,1420
1437,29,1099999,0,user_15,100,100,1420
1463,30,1000000,0,user_43,100,100,
1443,31,970000,0,user_24,100,100,
1460,32,910000,0,user_42,100,100,
1419,33,870000,0,user_0,100,100,
1449,34,870000,0,user_31,100,100,
1438,35,420000,0,user_16,100,100,
1454,36,420000,0,user_37,100,100,
1447,37,150000,0,user_30,100,100,
1445,38,130000,100000,user_27,100,100,
1441,39,120000,8520,user_20,100,100,
1461,40,120000,0,user_42,100,100,
1459,41,110000,0,user_42,100,100,
1467,42,110000,15100,user_47,100,100,
1448,43,87000,0,user_30,100,100,
1450,44,87000,350000,user_32,100,100,
1465,45,87000,0,user_47,100,100,
1458,46,82000,16400,user_42,100,100,
1442,47,73000,0,user_23,100,100,
1469,48,73000,0,user_48,100,100,
1523,0,30000000,0,user_42,101,101,
1496,1,6100000,0,user_16,101,101,
1529,2,5000000,0,user_47,101,101,
1531,3,5000000,0,user_49,101,101,
1497,4,4500000,0,user_17,101,101,
1528,5,3600000,0,user_46,101,101,
1522,6,2500000,0,user_40,101,101,
1525,7,2400000,0,user_44,101,101,
1507,8,1900000,0,user_24,101,101,
1511,9,1600000,0,user_28,101,101,
1499,10,1400000,0,user_19,101,101,
1501,11,1400000,0,user_21,101,101,
1516,12,1300000,510000,user_34,101,101,
1475,13,1200001,0,user_4,101,101,1473
1476,14,1200001,0,user_5,101,101,1473
1477,15,1200001,0,user_6,101,101,1473
1478,16,1200001,0,user_6,101,101,1473
1481,17,1200001,0,user_7,101,101,1473
1484,18,1200001,0,user_8,101,101,1473
1485,19,1200001,0,user_9,101,101,1473
1488,20,1200001,0,user_11,101,101,1473
1489,21,1200001,0,user_12,101,101,1473
1490,22,1200001,0,user_12,101,101,1473
1473,23,1200000,13900,user_2,101,101,
1474,24,1199999,0,user_4,101,101,1473
1479,25,1199999,0,user_7,101,101,1473
1480,26,1199999,0,user_7,101,101,1473
1482,27,1199999,0,user_7,101,101,1473
1483,28,1199999,0,user_7,101,101,1473
1491,29,1199999,0,user_13,101,101,1473
1493,30,1199999,0,user_15,101,101,1473
1515,31,1100000,35100,user_32,101,101,
1503,32,1000000,75000,user_22,101,101,
1506,33,910000,0,user_24,101,101,
1517,34,670000,0,user_35,101,101,
1519,35,670000,0,user_37,101,101,
1510,36,530000,0,user_28,101,101,
1494,37,470000,0,user_16,101,101,
1518,38,470000,0,user_35,101,101,
1502,39,350000,215000,user_22,101,101,
1505,40,300000,0,user_23,101,101,
1520,41,300000,13900,user_38,101,101,
1471,42,260000,0,user_1,101,101,
1498,43,220000,0,user_18,101,101,
1504,44,170000,0,user_23,101,101,
1527,45,170000,0,user_46,101,101,
1526,46,160000,0,user_45,101,101,
1524,47,150000,4320000,user_43,101,101,
1472,48,120000,0,user_1,101,101,
1495,49,79000,0,user_16,101,101,
1508,50,79000,35600,user_24,101,101,
1500,51,77000,0,user_19,101,101,
1514,52,73000,0,user_32,101,101,
1563,0,30000000,12800,user_45,102,102,
1548,1,27000000,0,user_26,102,102,
1549,2,6300000,0,user_27,102,102,
1536,3,4200001,0,user_6,102,102,1535
1540,4,4200001,0,user_14,102,102,1535
1535,5,4200000,10700,user_5,102,102,
1537,6,4199999,0,user_10,102,102,1535
1538,7,4199999,0,user_13,102,102,1535
1539,8,4199999,0,user_13,102,102,1535
1541,9,4199999,0,user_15,102,102,1535
1554,10,3600000,296000,user_32,102,102,
1560,11,2600000,7190000,user_42,102,102,
1570,12,1800000,0,user_48,102,102,
1567,13,1700000,121000,user_45,102,102,
1569,14,1500000,0,user_46,102,102,
1568,15,1100000,0,user_46,102,102,
1571,16,1000000,0,user_48,102,102,
1573,17,670000,0,user_48,102,102,
1574,18,670000,0,user_49,102,102,
1545,19,530000,0,user_25,102,102,
1550,20,530000,0,user_28,102,102,
1564,21,370000,0,user_45,102,102,
1562,22,360000,0,user_43,102,102,
1556,23,340000,0,user_36,102,102,
1558,24,340000,0,user_38,102,102,
1534,25,310000,0,user_2,102,102,
1552,26,300000,0,user_29,102,102,
1572,27,170000,67500,user_48,102,102,
1551,28,160000,0,user_29,102,102,
1566,29,160000,67900,user_45,102,102,
1532,30,150000,0,user_0,102,102,
1555,31,150000,32900,user_34,102,102,
1557,32,150000,0,user_38,102,102,
1547,33,130000,0,user_26,102,102,
1559,34,130000,161000,user_39,102,102,
1533,35,120000,0,user_2,102,102,
1544,36,120000,0,user_21,102,102,
1553,37,120000,0,user_31,102,102,
1565,38,110000,10700,user_45,102,102,
1543,39,87000,0,user_19,102,102,
1542,40,85000,0,user_17,102,102,
1561,41,83000,779000,user_42,102,102,
1546,42,82000,0,user_25,102,102,
1618,0,27000000,0,user_40,103,103,
1607,1,19000000,0,user_31,103,103,
1609,2,5200000,0,user_31,103,103,
1619,3,4500000,0,user_41,103,103,
1620,4,3600000,0,user_42,103,103,
1615,5,3200000,0,user_37,103,103,
1608,6,2500000,23500,user_31,103,103,
1621,7,2300000,0,user_43,103,103,
1595,8,2100000,0,user_20,103,103,
1590,9,1700000,7190000,user_16,103,103,
1630,10,1700000,0,user_48,103,103,
1614,11,1600000,0,user_37,103,103,
1597,12,1500000,12300,user_22,103,103,
1624,13,1500000,256000,user_45,103,103,
1577,14,1400000,0,user_2,103,103,
1575,15,1100000,0,user_1,103,103,
1591,16,1000000,0,user_17,103,103,
1603,17,970000,0,user_27,103,103,
1610,18,870000,0,user_31,103,103,
1589,19,670000,256000,user_16,103,103,
1623,20,630000,161000,user_45,103,103,
1588,21,600000,0,user_16,103,103,
1592,22,420000,0,user_17,103,103,
1617,23,320000,0,user_40,103,103,
1605,24,310000,0,user_30,103,103,
1622,25,310000,0,user_44,103,103,
1625,26,260000,0,user_46,103,103,
1593,27,240000,296000,user_18,103,103,
1604,28,240000,0,user_29,103,103,
1586,29,220000,0,user_16,103,103,
1616,30,190000,19700,user_37,103,103,
1576,31,150000,0,user_2,103,103,
1606,32,150000,64600,user_31,103,103,
1581,33,120001,0,user_9,103,103,1578
1578,34,120000,181000,user_3,103,103,
1587,35,120000,0,user_16,103,103,
1611,36,120000,0,user_32,103,103,
1579,37,119999,0,user_5,103,103,1578
1582,38,119999,0,user_10,103,103,1578
1585,39,119999,0,user_14,103,103,1578
1613,40,98000,0,user_37,103,103,
1612,41,83000,0,user_35,103,103,
1602,42,77000,0,user_27,103,103,
1596,43,70000,0,user_21,103,103,
1660,0,30000000,0,user_20,104,104,
1676,1,5200000,0,user_38,104,104,
1662,2,4500000,0,user_22,104,104,
1677,3,4200000,68100,user_40,104,104,
1655,4,3600000,0,user_19,104,104,
1674,5,3600000,0,user_38,104,104,
1666,6,3500000,8520,user_28,104,104,
1686,7,2500000,0,user_49,104,104,
1667,8,2400000,510000,user_31,104,104,
1680,9,2300000,779000,user_41,104,104,
1661,10,2100000,0,user_20,104,104,
1652,11,1700000,0,user_17,104,104,
1658,12,1400000,0,user_19,104,104,
1673,13,1000000,0,user_38,104,104,
1650,14,870000,0,user_16,104,104,
1657,15,670000,0,user_19,104,104,
1653,16,650000,47700,user_18,104,104,
1681,17,600000,49100,user_42,104,104,
1685,18,460000,0,user_49,104,104,
1654,19,360000,0,user_18,104,104,
1679,20,350000,0,user_41,104,104,
1670,21,340000,0,user_35,104,104,
1672,22,310000,0,user_38,104,104,
1688,23,220000,0,user_49,104,104,
1689,24,190000,21800,user_49,104,104,
1663,25,130000,0,user_25,104,104,
1659,26,120000,0,user_19,104,104,
1664,27,120000,0,user_26,104,104,
1668,28,120000,0,user_33,104,104,
1671,29,120000,0,user_37,104,104,
1682,30,120000,0,user_43,104,104,
1687,31,120000,5180,user_49,104,104,
1656,32,110000,0,user_19,104,104,
1678,33,82000,0,user_40,104,104,
1636,34,77001,0,user_4,104,104,1634
1640,35,77001,0,user_6,104,104,1634
1641,36,77001,0,user_7,104,104,1634
1649,37,77001,0,user_15,104,104,1634
1634,38,77000,12800,user_2,104,104,
1635,39,76999,0,user_2,104,104,1634
1637,40,76999,0,user_4,104,104,1634
1638,41,76999,0,user_5,104,104,1634
1639,42,76999,0,user_5,104,104,1634
1642,43,76999,0,user_8,104,104,1634
1643,44,76999,0,user_9,104,104,1634
1644,45,76999,0,user_10,104,104,1634
1645,46,76999,0,user_11,104,104,1634
1646,47,76999,0,user_11,104,104,1634
1647,48,76999,0,user_12,104,104,1634
1648,49,76999,0,user_15,104,104,1634
1651,50,73000,0,user_17,104,104,
1675,51,73000,0,user_38,104,104,
1720,0,43000000,0,user_33,105,105,
1731,1,30000000,0,user_43,105,105,
1736,2,27000000,0,user_48,105,105,
1737,3,27000000,0,user_49,105,105,
1719,4,5000000,0,user_32,105,105,
1729,5,3500000,0,user_42,105,105,
1723,6,2400000,322000,user_36,105,105,
1710,7,2000000,0,user_22,105,105,
1711,8,2000000,36800,user_23,105,105,
1708,9,1500000,0,user_20,105,105,
1691,10,1100000,0,user_2,105,105,
1717,11,1000000,0,user_30,105,105,
1693,12,970001,0,user_3,105,105,1692
1699,13,970001,0,user_10,105,105,1692
1701,14,970001,0,user_14,105,105,1692
1702,15,970001,0,user_15,105,105,1692
1703,16,970001,0,user_15,105,105,1692
1692,17,970000,369000,user_3,105,105,
1694,18,969999,0,user_5,105,105,1692
1695,19,969999,0,user_6,105,105,1692
1696,20,969999,0,user_7,105,105,1692
1700,21,969999,0,user_12,105,105,1692
1706,22,660000,0,user_19,105,105,
1733,23,660000,0,user_45,105,105,
1716,24,630000,0,user_29,105,105,
1724,25,460000,215000,user_37,105,105,
1715,26,420000,0,user_29,105,105,
1713,27,370000,0,user_23,105,105,
1704,28,310000,4320000,user_18,105,105,
1690,29,220000,0,user_1,105,105,
1721,30,220000,100000,user_34,105,105,
1735,31,170000,0,user_48,105,105,
1707,32,160000,0,user_20,105,105,
1705,33,150000,0,user_18,105,105,
1718,34,150000,0,user_31,105,105,
1730,35,150000,0,user_43,105,105,
1732,36,150000,4320000,user_44,105,105,
1734,37,150000,3130,user_47,105,105,
1725,38,120000,39400,user_38,105,105,
1714,39,110000,0,user_24,105,105,
1709,40,84000,0,user_21,105,105,
1712,41,79000,0,user_23,105,105,
1727,42,73000,0,user_41,105,105,
1728,43,70000,0,user_41,105,105,
1754,0,43000000,0,user_22,106,106,
1742,1,30000001,0,user_8,106,106,1741
1743,2,30000001,0,user_9,106,106,1741
1746,3,30000001,0,user_14,106,106,1741
1741,4,30000000,34700,user_7,106,106,
1744,5,29999999,0,user_11,106,106,1741
1745,6,29999999,0,user_13,106,106,1741
1747,7,29999999,0,user_15,106,106,1741
1775,8,4200000,0,user_44,106,106,
1740,9,2000000,0,user_4,106,106,
1763,10,2000000,34700,user_31,106,106,
1774,11,2000000,0,user_42,106,106,
1780,12,2000000,0,user_46,106,106,
1761,13,1800000,0,user_28,106,106,
1766,14,1800000,0,user_36,106,106,
1767,15,1800000,0,user_36,106,106,
1778,16,1600000,0,user_45,106,106,
1769,17,1500000,296000,user_37,106,106,
1779,18,1100000,0,user_46,106,106,
1755,19,1000000,0,user_23,106,106,
1757,20,970000,181000,user_24,106,106,
1771,21,970000,0,user_39,106,106,
1760,22,650000,0,user_26,106,106,
1765,23,600000,18600,user_34,106,106,
1759,24,260000,0,user_25,106,106,
1772,25,260000,0,user_40,106,106,
1749,26,240000,164000,user_17,106,106,
1776,27,220000,0,user_44,106,106,
1777,28,170000,4320000,user_45,106,106,
1751,29,120000,0,user_20,106,106,
1758,30,120000,0,user_25,106,106,
1768,31,120000,0,user_37,106,106,
1773,32,120000,0,user_40,106,106,
1781,33,110000,0,user_46,106,106,
1782,34,110000,0,user_46,106,106,
1748,35,98000,0,user_16,106,106,
1770,36,98000,128000,user_38,106,106,
1750,37,79000,0,user_17,106,106,
1756,38,79000,13900,user_24,106,106,
1807,0,6100000,0,user_16,107,107,
1814,1,6100000,0,user_22,107,107,
1826,2,6100000,0,user_44,107,107,
1829,3,5000000,0,user_49,107,107,
1823,4,4500000,0,user_32,107,107,
1785,5,4200000,0,user_0,107,107,
1830,6,4200000,0,user_49,107,107,
1809,7,3600000,0,user_17,107,107,
1812,8,3200000,0,user_21,107,107,
1817,9,2400000,0,user_24,107,107,
1824,10,1400000,283000,user_38,107,107,
1818,11,1000000,0,user_25,107,107,
1819,12,1000000,0,user_27,107,107,
1808,13,670000,42000,user_17,107,107,
1822,14,460000,0,user_32,107,107,
1810,15,320000,0,user_19,107,107,
1789,16,310001,0,user_3,107,107,1787
1792,17,310001,0,user_3,107,107,1787
1797,18,310001,0,user_10,107,107,1787
1798,19,310001,0,user_11,107,107,1787
1804,20,310001,0,user_12,107,107,1787
1787,21,310000,35600,user_1,107,107,
1811,22,310000,8520,user_20,107,107,
1788,23,309999,0,user_2,107,107,1787
1790,24,309999,0,user_3,107,107,1787
1791,25,309999,0,user_3,107,107,1787
1793,26,309999,0,user_4,107,107,1787
1794,27,309999,0,user_5,107,107,1787
1795,28,309999,0,user_6,107,107,1787
1799,29,309999,0,user_11,107,107,1787
1800,30,309999,0,user_11,107,107,1787
1801,31,309999,0,user_11,107,107,1787
1802,32,309999,0,user_11,107,107,1787
1803,33,309999,0,user_12,107,107,1787
1805,34,309999,0,user_13,107,107,1787
1806,35,309999,0,user_14,107,107,1787
1827,36,260000,0,user_47,107,107,
1815,37,170000,0,user_22,107,107,
1820,38,170000,0,user_28,107,107,
1831,39,160000,0,user_49,107,107,
1786,40,110000,0,user_1,107,107,
1813,41,110000,161000,user_22,107,107,
1821,42,110000,0,user_30,107,107,
1828,43,110000,381000,user_49,107,107,
1816,44,85000,0,user_23,107,107,
1825,45,79000,10700,user_42,107,107,
41,0,19000000,0,user_40,108,108,
47,1,19000000,0,user_46,108,108,
33,2,6100000,0,user_31,108,108,
49,3,6100000,0,user_48,108,108,
25,4,5200000,0,user_23,108,108,
4,5,5000000,0,user_4,108,108,
20,6,5000000,0,user_18,108,108,
0,7,3200000,0,user_0,108,108,
1,8,2100000,0,user_1,108,108,
18,9,1700000,0,user_16,108,108,
43,10,1700000,0,user_43,108,108,
23,11,1500000,283000,user_22,108,108,
34,12,1500000,0,user_31,108,108,
46,13,530000,0,user_43,108,108,
45,14,460000,0,user_43,108,108,
48,15,420000,0,user_47,108,108,
21,16,340000,5630,user_19,108,108,
22,17,340000,0,user_21,108,108,
44,18,340000,0,user_43,108,108,
30,19,300000,0,user_27,108,108,
40,20,300000,19700,user_40,108,108,
31,21,260000,0,user_28,108,108,
50,22,220000,0,user_48,108,108,
29,23,170000,0,user_26,108,108,
5,24,160000,0,user_5,108,108,
24,25,160000,0,user_23,108,108,
32,26,150000,43600,user_29,108,108,
3,27,120000,0,user_4,108,108,
36,28,120000,0,user_34,108,108,
2,29,110000,0,user_3,108,108,
37,30,110000,108000,user_37,108,108,
39,31,110000,0,user_39,108,108,
51,32,100000,84800,user_49,108,108,
26,33,79000,0,user_24,108,108,
35,34,79000,0,user_33,108,108,
10,35,70001,0,user_7,108,108,6
16,36,70001,0,user_14,108,108,6
17,37,70001,0,user_15,108,108,6
6,38,70000,3130,user_6,108,108,
7,39,69999,0,user_7,108,108,6
8,40,69999,0,user_7,108,108,6
9,41,69999,0,user_7,108,108,6
11,42,69999,0,user_7,108,108,6
13,43,69999,0,user_11,108,108,6
75,0,43000000,256000,user_23,109,109,
76,1,5000000,0,user_25,109,109,
87,2,4200000,0,user_38,109,109,
80,3,3500000,0,user_27,109,109,
100,4,3200000,0,user_49,109,109,
72,5,2600000,0,user_19,109,109,
98,6,2500000,0,user_48,109,109,
95,7,2300000,14200,user_48,109,109,
68,8,2000000,0,user_17,109,109,
81,9,2000000,0,user_29,109,109,
85,10,2000000,0,user_34,109,109,
88,11,2000000,0,user_41,109,109,
79,12,1900000,0,user_27,109,109,
92,13,1800000,0,user_44,109,109,
70,14,1500000,17000,user_19,109,109,
96,15,1500000,0,user_48,109,109,
89,16,1100000,256000,user_42,109,109,
99,17,670000,71800,user_49,109,109,
93,18,630000,0,user_45,109,109,
74,19,420000,12800,user_21,109,109,
91,20,350000,0,user_44,109,109,
78,21,190000,12800,user_26,109,109,
101,22,190000,0,user_49,109,109,
71,23,170000,0,user_19,109,109,
82,24,170000,11200,user_29,109,109,
83,25,170000,0,user_30,109,109,
84,26,120000,0,user_31,109,109,
90,27,120000,0,user_43,109,109,
67,28,110000,0,user_16,109,109,
94,29,84000,0,user_46,109,109,
73,30,83000,34700,user_19,109,109,
77,31,83000,21800,user_25,109,109,
53,32,80001,0,user_1,109,109,52
54,33,80001,0,user_2,109,109,52
55,34,80001,0,user_3,109,109,52
58,35,80001,0,user_7,109,109,52
62,36,80001,0,user_10,109,109,52
64,37,80001,0,user_11,109,109,52
66,38,80001,0,user_15,109,109,52
52,39,80000,11200,user_1,109,109,
56,40,79999,0,user_4,109,109,52
57,41,79999,0,user_6,109,109,52
63,42,79999,0,user_10,109,109,52
65,43,79999,0,user_13,109,109,52
97,44,79000,0,user_48,109,109,
69,45,70000,0,user_19,109,109,
116,0,30000000,0,user_16,110,110,
121,1,30000000,146000,user_25,110,110,
105,2,5000000,0,user_4,110,110,
133,3,2400000,13900,user_39,110,110,
118,4,2300000,0,user_18,110,110,
103,5,2000000,0,user_2,110,110,
117,6,2000000,146000,user_17,110,110,
134,7,2000000,75000,user_39,110,110,
124,8,1100000,10700,user_29,110,110,
135,9,1100000,0,user_41,110,110,
136,10,1000000,0,user_43,110,110,
139,11,1000000,0,user_46,110,110,
102,12,970000,0,user_0,110,110,
119,13,650000,3130,user_24,110,110,
125,14,600000,0,user_30,110,110,
138,15,600000,0,user_45,110,110,
131,16,460000,5640,user_37,110,110,
107,17,420001,0,user_4,110,110,106
108,18,420001,0,user_5,110,110,106
111,19,420001,0,user_10,110,110,106
112,20,420001,0,user_11,110,110,106
115,21,420001,0,user_15,110,110,106
106,22,420000,24700,user_4,110,110,
137,23,420000,0,user_44,110,110,
142,24,420000,0,user_49,110,110,
109,25,419999,0,user_5,110,110,106
110,26,419999,0,user_6,110,110,106
113,27,419999,0,user_12,110,110,106
114,28,419999,0,user_13,110,110,106
120,29,340000,0,user_25,110,110,
127,30,220000,0,user_32,110,110,
141,31,160000,0,user_48,110,110,
123,32,150000,0,user_27,110,110,
132,33,150000,0,user_37,110,110,
104,34,110000,0,user_3,110,110,
126,35,110000,0,user_32,110,110,
128,36,110000,0,user_33,110,110,
129,37,110000,73100,user_34,110,110,
122,38,77000,7840,user_26,110,110,
140,39,77000,0,user_47,110,110,
161,0,43000000,0,user_17,111,111,
145,1,30000001,0,user_5,111,111,143
147,2,30000001,0,user_7,111,111,143
149,3,30000001,0,user_10,111,111,143
152,4,30000001,0,user_12,111,111,143
153,5,30000001,0,user_14,111,111,143
143,6,30000000,84800,user_0,111,111,
184,7,30000000,0,user_43,111,111,
144,8,29999999,0,user_2,111,111,143
146,9,29999999,0,user_6,111,111,143
150,10,29999999,0,user_11,111,111,143
151,11,29999999,0,user_11,111,111,143
154,12,29999999,0,user_15,111,111,143
160,13,6100000,0,user_17,111,111,
166,14,4500000,0,user_22,111,111,
155,15,2000000,0,user_16,111,111,
157,16,2000000,0,user_16,111,111,
168,17,2000000,0,user_22,111,111,
185,18,1800000,5180,user_44,111,111,
192,19,1500000,0,user_49,111,111,
183,20,1400000,0,user_42,111,111,
187,21,1400000,0,user_46,111,111,
190,22,1100000,0,user_48,111,111,
193,23,1100000,0,user_49,111,111,
169,24,1000000,0,user_23,111,111,
175,25,1000000,0,user_32,111,111,
174,26,970000,0,user_30,111,111,
191,27,910000,13800,user_48,111,111,
164,28,870000,0,user_22,111,111,
173,29,870000,0,user_30,111,111,
178,30,670000,0,user_36,111,111,
186,31,660000,0,user_45,111,111,
188,32,650000,0,user_46,111,111,
159,33,460000,0,user_16,111,111,
182,34,370000,0,user_41,111,111,
195,35,360000,75000,user_49,111,111,
179,36,340000,0,user_36,111,111,
180,37,310000,0,user_38,111,111,
163,38,300000,0,user_19,111,111,
167,39,260000,0,user_22,111,111,
156,40,220000,0,user_16,111,111,
189,41,220000,0,user_47,111,111,
162,42,160000,0,user_18,111,111,
172,43,150000,0,user_28,111,111,
171,44,120000,0,user_26,111,111,
194,45,120000,0,user_49,111,111,
158,46,110000,0,user_16,111,111,
170,47,100000,0,user_25,111,111,
165,48,85000,0,user_22,111,111,
177,49,85000,0,user_36,111,111,
196,0,6300000,0,user_0,112,112,
239,1,6300000,0,user_33,112,112,
242,2,6100000,0,user_36,112,112,
222,3,4500000,155000,user_20,112,112,
223,4,4200000,0,user_20,112,112,
231,5,4200000,0,user_27,112,112,
250,6,3500000,369000,user_45,112,112,
218,7,2500000,0,user_17,112,112,
238,8,2500000,0,user_32,112,112,
230,9,2400000,0,user_25,112,112,
241,10,2400000,0,user_34,112,112,
243,11,2100000,231000,user_38,112,112,
221,12,2000000,0,user_19,112,112,
219,13,1500000,0,user_18,112,112,
217,14,1400000,0,user_16,112,112,
233,15,1400000,0,user_28,112,112,
251,16,1400000,0,user_47,112,112,
254,17,1200000,0,user_49,112,112,
229,18,1100000,0,user_24,112,112,
227,19,1000000,73100,user_22,112,112,
226,20,970000,0,user_21,112,112,
228,21,650000,0,user_24,112,112,
252,22,420000,0,user_48,112,112,
244,23,370000,0,user_38,112,112,
234,24,310000,0,user_30,112,112,
206,25,240001,0,user_12,112,112,197
207,26,240001,0,user_13,112,112,197
208,27,240001,0,user_13,112,112,197
211,28,240001,0,user_14,112,112,197
214,29,240001,0,user_14,112,112,197
215,30,240001,0,user_14,112,112,197
197,31,240000,16400,user_2,112,112,
198,32,239999,0,user_3,112,112,197
199,33,239999,0,user_4,112,112,197
200,34,239999,0,user_6,112,112,197
201,35,239999,0,user_7,112,112,197
203,36,239999,0,user_10,112,112,197
204,37,239999,0,user_11,112,112,197
205,38,239999,0,user_11,112,112,197
209,39,239999,0,user_13,112,112,197
210,40,239999,0,user_13,112,112,197
212,41,239999,0,user_14,112,112,197
213,42,239999,0,user_14,112,112,197
216,43,239999,0,user_15,112,112,197
224,44,190000,0,user_20,112,112,
253,45,190000,0,user_49,112,112,
225,46,170000,0,user_20,112,112,
240,47,160000,0,user_34,112,112,
220,48,150000,7190000,user_19,112,112,
248,49,150000,0,user_41,112,112,
245,50,110000,231000,user_39,112,112,
247,51,110000,155000,user_41,112,112,
237,52,98000,0,user_30,112,112,
232,53,85000,0,user_27,112,112,
235,54,84000,0,user_30,112,112,
249,55,80000,0,user_43,112,112,
236,56,73000,0,user_30,112,112,
255,0,30000000,0,user_0,113,113,
289,1,5200000,0,user_39,113,113,
275,2,5000000,0,user_26,113,113,
283,3,4500000,0,user_31,113,113,
277,4,2500000,959000,user_27,113,113,
287,5,2300000,0,user_36,113,113,
270,6,1900000,0,user_20,113,113,
266,7,1800000,0,user_18,113,113,
269,8,1800000,0,user_20,113,113,
273,9,1500000,0,user_23,113,113,
284,10,1500000,0,user_32,113,113,
256,11,1300000,0,user_1,113,113,
294,12,1300000,0,user_44,113,113,
279,13,1000000,0,user_30,113,113,
268,14,870000,0,user_20,113,113,
282,15,670000,0,user_30,113,113,
278,16,660000,0,user_30,113,113,
293,17,660000,0,user_43,113,113,
260,18,460001,0,user_5,113,113,259
263,19,460001,0,user_12,113,113,259
264,20,460001,0,user_14,113,113,259
265,21,460001,0,user_15,113,113,259
259,22,460000,779000,user_2,113,113,
280,23,460000,0,user_30,113,113,
296,24,460000,0,user_49,113,113,
267,25,420000,0,user_19,113,113,
258,26,370000,0,user_2,113,113,
257,27,260000,0,user_1,113,113,
276,28,240000,0,user_26,113,113,
286,29,240000,32900,user_36,113,113,
288,30,240000,75000,user_38,113,113,
272,31,220000,0,user_23,113,113,
281,32,220000,0,user_30,113,113,
285,33,190000,0,user_33,113,113,
290,34,170000,0,user_41,113,113,
291,35,160000,0,user_42,113,113,
292,36,120000,0,user_42,113,113,
274,37,110000,0,user_25,113,113,
271,38,80000,14200,user_20,113,113,
295,39,77000,0,user_49,113,113,
333,0,27000000,0,user_35,114,114,
304,1,19000000,0,user_6,114,114,
350,2,19000000,0,user_46,114,114,
341,3,5200000,0,user_40,114,114,
303,4,5000000,0,user_6,114,114,
310,5,5000000,0,user_12,114,114,
313,6,5000000,0,user_16,114,114,
312,7,3600000,0,user_15,114,114,
315,8,3500000,0,user_19,114,114,
340,9,3200000,47700,user_40,114,114,
335,10,2100000,0,user_37,114,114,
297,11,2000000,0,user_0,114,114,
305,12,1900000,0,user_7,114,114,
327,13,1800000,60700,user_32,114,114,
329,14,1400000,36800,user_33,114,114,
351,15,1400000,4320000,user_46,114,114,
307,16,1100000,0,user_10,114,114,
311,17,1100000,0,user_12,114,114,
323,18,1100000,0,user_28,114,114,
339,19,1000000,0,user_39,114,114,
347,20,1000000,0,user_45,114,114,
308,21,970000,0,user_10,114,114,
342,22,970000,67900,user_43,114,114,
338,23,870000,0,user_39,114,114,
306,24,670000,0,user_9,114,114,
324,25,670000,18600,user_29,114,114,
348,26,670000,0,user_45,114,114,
336,27,660000,0,user_39,114,114,
352,28,660000,0,user_48,114,114,
344,29,650000,0,user_44,114,114,
326,30,470000,0,user_31,114,114,
328,31,460000,0,user_32,114,114,
300,32,420000,0,user_3,114,114,
320,33,420000,0,user_25,114,114,
331,34,360000,121000,user_33,114,114,
346,35,310000,0,user_45,114,114,
301,36,300000,0,user_3,114,114,
316,37,220000,0,user_20,114,114,
317,38,220000,0,user_21,114,114,
345,39,190000,0,user_45,114,114,
321,40,170000,47700,user_26,114,114,
337,41,170000,0,user_39,114,114,
349,42,170000,0,user_45,114,114,
302,43,160000,0,user_4,114,114,
334,44,160000,0,user_36,114,114,
330,45,83000,0,user_33,114,114,
343,46,77000,164000,user_43,114,114,
322,47,70000,15300,user_27,114,114,
381,0,19000000,0,user_38,115,115,
353,1,6100000,0,user_3,115,115,
366,2,5000000,15300,user_19,115,115,
371,3,5000000,0,user_27,115,115,
385,4,5000000,56200,user_40,115,115,
389,5,4500000,0,user_44,115,115,
391,6,4200000,0,user_47,115,115,
374,7,3200000,0,user_30,115,115,
386,8,3200000,128000,user_40,115,115,
373,9,2400000,0,user_29,115,115,
377,10,2400000,285000,user_32,115,115,
393,11,2000000,0,user_47,115,115,
375,12,1700000,0,user_31,115,115,
361,13,1600001,0,user_11,115,115,357
357,14,1600000,64600,user_6,115,115,
358,15,1599999,0,user_6,115,115,357
359,16,1599999,0,user_7,115,115,357
360,17,1599999,0,user_11,115,115,357
362,18,1599999,0,user_12,115,115,357
365,19,1599999,0,user_15,115,115,357
387,20,1500000,0,user_41,115,115,
372,21,1400000,15700,user_28,115,115,
390,22,1300000,0,user_46,115,115,
378,23,1100000,0,user_34,115,115,
384,24,1100000,594000,user_40,115,115,
382,25,650000,0,user_40,115,115,
394,26,320000,0,user_48,115,115,
379,27,310000,0,user_35,115,115,
369,28,120000,0,user_22,115,115,
383,29,100000,0,user_40,115,115,
370,30,85000,0,user_25,115,115,
392,31,79000,108000,user_47,115,115,
376,32,77000,0,user_32,115,115,
388,33,73000,0,user_43,115,115,
399,0,6300000,0,user_3,116,116,
417,1,6300000,0,user_18,116,116,
423,2,5200000,0,user_25,116,116,
446,3,5000000,71800,user_46,116,116,
434,4,3200000,0,user_34,116,116,
422,5,2100000,0,user_23,116,116,
430,6,2000000,0,user_28,116,116,
424,7,1800000,0,user_25,116,116,
420,8,1600000,0,user_22,116,116,
414,9,1500000,100000,user_16,116,116,
438,10,1500000,0,user_37,116,116,
444,11,1500000,0,user_44,116,116,
416,12,1400000,0,user_17,116,116,
419,13,1400000,0,user_20,116,116,
418,14,1100000,0,user_18,116,116,
421,15,1000000,0,user_23,116,116,
431,16,910000,0,user_29,116,116,
443,17,670000,0,user_44,116,116,
432,18,470000,75000,user_33,116,116,
433,19,460000,0,user_34,116,116,
400,20,370000,0,user_4,116,116,
428,21,370000,0,user_26,116,116,
439,22,370000,769000,user_37,116,116,
435,23,340000,0,user_34,116,116,
445,24,320000,7190000,user_45,116,116,
415,25,220000,19700,user_17,116,116,
436,26,220000,0,user_34,116,116,
427,27,190000,0,user_25,116,116,
402,28,150001,0,user_6,116,116,401
403,29,150001,0,user_7,116,116,401
407,30,150001,0,user_7,116,116,401
408,31,150001,0,user_8,116,116,401
411,32,150001,0,user_13,116,116,401
401,33,150000,16400,user_5,116,116,
429,34,150000,30200,user_27,116,116,
404,35,149999,0,user_7,116,116,401
405,36,149999,0,user_7,116,116,401
406,37,149999,0,user_7,116,116,401
410,38,149999,0,user_10,116,116,401
412,39,149999,0,user_14,116,116,401
413,40,149999,0,user_14,116,116,401
397,41,120000,0,user_2,116,116,
425,42,110000,0,user_25,116,116,
398,43,100000,0,user_3,116,116,
448,44,87000,0,user_48,116,116,
442,45,84000,0,user_42,116,116,
447,46,84000,0,user_48,116,116,
395,47,83000,0,user_1,116,116,
396,48,77000,0,user_2,116,116,
426,49,77000,0,user_25,116,116,
449,50,70000,0,user_49,116,116,
456,0,30000001,0,user_9,117,117,454
458,1,30000001,0,user_11,117,117,454
460,2,30000001,0,user_13,117,117,454
454,3,30000000,128000,user_5,117,117,
455,4,29999999,0,user_7,117,117,454
457,5,29999999,0,user_11,117,117,454
459,6,29999999,0,user_12,117,117,454
461,7,29999999,0,user_14,117,117,454
462,8,29999999,0,user_15,117,117,454
464,9,4500000,0,user_16,117,117,
482,10,4500000,0,user_39,117,117,
473,11,4200000,0,user_28,117,117,
468,12,2600000,0,user_24,117,117,
492,13,2600000,256000,user_45,117,117,
469,14,2400000,0,user_26,117,117,
470,15,2000000,0,user_27,117,117,
472,16,2000000,0,user_27,117,117,
478,17,2000000,30200,user_34,117,117,
479,18,1600000,43600,user_34,117,117,
493,19,1600000,0,user_46,117,117,
452,20,1500000,0,user_2,117,117,
490,21,1500000,0,user_44,117,117,
491,22,1500000,17000,user_45,117,117,
450,23,1400000,0,user_0,117,117,
486,24,1100000,31700,user_42,117,117,
451,25,420000,0,user_2,117,117,
471,26,350000,0,user_27,117,117,
480,27,310000,18600,user_35,117,117,
481,28,310000,0,user_35,117,117,
484,29,310000,0,user_40,117,117,
463,30,220000,0,user_16,117,117,
476,31,220000,0,user_31,117,117,
466,32,170000,0,user_22,117,117,
487,33,160000,0,user_42,117,117,
453,34,120000,0,user_4,117,117,
467,35,110000,0,user_23,117,117,
465,36,85000,959000,user_20,117,117,
483,37,73000,0,user_39,117,117,
542,0,6300000,0,user_47,118,118,
534,1,6100000,4320000,user_37,118,118,
497,2,5200000,0,user_3,118,118,
517,3,5000000,0,user_17,118,118,
540,4,5000000,0,user_43,118,118,
522,5,3500000,0,user_23,118,118,
533,6,2000000,0,user_36,118,118,
539,7,1900000,24700,user_43,118,118,
518,8,1600000,0,user_18,118,118,
537,9,1600000,0,user_42,118,118,
520,10,1400000,0,user_22,118,118,
498,11,1200000,0,user_5,118,118,
532,12,970000,0,user_35,118,118,
516,13,660000,0,user_16,118,118,
499,14,600000,0,user_5,118,118,
527,15,600000,0,user_30,118,118,
531,16,460000,0,user_34,118,118,
529,17,420000,46500,user_31,118,118,
528,18,340000,0,user_31,118,118,
526,19,310000,0,user_27,118,118,
525,20,240000,0,user_27,118,118,
524,21,220000,0,user_25,118,118,
519,22,170000,0,user_21,118,118,
502,23,160001,0,user_6,118,118,500
504,24,160001,0,user_8,118,118,500
505,25,160001,0,user_8,118,118,500
508,26,160001,0,user_10,118,118,500
510,27,160001,0,user_11,118,118,500
512,28,160001,0,user_13,118,118,500
500,29,160000,5180,user_5,118,118,
535,30,160000,0,user_38,118,118,
501,31,159999,0,user_6,118,118,500
506,32,159999,0,user_9,118,118,500
507,33,159999,0,user_9,118,118,500
509,34,159999,0,user_10,118,118,500
513,35,159999,0,user_13,118,118,500
514,36,159999,0,user_14,118,118,500
515,37,159999,0,user_15,118,118,500
538,38,150000,0,user_42,118,118,
543,39,150000,0,user_47,118,118,
521,40,100000,0,user_22,118,118,
496,41,98000,0,user_2,118,118,
541,42,87000,0,user_46,118,118,
494,43,80000,0,user_0,118,118,
495,44,80000,0,user_1,118,118,
545,45,77000,121000,user_49,118,118,
578,0,19000000,0,user_33,119,119,
573,1,6100000,0,user_28,119,119,
562,2,5000000,0,user_17,119,119,
585,3,5000000,49100,user_39,119,119,
592,4,5000000,0,user_47,119,119,
576,5,2100000,0,user_32,119,119,
582,6,1900000,0,user_38,119,119,
590,7,1700000,0,user_45,119,119,
563,8,1600000,0,user_18,119,119,
587,9,1500000,0,user_39,119,119,
591,10,1400000,0,user_45,119,119,
574,11,1300000,0,user_30,119,119,
580,12,1200000,0,user_36,119,119,
593,13,1100000,0,user_48,119,119,
564,14,1000000,0,user_18,119,119,
569,15,1000000,0,user_23,119,119,
594,16,1000000,256000,user_49,119,119,
586,17,970000,0,user_39,119,119,
570,18,670000,0,user_24,119,119,
577,19,530000,0,user_33,119,119,
583,20,470000,0,user_38,119,119,
561,21,460000,0,user_16,119,119,
575,22,420000,0,user_31,119,119,
571,23,350000,0,user_26,119,119,
566,24,220000,0,user_19,119,119,
581,25,220000,0,user_37,119,119,
584,26,220000,0,user_39,119,119,
589,27,170000,0,user_42,119,119,
565,28,130000,0,user_19,119,119,
547,29,120001,0,user_0,119,119,546
550,30,120001,0,user_3,119,119,546
551,31,120001,0,user_4,119,119,546
552,32,120001,0,user_6,119,119,546
557,33,120001,0,user_11,119,119,546
558,34,120001,0,user_12,119,119,546
559,35,120001,0,user_15,119,119,546
546,36,120000,60700,user_0,119,119,
548,37,119999,0,user_1,119,119,546
549,38,119999,0,user_2,119,119,546
553,39,119999,0,user_6,119,119,546
560,40,119999,0,user_15,119,119,546
567,41,110000,35100,user_20,119,119,
568,42,84000,0,user_22,119,119,
572,43,83000,0,user_28,119,119,
635,0,43000000,0,user_44,120,120,
596,1,6100001,0,user_2,120,120,595
597,2,6100001,0,user_4,120,120,595
598,3,6100001,0,user_5,120,120,595
599,4,6100001,0,user_10,120,120,595
600,5,6100001,0,user_11,120,120,595
601,6,6100001,0,user_12,120,120,595
602,7,6100001,0,user_13,120,120,595
603,8,6100001,0,user_13,120,120,595
595,9,6100000,24700,user_0,120,120,
611,10,6100000,0,user_24,120,120,
630,11,6100000,0,user_38,120,120,
604,12,6099999,0,user_15,120,120,595
637,13,5200000,36800,user_45,120,120,
638,14,5000000,0,user_45,120,120,
614,15,4500000,0,user_25,120,120,
631,16,3200000,0,user_39,120,120,
628,17,2000000,0,user_36,120,120,
634,18,2000000,0,user_42,120,120,
633,19,1700000,0,user_42,120,120,
620,20,1400000,0,user_30,120,120,
618,21,1300000,0,user_29,120,120,
613,22,1100000,0,user_25,120,120,
640,23,1100000,0,user_48,120,120,
610,24,1000000,0,user_20,120,120,
615,25,670000,0,user_27,120,120,
639,26,660000,0,user_46,120,120,
625,27,530000,35100,user_34,120,120,
617,28,470000,12800,user_29,120,120,
622,29,420000,0,user_32,120,120,
624,30,360000,0,user_34,120,120,
605,31,220000,24700,user_16,120,120,
612,32,170000,0,user_24,120,120,
606,33,150000,0,user_17,120,120,
619,34,130000,0,user_29,120,120,
632,35,130000,0,user_41,120,120,
636,36,120000,0,user_44,120,120,
609,37,110000,0,user_19,120,120,
623,38,110000,0,user_33,120,120,
629,39,110000,0,user_37,120,120,
616,40,80000,0,user_28,120,120,
607,41,73000,0,user_17,120,120,
608,42,70000,5180,user_18,120,120,
621,43,70000,0,user_30,120,120,
643,0,27000000,0,user_3,121,121,
646,1,5200000,0,user_6,121,121,
682,2,5200000,108000,user_43,121,121,
644,3,5000000,0,user_4,121,121,
660,4,2000000,410000,user_19,121,121,
674,5,2000000,381000,user_34,121,121,
650,6,1500000,0,user_11,121,121,
657,7,1500000,0,user_17,121,121,
668,8,1500000,0,user_27,121,121,
673,9,1500000,0,user_33,121,121,
678,10,1500000,0,user_36,121,121,
680,11,1000000,0,user_39,121,121,
675,12,970000,0,user_34,121,121,
685,13,910000,0,user_46,121,121,
663,14,660000,0,user_23,121,121,
683,15,600000,139000,user_44,121,121,
667,16,470000,0,user_26,121,121,
655,17,460000,8520,user_16,121,121,
656,18,350000,769000,user_16,121,121,
679,19,340000,0,user_37,121,121,
641,20,320000,0,user_1,121,121,
651,21,310000,0,user_12,121,121,
659,22,310000,0,user_19,121,121,
665,23,310000,67500,user_24,121,121,
654,24,220000,0,user_16,121,121,
664,25,220000,0,user_23,121,121,
642,26,190000,0,user_2,121,121,
658,27,170000,0,user_19,121,121,
653,28,160000,0,user_16,121,121,
661,29,130000,0,user_19,121,121,
669,30,130000,0,user_28,121,121,
672,31,120000,0,user_33,121,121,
645,32,110000,0,user_5,121,121,
652,33,110000,0,user_14,121,121,
662,34,110000,0,user_22,121,121,
670,35,110000,164000,user_30,121,121,
671,36,110000,0,user_32,121,121,
681,37,110000,0,user_41,121,121,
666,38,82000,0,user_25,121,121,
684,39,80000,0,user_45,121,121,
686,40,80000,0,user_48,121,121,
677,41,77000,0,user_36,121,121,
707,0,43000000,0,user_29,122,122,
727,1,43000000,0,user_42,122,122,
715,2,30000000,21800,user_35,122,122,
724,3,27000000,296000,user_40,122,122,
709,4,6300000,0,user_30,122,122,
735,5,5000000,0,user_46,122,122,
691,6,4500000,0,user_3,122,122,
733,7,3500000,0,user_43,122,122,
731,8,2100000,0,user_43,122,122,
734,9,1900000,0,user_46,122,122,
732,10,1600000,0,user_43,122,122,
704,11,1500000,0,user_22,122,122,
714,12,1100000,0,user_35,122,122,
717,13,1100000,0,user_38,122,122,
728,14,1100000,0,user_42,122,122,
711,15,1000000,0,user_32,122,122,
722,16,970000,0,user_40,122,122,
726,17,970000,0,user_40,122,122,
719,18,910000,0,user_38,122,122,
718,19,650000,0,user_38,122,122,
737,20,470000,0,user_49,122,122,
705,21,360000,322000,user_26,122,122,
736,22,350000,0,user_47,122,122,
702,23,310000,0,user_16,122,122,
690,24,300000,0,user_3,122,122,
688,25,190000,0,user_0,122,122,
698,26,170001,0,user_10,122,122,694
699,27,170001,0,user_12,122,122,694
700,28,170001,0,user_13,122,122,694
701,29,170001,0,user_15,122,122,694
708,30,170000,0,user_29,122,122,
721,31,170000,0,user_39,122,122,
697,32,169999,0,user_9,122,122,694
689,33,160000,0,user_1,122,122,
713,34,160000,285000,user_33,122,122,
730,35,160000,0,user_43,122,122,
716,36,150000,0,user_37,122,122,
720,37,150000,0,user_38,122,122,
723,38,150000,0,user_40,122,122,
706,39,120000,0,user_28,122,122,
712,40,120000,0,user_32,122,122,
703,41,110000,0,user_21,122,122,
729,42,110000,0,user_43,122,122,
710,43,100000,0,user_30,122,122,
725,44,100000,0,user_40,122,122,
687,45,83000,0,user_0,122,122,
752,0,19000000,0,user_19,123,123,
759,1,5000000,0,user_23,123,123,
760,2,5000000,0,user_25,123,123,
781,3,4200000,0,user_43,123,123,
743,4,3200000,0,user_6,123,123,
786,5,2500000,0,user_44,123,123,
782,6,2400000,0,user_43,123,123,
750,7,2100000,0,user_18,123,123,
762,8,1500000,0,user_28,123,123,
755,9,1400000,350000,user_19,123,123,
766,10,1400000,0,user_31,123,123,
769,11,1400000,15700,user_34,123,123,
757,12,1000000,0,user_21,123,123,
779,13,1000000,35600,user_41,123,123,
738,14,910000,0,user_1,123,123,
749,15,910000,0,user_16,123,123,
741,16,670000,0,user_4,123,123,
772,17,470000,0,user_34,123,123,
767,18,460000,0,user_32,123,123,
771,19,360000,0,user_34,123,123,
739,20,340000,0,user_2,123,123,
746,21,320000,0,user_11,123,123,
774,22,320000,0,user_36,123,123,
744,23,310000,0,user_7,123,123,
765,24,310000,13900,user_30,123,123,
784,25,310000,164000,user_43,123,123,
742,26,300000,0,user_5,123,123,
783,27,220000,0,user_43,123,123,
753,28,170000,0,user_19,123,123,
761,29,170000,0,user_26,123,123,
758,30,160000,0,user_22,123,123,
775,31,160000,0,user_37,123,123,
754,32,120000,0,user_19,123,123,
756,33,120000,56200,user_20,123,123,
740,34,110000,0,user_3,123,123,
780,35,110000,0,user_42,123,123,
763,36,98000,0,user_29,123,123,
768,37,98000,0,user_33,123,123,
776,38,98000,0,user_38,123,123,
785,39,98000,0,user_43,123,123,
770,40,85000,0,user_34,123,123,
747,41,84000,15700,user_13,123,123,
748,42,83999,0,user_14,123,123,747
764,43,79000,31700,user_30,123,123,
751,44,70000,0,user_19,123,123,
834,0,43000000,0,user_47,124,124,
816,1,6300000,0,user_32,124,124,
828,2,5200000,12300,user_43,124,124,
818,3,5000000,0,user_33,124,124,
787,4,2000000,0,user_0,124,124,
809,5,2000000,510000,user_22,124,124,
812,6,1500000,0,user_25,124,124,
813,7,1500000,0,user_25,124,124,
819,8,1500000,0,user_34,124,124,
830,9,1500000,410000,user_44,124,124,
803,10,1400000,0,user_17,124,124,
833,11,1400000,0,user_46,124,124,
789,12,1300001,0,user_1,124,124,788
793,13,1300001,0,user_6,124,124,788
794,14,1300001,0,user_7,124,124,788
795,15,1300001,0,user_11,124,124,788
796,16,1300001,0,user_13,124,124,788
797,17,1300001,0,user_14,124,124,788
798,18,1300001,0,user_15,124,124,788
788,19,1300000,35100,user_0,124,124,
790,20,1299999,0,user_4,124,124,788
791,21,1299999,0,user_5,124,124,788
792,22,1299999,0,user_5,124,124,788
835,23,1100000,231000,user_48,124,124,
799,24,1000000,39400,user_16,124,124,
827,25,530000,0,user_41,124,124,
822,26,470000,12800,user_36,124,124,
806,27,460000,0,user_18,124,124,
811,28,460000,0,user_24,124,124,
832,29,460000,0,user_45,124,124,
805,30,420000,0,user_17,124,124,
836,31,310000,0,user_49,124,124,
820,32,260000,0,user_34,124,124,
808,33,220000,0,user_19,124,124,
814,34,220000,49100,user_28,124,124,
802,35,170000,283000,user_17,124,124,
817,36,160000,0,user_32,124,124,
823,37,160000,0,user_38,124,124,
829,38,160000,47700,user_43,124,124,
807,39,150000,0,user_19,124,124,
815,40,150000,0,user_29,124,124,
826,41,150000,0,user_41,124,124,
824,42,120000,0,user_39,124,124,
831,43,120000,0,user_45,124,124,
804,44,85000,0,user_17,124,124,
801,45,82000,0,user_17,124,124,
810,46,80000,13900,user_23,124,124,
800,47,73000,0,user_16,124,124,
861,0,43000000,10700,user_25,125,125,
868,1,30000000,0,user_31,125,125,
864,2,5200000,0,user_28,125,125,
849,3,2100000,594000,user_17,125,125,
867,4,2000000,0,user_31,125,125,
854,5,1700000,0,user_22,125,125,
878,6,1600000,15100,user_39,125,125,
884,7,1600000,510000,user_43,125,125,
894,8,1600000,0,user_49,125,125,
858,9,1500000,32900,user_24,125,125,
838,10,1200001,0,user_1,125,125,837
839,11,1200001,0,user_2,125,125,837
840,12,1200001,0,user_4,125,125,837
841,13,1200001,0,user_5,125,125,837
842,14,1200001,0,user_6,125,125,837
846,15,1200001,0,user_13,125,125,837
847,16,1200001,0,user_15,125,125,837
837,17,1200000,231000,user_1,125,125,
843,18,1199999,0,user_7,125,125,837
845,19,1199999,0,user_12,125,125,837
860,20,1100000,0,user_24,125,125,
870,21,1100000,0,user_34,125,125,
855,22,1000000,0,user_23,125,125,
856,23,1000000,0,user_24,125,125,
866,24,1000000,0,user_28,125,125,
887,25,1000000,0,user_44,125,125,
876,26,970000,0,user_38,125,125,
892,27,970000,510000,user_47,125,125,
885,28,910000,0,user_43,125,125,
886,29,870000,0,user_43,125,125,
853,30,660000,15700,user_21,125,125,
881,31,660000,0,user_42,125,125,
882,32,630000,15700,user_43,125,125,
889,33,600000,0,user_45,125,125,
865,34,460000,0,user_28,125,125,
890,35,460000,0,user_45,125,125,
875,36,360000,0,user_37,125,125,
859,37,340000,0,user_24,125,125,
891,38,340000,0,user_47,125,125,
874,39,310000,0,user_37,125,125,
850,40,300000,0,user_18,125,125,
872,41,260000,0,user_37,125,125,
888,42,260000,0,user_44,125,125,
895,43,220000,0,user_49,125,125,
848,44,170000,0,user_16,125,125,
869,45,170000,75000,user_33,125,125,
851,46,150000,0,user_19,125,125,
857,47,150000,0,user_24,125,125,
871,48,150000,0,user_36,125,125,
880,49,150000,0,user_41,125,125,
863,50,120000,0,user_28,125,125,
877,51,120000,11200,user_39,125,125,
893,52,120000,0,user_48,125,125,
852,53,110000,0,user_20,125,125,
873,54,110000,0,user_37,125,125,
883,55,87000,0,user_43,125,125,
862,56,85000,8520,user_28,125,125,
905,0,43000000,0,user_11,126,126,
897,1,27000000,0,user_3,126,126,
924,2,6300000,36800,user_29,126,126,
935,3,6300000,0,user_36,126,126,
948,4,6100000,39400,user_48,126,126,
920,5,5000000,0,user_25,126,126,
926,6,5000000,0,user_31,126,126,
903,7,4500000,0,user_9,126,126,
901,8,3600000,0,user_7,126,126,
917,9,2500000,0,user_22,126,126,
942,10,2400000,0,user_43,126,126,
943,11,2000000,0,user_44,126,126,
912,12,1700000,0,user_17,126,126,
941,13,1600000,381000,user_43,126,126,
900,14,1500000,0,user_5,126,126,
906,15,1500000,0,user_11,126,126,
938,16,1500000,369000,user_42,126,126,
911,17,1400000,0,user_15,126,126,
937,18,1400000,13900,user_40,126,126,
936,19,1300000,0,user_39,126,126,
950,20,1100000,0,user_49,126,126,
949,21,1000000,43600,user_49,126,126,
932,22,970000,33300,user_33,126,126,
899,23,660000,0,user_4,126,126,
940,24,660000,33100,user_43,126,126,
902,25,530000,0,user_8,126,126,
934,26,470000,195000,user_35,126,126,
923,27,460000,0,user_28,126,126,
898,28,420000,0,user_4,126,126,
909,29,370000,0,user_14,126,126,
907,30,320000,0,user_12,126,126,
916,31,300000,0,user_21,126,126,
921,32,300000,0,user_26,126,126,
913,33,260000,0,user_19,126,126,
914,34,260000,322000,user_20,126,126,
915,35,170000,18600,user_20,126,126,
919,36,170000,5640,user_24,126,126,
908,37,150000,0,user_14,126,126,
939,38,150000,0,user_43,126,126,
944,39,150000,0,user_44,126,126,
896,40,120000,0,user_2,126,126,
925,41,110000,0,user_30,126,126,
918,42,100000,0,user_23,126,126,
910,43,87000,0,user_15,126,126,
904,44,82000,0,user_10,126,126,
931,45,70000,283000,user_33,126,126,
978,0,43000000,0,user_21,127,127,
998,1,43000000,0,user_41,127,127,
996,2,6300000,0,user_40,127,127,
975,3,6100000,0,user_20,127,127,
993,4,5000000,231000,user_37,127,127,
980,5,4500000,0,user_26,127,127,
987,6,4500000,0,user_31,127,127,
1008,7,4200000,0,user_46,127,127,
1012,8,3500000,0,user_48,127,127,
990,9,2600000,0,user_33,127,127,
977,10,2500000,15700,user_20,127,127,
1009,11,2000000,0,user_46,127,127,
986,12,1900000,0,user_30,127,127,
991,13,1800000,0,user_34,127,127,
983,14,1500000,0,user_28,127,127,
1003,15,1500000,0,user_44,127,127,
970,16,1400000,0,user_16,127,127,
972,17,1100000,0,user_19,127,127,
989,18,1100000,60700,user_33,127,127,
1013,19,1100000,16400,user_48,127,127,
973,20,1000000,18600,user_20,127,127,
1011,21,1000000,0,user_46,127,127,
997,22,970000,0,user_41,127,127,
982,23,870000,0,user_27,127,127,
1001,24,660000,0,user_43,127,127,
1010,25,650000,0,user_46,127,127,
1007,26,630000,15100,user_46,127,127,
984,27,530000,0,user_28,127,127,
954,28,360001,0,user_2,127,127,951
957,29,360001,0,user_3,127,127,951
959,30,360001,0,user_3,127,127,951
964,31,360001,0,user_7,127,127,951
951,32,360000,10700,user_0,127,127,
971,33,360000,0,user_18,127,127,
1002,34,360000,0,user_44,127,127,
952,35,359999,0,user_0,127,127,951
953,36,359999,0,user_1,127,127,951
955,37,359999,0,user_3,127,127,951
956,38,359999,0,user_3,127,127,951
958,39,359999,0,user_3,127,127,951
960,40,359999,0,user_5,127,127,951
961,41,359999,0,user_6,127,127,951
962,42,359999,0,user_7,127,127,951
963,43,359999,0,user_7,127,127,951
965,44,359999,0,user_7,127,127,951
966,45,359999,0,user_8,127,127,951
981,46,350000,0,user_27,127,127,
1006,47,260000,0,user_44,127,127,
1005,48,170000,0,user_44,127,127,
976,49,160000,0,user_20,127,127,
985,50,150000,46500,user_29,127,127,
974,51,120000,0,user_20,127,127,
1004,52,85000,0,user_44,127,127,
1014,53,84000,0,user_49,127,127,
988,54,83000,0,user_32,127,127,
992,55,80000,0,user_36,127,127,
979,56,70000,0,user_24,127,127,
1042,0,6300000,0,user_25,128,128,
1056,1,5000000,0,user_45,128,128,
1058,2,5000000,0,user_47,128,128,
1039,3,4500000,0,user_18,128,128,
1034,4,2300000,410000,user_16,128,128,
1032,5,1700000,545000,user_16,128,128,
1017,6,1500001,0,user_3,128,128,1016
1018,7,1500001,0,user_4,128,128,1016
1019,8,1500001,0,user_4,128,128,1016
1021,9,1500001,0,user_6,128,128,1016
1023,10,1500001,0,user_9,128,128,1016
1024,11,1500001,0,user_10,128,128,1016
1025,12,1500001,0,user_11,128,128,1016
1027,13,1500001,0,user_13,128,128,1016
1028,14,1500001,0,user_14,128,128,1016
1016,15,1500000,769000,user_3,128,128,
1043,16,1500000,0,user_25,128,128,
1020,17,1499999,0,user_4,128,128,1016
1022,18,1499999,0,user_8,128,128,1016
1026,19,1499999,0,user_11,128,128,1016
1029,20,1499999,0,user_15,128,128,1016
1046,21,1100000,0,user_30,128,128,
1052,22,1100000,0,user_38,128,128,
1035,23,650000,0,user_17,128,128,
1033,24,630000,36800,user_16,128,128,
1055,25,530000,0,user_44,128,128,
1044,26,460000,0,user_29,128,128,
1048,27,460000,0,user_33,128,128,
1030,28,420000,0,user_16,128,128,
1040,29,420000,0,user_22,128,128,
1051,30,350000,0,user_38,128,128,
1037,31,240000,0,user_18,128,128,
1047,32,160000,0,user_31,128,128,
1050,33,150000,0,user_35,128,128,
1057,34,130000,0,user_47,128,128,
1015,35,120000,0,user_1,128,128,
1031,36,120000,34700,user_16,128,128,
1036,37,120000,0,user_18,128,128,
1045,38,120000,8520,user_29,128,128,
1054,39,120000,0,user_43,128,128,
1049,40,100000,0,user_34,128,128,
1060,41,80000,155000,user_49,128,128,
1038,42,79000,16400,user_18,128,128,
1079,0,30000000,0,user_16,129,129,
1081,1,6300000,0,user_16,129,129,
1062,2,5000001,0,user_0,129,129,1061
1064,3,5000001,0,user_4,129,129,1061
1065,4,5000001,0,user_4,129,129,1061
1066,5,5000001,0,user_4,129,129,1061
1068,6,5000001,0,user_4,129,129,1061
1072,7,5000001,0,user_13,129,129,1061
1073,8,5000001,0,user_13,129,129,1061
1076,9,5000001,0,user_14,129,129,1061
1077,10,5000001,0,user_14,129,129,1061
1061,11,5000000,128000,user_0,129,129,
1063,12,4999999,0,user_2,129,129,1061
1067,13,4999999,0,user_4,129,129,1061
1069,14,4999999,0,user_5,129,129,1061
1070,15,4999999,0,user_6,129,129,1061
1071,16,4999999,0,user_8,129,129,1061
1074,17,4999999,0,user_14,129,129,1061
1075,18,4999999,0,user_14,129,129,1061
1078,19,4999999,0,user_14,129,129,1061
1090,20,3200000,0,user_23,129,129,
1117,21,2100000,0,user_48,129,129,
1080,22,1900000,0,user_16,129,129,
1087,23,1900000,32900,user_20,129,129,
1097,24,1900000,0,user_28,129,129,
1121,25,1900000,0,user_48,129,129,
1120,26,1600000,0,user_48,129,129,
1099,27,1500000,0,user_29,129,129,
1104,28,1100000,0,user_33,129,129,
1105,29,1100000,0,user_34,129,129,
1112,30,1100000,0,user_43,129,129,
1119,31,1000000,0,user_48,129,129,
1092,32,910000,0,user_26,129,129,
1083,33,660000,0,user_17,129,129,
1096,34,660000,0,user_27,129,129,
1115,35,630000,0,user_45,129,129,
1109,36,600000,0,user_41,129,129,
1086,37,470000,0,user_19,129,129,
1118,38,470000,0,user_48,129,129,
1103,39,370000,0,user_32,129,129,
1093,40,360000,231000,user_27,129,129,
1088,41,310000,0,user_21,129,129,
1091,42,300000,0,user_24,129,129,
1089,43,170000,11200,user_22,129,129,
1102,44,170000,0,user_31,129,129,
1095,45,160000,0,user_27,129,129,
1110,46,160000,0,user_42,129,129,
1094,47,150000,139000,user_27,129,129,
1098,48,150000,0,user_29,129,129,
1100,49,150000,0,user_30,129,129,
1084,50,130000,10700,user_18,129,129,
1085,51,120000,0,user_18,129,129,
1101,52,110000,0,user_31,129,129,
1108,53,110000,0,user_41,129,129,
1113,54,110000,30200,user_43,129,129,
1116,55,110000,0,user_46,129,129,
1082,56,85000,30200,user_16,129,129,
1114,57,80000,0,user_44,129,129,
1111,58,73000,0,user_42,129,129,
1163,0,4500000,959000,user_47,130,130,
1151,1,3500000,12300,user_34,130,130,
1123,2,2400000,0,user_3,130,130,
1153,3,1800000,0,user_36,130,130,
1155,4,1600000,0,user_38,130,130,
1160,5,1600000,0,user_45,130,130,
1139,6,1200000,0,user_20,130,130,
1141,7,1000000,0,user_23,130,130,
1136,8,910000,0,user_17,130,130,
1147,9,870000,0,user_30,130,130,
1143,10,660000,296000,user_26,130,130,
1154,11,630000,0,user_37,130,130,
1142,12,600000,0,user_25,130,130,
1164,13,600000,0,user_48,130,130,
1128,14,530001,0,user_10,130,130,1124
1130,15,530001,0,user_13,130,130,1124
1132,16,530001,0,user_14,130,130,1124
1133,17,530001,0,user_14,130,130,1124
1124,18,530000,594000,user_3,130,130,
1125,19,529999,0,user_5,130,130,1124
1126,20,529999,0,user_6,130,130,1124
1129,21,529999,0,user_12,130,130,1124
1131,22,529999,0,user_14,130,130,1124
1134,23,529999,0,user_15,130,130,1124
1135,24,460000,0,user_16,130,130,
1158,25,460000,0,user_43,130,130,
1162,26,420000,14200,user_46,130,130,
1159,27,360000,296000,user_44,130,130,
1150,28,350000,0,user_34,130,130,
1161,29,320000,0,user_46,130,130,
1146,30,310000,0,user_30,130,130,
1140,31,220000,0,user_22,130,130,
1122,32,170000,0,user_2,130,130,
1165,33,160000,0,user_48,130,130,
1137,34,150000,0,user_18,130,130,
1149,35,150000,0,user_31,130,130,
1157,36,150000,0,user_42,130,130,
1166,37,150000,11200,user_49,130,130,
1138,38,120000,0,user_19,130,130,
1148,39,120000,0,user_31,130,130,
1144,40,84000,73100,user_27,130,130,
1145,41,73000,0,user_28,130,130,
1220,0,30000000,0,user_45,131,131,
1227,1,27000000,49100,user_49,131,131,
1225,2,5200000,0,user_47,131,131,
1216,3,5000000,0,user_41,131,131,
1196,4,4500000,0,user_31,131,131,
1212,5,4500000,33300,user_39,131,131,
1198,6,2600000,17700000,user_32,131,131,
1202,7,2100000,283000,user_35,131,131,
1205,8,2000000,0,user_38,131,131,
1192,9,1900000,0,user_24,131,131,
1215,10,1900000,31700,user_40,131,131,
1190,11,1800000,84800,user_23,131,131,
1186,12,1600000,0,user_19,131,131,
1206,13,1500000,0,user_38,131,131,
1221,14,1400000,350000,user_46,131,131,
1224,15,1100000,0,user_47,131,131,
1201,16,1000000,0,user_34,131,131,
1168,17,870000,0,user_0,131,131,
1191,18,600000,0,user_24,131,131,
1210,19,600000,0,user_39,131,131,
1174,20,460001,0,user_4,131,131,1172
1179,21,460001,0,user_9,131,131,1172
1181,22,460001,0,user_10,131,131,1172
1182,23,460001,0,user_14,131,131,1172
1172,24,460000,12800,user_4,131,131,
1207,25,460000,0,user_38,131,131,
1173,26,459999,0,user_4,131,131,1172
1177,27,459999,0,user_7,131,131,1172
1178,28,459999,0,user_8,131,131,1172
1180,29,459999,0,user_10,131,131,1172
1183,30,459999,0,user_15,131,131,1172
1185,31,420000,21800,user_18,131,131,
1200,32,420000,0,user_34,131,131,
1167,33,370000,0,user_0,131,131,
1169,34,320000,0,user_1,131,131,
1223,35,300000,0,user_46,131,131,
1211,36,260000,0,user_39,131,131,
1189,37,220000,0,user_22,131,131,
1199,38,220000,0,user_33,131,131,
1170,39,190000,0,user_4,131,131,
1171,40,170000,0,user_4,131,131,
1222,41,170000,0,user_46,131,131,
1188,42,150000,0,user_20,131,131,
1219,43,150000,67900,user_45,131,131,
1197,44,120000,14200,user_32,131,131,
1195,45,110000,0,user_30,131,131,
1187,46,98000,43600,user_19,131,131,
1213,47,83000,64600,user_39,131,131,
1214,48,83000,0,user_39,131,131,
1194,49,82000,0,user_29,131,131,
1208,50,82000,195000,user_38,131,131,
1209,51,70000,0,user_38,131,131,
1253,0,5000000,0,user_32,132,132,
1241,1,2300000,0,user_21,132,132,
1250,2,2100000,0,user_27,132,132,
1248,3,2000000,0,user_24,132,132,
1252,4,2000000,0,user_32,132,132,
1258,5,2000000,0,user_36,132,132,
1243,6,1900000,0,user_23,132,132,
1254,7,1800000,13900,user_33,132,132,
1271,8,1800000,0,user_49,132,132,
1266,9,1500000,0,user_43,132,132,
1237,10,1400000,56200,user_16,132,132,
1244,11,1400000,1100000,user_24,132,132,
1232,12,1000001,0,user_7,132,132,1228
1234,13,1000001,0,user_9,132,132,1228
1235,14,1000001,0,user_10,132,132,1228
1228,15,1000000,17000,user_1,132,132,
1229,16,999999,0,user_1,132,132,1228
1230,17,999999,0,user_2,132,132,1228
1233,18,999999,0,user_8,132,132,1228
1236,19,999999,0,user_13,132,132,1228
1269,20,670000,0,user_48,132,132,
1263,21,530000,0,user_43,132,132,
1247,22,460000,0,user_24,132,132,
1255,23,310000,0,user_34,132,132,
1257,24,240000,0,user_35,132,132,
1259,25,240000,0,user_38,132,132,
1261,26,240000,5640,user_40,132,132,
1242,27,190000,0,user_22,132,132,
1238,28,170000,0,user_18,132,132,
1267,29,170000,0,user_44,132,132,
1245,30,150000,0,user_24,132,132,
1265,31,150000,0,user_43,132,132,
1260,32,130000,33100,user_38,132,132,
1246,33,120000,0,user_24,132,132,
1251,34,110000,0,user_30,132,132,
1256,35,87000,47700,user_35,132,132,
1268,36,85000,7840,user_45,132,132,
1240,37,73000,0,user_20,132,132,
1264,38,73000,11200,user_43,132,132,
1270,39,73000,12300,user_49,132,132,
1274,0,43000000,0,user_2,133,133,
1293,1,43000000,0,user_21,133,133,
1300,2,19000000,17000,user_31,133,133,
1312,3,6300000,0,user_42,133,133,
1297,4,6100000,0,user_25,133,133,
1299,5,6100000,0,user_29,133,133,
1296,6,5000000,0,user_24,133,133,
1298,7,5000000,0,user_27,133,133,
1315,8,3200000,0,user_47,133,133,
1284,9,2000000,0,user_13,133,133,
1287,10,2000000,0,user_17,133,133,
1289,11,1700000,0,user_19,133,133,
1281,12,1600000,0,user_11,133,133,
1273,13,1400000,0,user_1,133,133,
1290,14,1400000,0,user_19,133,133,
1272,15,1000000,0,user_0,133,133,
1278,16,1000000,0,user_6,133,133,
1302,17,1000000,0,user_33,133,133,
1291,18,650000,0,user_20,133,133,
1283,19,460000,0,user_12,133,133,
1286,20,460000,0,user_16,133,133,
1285,21,340000,0,user_14,133,133,
1294,22,310000,0,user_22,133,133,
1288,23,260000,0,user_17,133,133,
1305,24,240000,0,user_38,133,133,
1275,25,220000,0,user_3,133,133,
1276,26,220000,0,user_3,133,133,
1292,27,170000,0,user_21,133,133,
1306,28,170000,256000,user_38,133,133,
1277,29,160000,0,user_4,133,133,
1307,30,160000,0,user_39,133,133,
1316,31,150000,0,user_48,133,133,
1295,32,130000,0,user_23,133,133,
1304,33,120000,0,user_37,133,133,
1308,34,120000,0,user_39,133,133,
1301,35,98000,0,user_33,133,133,
1311,36,84000,155000,user_41,133,133,
1282,37,83000,0,user_12,133,133,
1313,38,83000,0,user_45,133,133,
1314,39,77000,0,user_46,133,133,
1348,0,43000000,0,user_31,134,134,
1352,1,19000000,5640,user_33,134,134,
1335,2,6100000,18600,user_18,134,134,
1337,3,5000000,5630,user_20,134,134,
1363,4,3500000,0,user_49,134,134,
1359,5,3200000,0,user_43,134,134,
1342,6,2100000,322000,user_23,134,134,
1320,7,1700000,0,user_3,134,134,
1349,8,1000000,0,user_32,134,134,
1329,9,970001,0,user_11,134,134,1321
1330,10,970001,0,user_12,134,134,1321
1331,11,970001,0,user_13,134,134,1321
1333,12,970001,0,user_15,134,134,1321
1321,13,970000,322000,user_4,134,134,
1338,14,970000,0,user_21,134,134,
1360,15,970000,0,user_44,134,134,
1322,16,969999,0,user_4,134,134,1321
1323,17,969999,0,user_5,134,134,1321
1324,18,969999,0,user_6,134,134,1321
1325,19,969999,0,user_7,134,134,1321
1328,20,969999,0,user_10,134,134,1321
1332,21,969999,0,user_14,134,134,1321
1339,22,650000,64600,user_21,134,134,
1361,23,630000,0,user_47,134,134,
1353,24,470000,0,user_33,134,134,
1347,25,420000,0,user_30,134,134,
1362,26,420000,0,user_48,134,134,
1354,27,350000,0,user_38,134,134,
1358,28,310000,0,user_43,134,134,
1319,29,260000,0,user_1,134,134,
1341,30,220000,0,user_22,134,134,
1318,31,160000,0,user_0,134,134,
1346,32,160000,0,user_30,134,134,
1351,33,150000,322000,user_33,134,134,
1317,34,120000,0,user_0,134,134,
1336,35,120000,0,user_19,134,134,
1357,36,120000,0,user_42,134,134,
1343,37,110000,0,user_25,134,134,
1345,38,110000,369000,user_27,134,134,
1356,39,110000,0,user_41,134,134,
1334,40,84000,34700,user_17,134,134,
1340,41,83000,0,user_22,134,134,
1350,42,82000,0,user_33,134,134,
1344,43,70000,0,user_26,134,134,
1387,0,30000000,0,user_20,135,135,
1397,1,27000000,283000,user_34,135,135,
1394,2,6100000,0,user_29,135,135,
1416,3,6100000,24700,user_48,135,135,
1380,4,5200000,0,user_17,135,135,
1400,5,4200000,0,user_34,135,135,
1383,6,3600000,0,user_19,135,135,
1398,7,3600000,0,user_34,135,135,
1384,8,2000000,0,user_19,135,135,
1404,9,1900000,0,user_37,135,135,
1411,10,1600000,594000,user_44,135,135,
1418,11,1600000,0,user_49,135,135,
1382,12,1500000,0,user_18,135,135,
1417,13,1500000,0,user_49,135,135,
1366,14,1400000,0,user_2,135,135,
1405,15,1300000,0,user_39,135,135,
1389,16,1000000,0,user_24,135,135,
1396,17,1000000,0,user_33,135,135,
1370,18,650001,0,user_10,135,135,1367
1371,19,650001,0,user_10,135,135,1367
1374,20,650001,0,user_11,135,135,1367
1377,21,650001,0,user_14,135,135,1367
1367,22,650000,256000,user_6,135,135,
1388,23,650000,0,user_23,135,135,
1372,24,649999,0,user_11,135,135,1367
1373,25,649999,0,user_11,135,135,1367
1375,26,649999,0,user_12,135,135,1367
1376,27,649999,0,user_13,135,135,1367
1378,28,649999,0,user_14,135,135,1367
1379,29,649999,0,user_15,135,135,1367
1412,30,530000,0,user_45,135,135,
1381,31,460000,67900,user_17,135,135,
1393,32,420000,0,user_27,135,135,
1399,33,360000,0,user_34,135,135,
1364,34,340000,0,user_1,135,135,
1403,35,340000,0,user_37,135,135,
1386,36,260000,0,user_19,135,135,
1395,37,260000,0,user_31,135,135,
1365,38,220000,0,user_2,135,135,
1409,39,190000,0,user_42,135,135,
1413,40,190000,0,user_46,135,135,
1407,41,160000,0,user_41,135,135,
1415,42,160000,0,user_47,135,135,
1401,43,150000,19700,user_34,135,135,
1390,44,120000,0,user_27,135,135,
1408,45,120000,0,user_42,135,135,
1391,46,110000,0,user_27,135,135,
1402,47,110000,0,user_36,135,135,
1392,48,100000,0,user_27,135,135,
1410,49,84000,0,user_44,135,135,
1414,50,79000,0,user_46,135,135,
1385,51,77000,0,user_19,135,135,
1446,0,19000000,0,user_29,136,136,
1440,1,6100000,0,user_18,136,136,
1451,2,5000000,256000,user_34,136,136,
1464,3,5000000,21800,user_44,136,136,
1468,4,4200000,35100,user_47,136,136,
1453,5,2600000,56200,user_37,136,136,
1455,6,2600000,0,user_39,136,136,
1466,7,2600000,0,user_47,136,136,
1444,8,2400000,8520,user_24,136,136,
1462,9,1900000,0,user_42,136,136,
1439,10,1500000,0,user_17,136,136,
1457,11,1300000,594000,user_41,136,136,
1424,12,1100001,0,user_3,136,136,1420
1426,13,1100001,0,user_4,136,136,1420
1427,14,1100001,0,user_4,136,136,1420
1430,15,1100001,0,user_5,136,136,1420
1432,16,1100001,0,user_7,136,136,1420
1433,17,1100001,0,user_10,136,136,1420
1434,18,1100001,0,user_11,136,136,1420
1435,19,1100001,0,user_12,136,136,1420
1420,20,1100000,49100,user_0,136,136,
1421,21,1099999,0,user_0,136,136,1420
1422,22,1099999,0,user_1,136,136,1420
1423,23,1099999,0,user_2,136,136,1420
1425,24,1099999,0,user_3,136,136,1420
1428,25,1099999,0,user_4,136,136,1420
1429,26,1099999,0,user_4,136,136,1420
1431,27,1099999,0,user_6,136,136,1420
1436,28,1099999,0,user_15,136,136,1420
1437,29,1099999,0,user_15,136,136,1420
1463,30,1000000,0,user_43,136,136,
1443,31,970000,0,user_24,136,136,
1460,32,910000,0,user_42,136,136,
1419,33,870000,0,user_0,136,136,
1449,34,870000,0,user_31,136,136,
1438,35,420000,0,user_16,136,136,
1454,36,420000,0,user_37,136,136,
1447,37,150000,0,user_30,136,136,
1445,38,130000,100000,user_27,136,136,
1441,39,120000,8520,user_20,136,136,
1461,40,120000,0,user_42,136,136,
1459,41,110000,0,user_42,136,136,
1467,42,110000,15100,user_47,136,136,
1448,43,87000,0,user_30,136,136,
1450,44,87000,350000,user_32,136,136,
1465,45,87000,0,user_47,136,136,
1458,46,82000,16400,user_42,136,136,
1442,47,73000,0,user_23,136,136,
1469,48,73000,0,user_48,136,136,
1523,0,30000000,0,user_42,137,137,
1496,1,6100000,0,user_16,137,137,
1529,2,5000000,0,user_47,137,137,
1531,3,5000000,0,user_49,137,137,
1497,4,4500000,0,user_17,137,137,
1528,5,3600000,0,user_46,137,137,
1522,6,2500000,0,user_40,137,137,
1525,7,2400000,0,user_44,137,137,
1507,8,1900000,0,user_24,137,137,
1511,9,1600000,0,user_28,137,137,
1499,10,1400000,0,user_19,137,137,
1501,11,1400000,0,user_21,137,137,
1516,12,1300000,510000,user_34,137,137,
1475,13,1200001,0,user_4,137,137,1473
1476,14,1200001,0,user_5,137,137,1473
1477,15,1200001,0,user_6,137,137,1473
1478,16,1200001,0,user_6,137,137,1473
1481,17,1200001,0,user_7,137,137,1473
1484,18,1200001,0,user_8,137,137,1473
1485,19,1200001,0,user_9,137,137,1473
1488,20,1200001,0,user_11,137,137,1473
1489,21,1200001,0,user_12,137,137,1473
1490,22,1200001,0,user_12,137,137,1473
1473,23,1200000,13900,user_2,137,137,
1474,24,1199999,0,user_4,137,137,1473
1479,25,1199999,0,user_7,137,137,1473
1480,26,1199999,0,user_7,137,137,1473
1482,27,1199999,0,user_7,137,137,1473
1483,28,1199999,0,user_7,137,137,1473
1491,29,1199999,0,user_13,137,137,1473
1493,30,1199999,0,user_15,137,137,1473
1515,31,1100000,35100,user_32,137,137,
1503,32,1000000,75000,user_22,137,137,
1506,33,910000,0,user_24,137,137,
1517,34,670000,0,user_35,137,137,
1519,35,670000,0,user_37,137,137,
1510,36,530000,0,user_28,137,137,
1494,37,470000,0,user_16,137,137,
1518,38,470000,0,user_35,137,137,
1502,39,350000,215000,user_22,137,137,
1505,40,300000,0,user_23,137,137,
1520,41,300000,13900,user_38,137,137,
1471,42,260000,0,user_1,137,137,
1498,43,220000,0,user_18,137,137,
1504,44,170000,0,user_23,137,137,
1527,45,170000,0,user_46,137,137,
1526,46,160000,0,user_45,137,137,
1524,47,150000,4320000,user_43,137,137,
1472,48,120000,0,user_1,137,137,
1495,49,79000,0,user_16,137,137,
1508,50,79000,35600,user_24,137,137,
1500,51,77000,0,user_19,137,137,
1514,52,73000,0,user_32,137,137,
1563,0,30000000,12800,user_45,138,138,
1548,1,27000000,0,user_26,138,138,
1549,2,6300000,0,user_27,138,138,
1536,3,4200001,0,user_6,138,138,1535
1540,4,4200001,0,user_14,138,138,1535
1535,5,4200000,10700,user_5,138,138,
1537,6,4199999,0,user_10,138,138,1535
1538,7,4199999,0,user_13,138,138,1535
1539,8,4199999,0,user_13,138,138,1535
1541,9,4199999,0,user_15,138,138,1535
1554,10,3600000,296000,user_32,138,138,
1560,11,2600000,7190000,user_42,138,138,
1570,12,1800000,0,user_48,138,138,
1567,13,1700000,121000,user_45,138,138,
1569,14,1500000,0,user_46,138,138,
1568,15,1100000,0,user_46,138,138,
1571,16,1000000,0,user_48,138,138,
1573,17,670000,0,user_48,138,138,
1574,18,670000,0,user_49,138,138,
1545,19,530000,0,user_25,138,138,
1550,20,530000,0,user_28,138,138,
1564,21,370000,0,user_45,138,138,
1562,22,360000,0,user_43,138,138,
1556,23,340000,0,user_36,138,138,
1558,24,340000,0,user_38,138,138,
1534,25,310000,0,user_2,138,138,
1552,26,300000,0,user_29,138,138,
1572,27,170000,67500,user_48,138,138,
1551,28,160000,0,user_29,138,138,
1566,29,160000,67900,user_45,138,138,
1532,30,150000,0,user_0,138,138,
1555,31,150000,32900,user_34,138,138,
1557,32,150000,0,user_38,138,138,
1547,33,130000,0,user_26,138,138,
1559,34,130000,161000,user_39,138,138,
1533,35,120000,0,user_2,138,138,
1544,36,120000,0,user_21,138,138,
1553,37,120000,0,user_31,138,138,
1565,38,110000,10700,user_45,138,138,
1543,39,87000,0,user_19,138,138,
1542,40,85000,0,user_17,138,138,
1561,41,83000,779000,user_42,138,138,
1546,42,82000,0,user_25,138,138,
1618,0,27000000,0,user_40,139,139,
1607,1,19000000,0,user_31,139,139,
1609,2,5200000,0,user_31,139,139,
1619,3,4500000,0,user_41,139,139,
1620,4,3600000,0,user_42,139,139,
1615,5,3200000,0,user_37,139,139,
1608,6,2500000,23500,user_31,139,139,
1621,7,2300000,0,user_43,139,139,
1595,8,2100000,0,user_20,139,139,
1590,9,1700000,7190000,user_16,139,139,
1630,10,1700000,0,user_48,139,139,
1614,11,1600000,0,user_37,139,139,
1597,12,1500000,12300,user_22,139,139,
1624,13,1500000,256000,user_45,139,139,
1577,14,1400000,0,user_2,139,139,
1575,15,1100000,0,user_1,139,139,
1591,16,1000000,0,user_17,139,139,
1603,17,970000,0,user_27,139,139,
1610,18,870000,0,user_31,139,139,
1589,19,670000,256000,user_16,139,139,
1623,20,630000,161000,user_45,139,139,
1588,21,600000,0,user_16,139,139,
1592,22,420000,0,user_17,139,139,
1617,23,320000,0,user_40,139,139,
1605,24,310000,0,user_30,139,139,
1622,25,310000,0,user_44,139,139,
1625,26,260000,0,user_46,139,139,
1593,27,240000,296000,user_18,139,139,
1604,28,240000,0,user_29,139,139,
1586,29,220000,0,user_16,139,139,
1616,30,190000,19700,user_37,139,139,
1576,31,150000,0,user_2,139,139,
1606,32,150000,64600,user_31,139,139,
1581,33,120001,0,user_9,139,139,1578
1578,34,120000,181000,user_3,139,139,
1587,35,120000,0,user_16,139,139,
1611,36,120000,0,user_32,139,139,
1579,37,119999,0,user_5,139,139,1578
1582,38,119999,0,user_10,139,139,1578
1585,39,119999,0,user_14,139,139,1578
1613,40,98000,0,user_37,139,139,
1612,41,83000,0,user_35,139,139,
1602,42,77000,0,user_27,139,139,
1596,43,70000,0,user_21,139,139,
1660,0,30000000,0,user_20,140,140,
1676,1,5200000,0,user_38,140,140,
1662,2,4500000,0,user_22,140,140,
1677,3,4200000,68100,user_40,140,140,
1655,4,3600000,0,user_19,140,140,
1674,5,3600000,0,user_38,140,140,
1666,6,3500000,8520,user_28,140,140,
1686,7,2500000,0,user_49,140,140,
1667,8,2400000,510000,user_31,140,140,
1680,9,2300000,779000,user_41,140,140,
1661,10,2100000,0,user_20,140,140,
1652,11,1700000,0,user_17,140,140,
1658,12,1400000,0,user_19,140,140,
1673,13,1000000,0,user_38,140,140,
1650,14,870000,0,user_16,140,140,
1657,15,670000,0,user_19,140,140,
1653,16,650000,47700,user_18,140,140,
1681,17,600000,49100,user_42,140,140,
1685,18,460000,0,user_49,140,140,
1654,19,360000,0,user_18,140,140,
1679,20,350000,0,user_41,140,140,
1670,21,340000,0,user_35,140,140,
1672,22,310000,0,user_38,140,140,
1688,23,220000,0,user_49,140,140,
1689,24,190000,21800,user_49,140,140,
1663,25,130000,0,user_25,140,140,
1659,26,120000,0,user_19,140,140,
1664,27,120000,0,user_26,140,140,
1668,28,120000,0,user_33,140,140,
1671,29,120000,0,user_37,140,140,
1682,30,120000,0,user_43,140,140,
1687,31,120000,5180,user_49,140,140,
1656,32,110000,0,user_19,140,140,
1678,33,82000,0,user_40,140,140,
1636,34,77001,0,user_4,140,140,1634
1640,35,77001,0,user_6,140,140,1634
1641,36,77001,0,user_7,140,140,1634
1649,37,77001,0,user_15,140,140,1634
1634,38,77000,12800,user_2,140,140,
1635,39,76999,0,user_2,140,140,1634
1637,40,76999,0,user_4,140,140,1634
1638,41,76999,0,user_5,140,140,1634
1639,42,76999,0,user_5,140,140,1634
1642,43,76999,0,user_8,140,140,1634
1643,44,76999,0,user_9,140,140,1634
1644,45,76999,0,user_10,140,140,1634
1645,46,76999,0,user_11,140,140,1634
1646,47,76999,0,user_11,140,140,1634
1647,48,76999,0,user_12,140,140,1634
1648,49,76999,0,user_15,140,140,1634
1651,50,73000,0,user_17,140,140,
1675,51,73000,0,user_38,140,140,
1720,0,43000000,0,user_33,141,141,
1731,1,30000000,0,user_43,141,141,
1736,2,27000000,0,user_48,141,141,
1737,3,27000000,0,user_49,141,141,
1719,4,5000000,0,user_32,141,141,
1729,5,3500000,0,user_42,141,141,
1723,6,2400000,322000,user_36,141,141,
1710,7,2000000,0,user_22,141,141,
1711,8,2000000,36800,user_23,141,141,
1708,9,1500000,0,user_20,141,141,
1691,10,1100000,0,user_2,141,141,
1717,11,1000000,0,user_30,141,141,
1693,12,970001,0,user_3,141,141,1692
1699,13,970001,0,user_10,141,141,1692
1701,14,970001,0,user_14,141,141,1692
1702,15,970001,0,user_15,141,141,1692
1703,16,970001,0,user_15,141,141,1692
1692,17,970000,369000,user_3,141,141,
1694,18,969999,0,user_5,141,141,1692
1695,19,969999,0,user_6,141,141,1692
1696,20,969999,0,user_7,141,141,1692
1700,21,969999,0,user_12,141,141,1692
1706,22,660000,0,user_19,141,141,
1733,23,660000,0,user_45,141,141,
1716,24,630000,0,user_29,141,141,
1724,25,460000,215000,user_37,141,141,
1715,26,420000,0,user_29,141,141,
1713,27,370000,0,user_23,141,141,
1704,28,310000,4320000,user_18,141,141,
1690,29,220000,0,user_1,141,141,
1721,30,220000,100000,user_34,141,141,
1735,31,170000,0,user_48,141,141,
1707,32,160000,0,user_20,141,141,
1705,33,150000,0,user_18,141,141,
1718,34,150000,0,user_31,141,141,
1730,35,150000,0,user_43,141,141,
1732,36,150000,4320000,user_44,141,141,
1734,37,150000,3130,user_47,141,141,
1725,38,120000,39400,user_38,141,141,
1714,39,110000,0,user_24,141,141,
1709,40,84000,0,user_21,141,141,
1712,41,79000,0,user_23,141,141,
1727,42,73000,0,user_41,141,141,
1728,43,70000,0,user_41,141,141,
1754,0,43000000,0,user_22,142,142,
1742,1,30000001,0,user_8,142,142,1741
1743,2,30000001,0,user_9,142,142,1741
1746,3,30000001,0,user_14,142,142,1741
1741,4,30000000,34700,user_7,142,142,
1744,5,29999999,0,user_11,142,142,1741
1745,6,29999999,0,user_13,142,142,1741
1747,7,29999999,0,user_15,142,142,1741
1775,8,4200000,0,user_44,142,142,
1740,9,2000000,0,user_4,142,142,
1763,10,2000000,34700,user_31,142,142,
1774,11,2000000,0,user_42,142,142,
1780,12,2000000,0,user_46,142,142,
1761,13,1800000,0,user_28,142,142,
1766,14,1800000,0,user_36,142,142,
1767,15,1800000,0,user_36,142,142,
1778,16,1600000,0,user_45,142,142,
1769,17,1500000,296000,user_37,142,142,
1779,18,1100000,0,user_46,142,142,
1755,19,1000000,0,user_23,142,142,
1757,20,970000,181000,user_24,142,142,
1771,21,970000,0,user_39,142,142,
1760,22,650000,0,user_26,142,142,
1765,23,600000,18600,user_34,142,142,
1759,24,260000,0,user_25,142,142,
1772,25,260000,0,user_40,142,142,
1749,26,240000,164000,user_17,142,142,
1776,27,220000,0,user_44,142,142,
1777,28,170000,4320000,user_45,142,142,
1751,29,120000,0,user_20,142,142,
1758,30,120000,0,user_25,142,142,
1768,31,120000,0,user_37,142,142,
1773,32,120000,0,user_40,142,142,
1781,33,110000,0,user_46,142,142,
1782,34,110000,0,user_46,142,142,
1748,35,98000,0,user_16,142,142,
1770,36,98000,128000,user_38,142,142,
1750,37,79000,0,user_17,142,142,
1756,38,79000,13900,user_24,142,142,
1807,0,6100000,0,user_16,143,143,
1814,1,6100000,0,user_22,143,143,
1826,2,6100000,0,user_44,143,143,
1829,3,5000000,0,user_49,143,143,
1823,4,4500000,0,user_32,143,143,
1785,5,4200000,0,user_0,143,143,
1830,6,4200000,0,user_49,143,143,
1809,7,3600000,0,user_17,143,143,
1812,8,3200000,0,user_21,143,143,
1817,9,2400000,0,user_24,143,143,
1824,10,1400000,283000,user_38,143,143,
1818,11,1000000,0,user_25,143,143,
1819,12,1000000,0,user_27,143,143,
1808,13,670000,42000,user_17,143,143,
1822,14,460000,0,user_32,143,143,
1810,15,320000,0,user_19,143,143,
1789,16,310001,0,user_3,143,143,1787
1792,17,310001,0,user_3,143,143,1787
1797,18,310001,0,user_10,143,143,1787
1798,19,310001,0,user_11,143,143,1787
1804,20,310001,0,user_12,143,143,1787
1787,21,310000,35600,user_1,143,143,
1811,22,310000,8520,user_20,143,143,
1788,23,309999,0,user_2,143,143,1787
1790,24,309999,0,user_3,143,143,1787
1791,25,309999,0,user_3,143,143,1787
1793,26,309999,0,user_4,143,143,1787
1794,27,309999,0,user_5,143,143,1787
1795,28,309999,0,user_6,143,143,1787
1799,29,309999,0,user_11,143,143,1787
1800,30,309999,0,user_11,143,143,1787
1801,31,309999,0,user_11,143,143,1787
1802,32,309999,0,user_11,143,143,1787
1803,33,309999,0,user_12,143,143,1787
1805,34,309999,0,user_13,143,143,1787
1806,35,309999,0,user_14,143,143,1787
1827,36,260000,0,user_47,143,143,
1815,37,170000,0,user_22,143,143,
1820,38,170000,0,user_28,143,143,
1831,39,160000,0,user_49,143,143,
1786,40,110000,0,user_1,143,143,
1813,41,110000,161000,user_22,143,143,
1821,42,110000,0,user_30,143,143,
1828,43,110000,381000,user_49,143,143,
1816,44,85000,0,user_23,143,143,
1825,45,79000,10700,user_42,143,143,
41,0,19000000,0,user_40,144,144,
47,1,19000000,0,user_46,144,144,
33,2,6100000,0,user_31,144,144,
49,3,6100000,0,user_48,144,144,
25,4,5200000,0,user_23,144,144,
4,5,5000000,0,user_4,144,144,
20,6,5000000,0,user_18,144,144,
0,7,3200000,0,user_0,144,144,
1,8,2100000,0,user_1,144,144,
18,9,1700000,0,user_16,144,144,
43,10,1700000,0,user_43,144,144,
23,11,1500000,283000,user_22,144,144,
34,12,1500000,0,user_31,144,144,
46,13,530000,0,user_43,144,144,
45,14,460000,0,user_43,144,144,
48,15,420000,0,user_47,144,144,
21,16,340000,5630,user_19,144,144,
22,17,340000,0,user_21,144,144,
44,18,340000,0,user_43,144,144,
30,19,300000,0,user_27,144,144,
40,20,300000,19700,user_40,144,144,
31,21,260000,0,user_28,144,144,
50,22,220000,0,user_48,144,144,
29,23,170000,0,user_26,144,144,
5,24,160000,0,user_5,144,144,
24,25,160000,0,user_23,144,144,
32,26,150000,43600,user_29,144,144,
3,27,120000,0,user_4,144,144,
36,28,120000,0,user_34,144,144,
2,29,110000,0,user_3,144,144,
37,30,110000,108000,user_37,144,144,
39,31,110000,0,user_39,144,144,
51,32,100000,84800,user_49,144,144,
26,33,79000,0,user_24,144,144,
35,34,79000,0,user_33,144,144,
10,35,70001,0,user_7,144,144,6
16,36,70001,0,user_14,144,144,6
17,37,70001,0,user_15,144,144,6
6,38,70000,3130,user_6,144,144,
7,39,69999,0,user_7,144,144,6
8,40,69999,0,user_7,144,144,6
9,41,69999,0,user_7,144,144,6
11,42,69999,0,user_7,144,144,6
13,43,69999,0,user_11,144,144,6
75,0,43000000,256000,user_23,145,145,
76,1,5000000,0,user_25,145,145,
87,2,4200000,0,user_38,145,145,
80,3,3500000,0,user_27,145,145,
100,4,3200000,0,user_49,145,145,
72,5,2600000,0,user_19,145,145,
98,6,2500000,0,user_48,145,145,
95,7,2300000,14200,user_48,145,145,
68,8,2000000,0,user_17,145,145,
81,9,2000000,0,user_29,145,145,
85,10,2000000,0,user_34,145,145,
88,11,2000000,0,user_41,145,145,
79,12,1900000,0,user_27,145,145,
92,13,1800000,0,user_44,145,145,
70,14,1500000,17000,user_19,145,145,
96,15,1500000,0,user_48,145,145,
89,16,1100000,256000,user_42,145,145,
99,17,670000,71800,user_49,145,145,
93,18,630000,0,user_45,145,145,
74,19,420000,12800,user_21,145,145,
91,20,350000,0,user_44,145,145,
78,21,190000,12800,user_26,145,145,
101,22,190000,0,user_49,145,145,
71,23,170000,0,user_19,145,145,
82,24,170000,11200,user_29,145,145,
83,25,170000,0,user_30,145,145,
84,26,120000,0,user_31,145,145,
90,27,120000,0,user_43,145,145,
67,28,110000,0,user_16,145,145,
94,29,84000,0,user_46,145,145,
73,30,83000,34700,user_19,145,145,
77,31,83000,21800,user_25,145,145,
53,32,80001,0,user_1,145,145,52
54,33,80001,0,user_2,145,145,52
55,34,80001,0,user_3,145,145,52
58,35,80001,0,user_7,145,145,52
62,36,80001,0,user_10,145,145,52
64,37,80001,0,user_11,145,145,52
66,38,80001,0,user_15,145,145,52
52,39,80000,11200,user_1,145,145,
56,40,79999,0,user_4,145,145,52
57,41,79999,0,user_6,145,145,52
63,42,79999,0,user_10,145,145,52
65,43,79999,0,user_13,145,145,52
97,44,79000,0,user_48,145,145,
69,45,70000,0,user_19,145,145,
116,0,30000000,0,user_16,146,146,
121,1,30000000,146000,user_25,146,146,
105,2,5000000,0,user_4,146,146,
133,3,2400000,13900,user_39,146,146,
118,4,2300000,0,user_18,146,146,
103,5,2000000,0,user_2,146,146,
117,6,2000000,146000,user_17,146,146,
134,7,2000000,75000,user_39,146,146,
124,8,1100000,10700,user_29,146,146,
135,9,1100000,0,user_41,146,146,
136,10,1000000,0,user_43,146,146,
139,11,1000000,0,user_46,146,146,
102,12,970000,0,user_0,146,146,
119,13,650000,3130,user_24,146,146,
125,14,600000,0,user_30,146,146,
138,15,600000,0,user_45,146,146,
131,16,460000,5640,user_37,146,146,
107,17,420001,0,user_4,146,146,106
108,18,420001,0,user_5,146,146,106
111,19,420001,0,user_10,146,146,106
112,20,420001,0,user_11,146,146,106
115,21,420001,0,user_15,146,146,106
106,22,420000,24700,user_4,146,146,
137,23,420000,0,user_44,146,146,
142,24,420000,0,user_49,146,146,
109,25,419999,0,user_5,146,146,106
110,26,419999,0,user_6,146,146,106
113,27,419999,0,user_12,146,146,106
114,28,419999,0,user_13,146,146,106
120,29,340000,0,user_25,146,146,
127,30,220000,0,user_32,146,146,
141,31,160000,0,user_48,146,146,
123,32,150000,0,user_27,146,146,
132,33,150000,0,user_37,146,146,
104,34,110000,0,user_3,146,146,
126,35,110000,0,user_32,146,146,
128,36,110000,0,user_33,146,146,
129,37,110000,73100,user_34,146,146,
122,38,77000,7840,user_26,146,146,
140,39,77000,0,user_47,146,146,
161,0,43000000,0,user_17,147,147,
145,1,30000001,0,user_5,147,147,143
147,2,30000001,0,user_7,147,147,143
149,3,30000001,0,user_10,147,147,143
152,4,30000001,0,user_12,147,147,143
153,5,30000001,0,user_14,147,147,143
143,6,30000000,84800,user_0,147,147,
184,7,30000000,0,user_43,147,147,
144,8,29999999,0,user_2,147,147,143
146,9,29999999,0,user_6,147,147,143
150,10,29999999,0,user_11,147,147,143
151,11,29999999,0,user_11,147,147,143
154,12,29999999,0,user_15,147,147,143
160,13,6100000,0,user_17,147,147,
166,14,4500000,0,user_22,147,147,
155,15,2000000,0,user_16,147,147,
157,16,2000000,0,user_16,147,147,
168,17,2000000,0,user_22,147,147,
185,18,1800000,5180,user_44,147,147,
192,19,1500000,0,user_49,147,147,
183,20,1400000,0,user_42,147,147,
187,21,1400000,0,user_46,147,147,
190,22,1100000,0,user_48,147,147,
193,23,1100000,0,user_49,147,147,
169,24,1000000,0,user_23,147,147,
175,25,1000000,0,user_32,147,147,
174,26,970000,0,user_30,147,147,
191,27,910000,13800,user_48,147,147,
164,28,870000,0,user_22,147,147,
173,29,870000,0,user_30,147,147,
178,30,670000,0,user_36,147,147,
186,31,660000,0,user_45,147,147,
188,32,650000,0,user_46,147,147,
159,33,460000,0,user_16,147,147,
182,34,370000,0,user_41,147,147,
195,35,360000,75000,user_49,147,147,
179,36,340000,0,user_36,147,147,
180,37,310000,0,user_38,147,147,
163,38,300000,0,user_19,147,147,
167,39,260000,0,user_22,147,147,
156,40,220000,0,user_16,147,147,
189,41,220000,0,user_47,147,147,
162,42,160000,0,user_18,147,147,
172,43,150000,0,user_28,147,147,
171,44,120000,0,user_26,147,147,
194,45,120000,0,user_49,147,147,
158,46,110000,0,user_16,147,147,
170,47,100000,0,user_25,147,147,
165,48,85000,0,user_22,147,147,
177,49,85000,0,user_36,147,147,
196,0,6300000,0,user_0,148,148,
239,1,6300000,0,user_33,148,148,
242,2,6100000,0,user_36,148,148,
222,3,4500000,155000,user_20,148,148,
223,4,4200000,0,user_20,148,148,
231,5,4200000,0,user_27,148,148,
250,6,3500000,369000,user_45,148,148,
218,7,2500000,0,user_17,148,148,
238,8,2500000,0,user_32,148,148,
230,9,2400000,0,user_25,148,148,
241,10,2400000,0,user_34,148,148,
243,11,2100000,231000,user_38,148,148,
221,12,2000000,0,user_19,148,148,
219,13,1500000,0,user_18,148,148,
217,14,1400000,0,user_16,148,148,
233,15,1400000,0,user_28,148,148,
251,16,1400000,0,user_47,148,148,
254,17,1200000,0,user_49,148,148,
229,18,1100000,0,user_24,148,148,
227,19,1000000,73100,user_22,148,148,
226,20,970000,0,user_21,148,148,
228,21,650000,0,user_24,148,148,
252,22,420000,0,user_48,148,148,
244,23,370000,0,user_38,148,148,
234,24,310000,0,user_30,148,148,
206,25,240001,0,user_12,148,148,197
207,26,240001,0,user_13,148,148,197
208,27,240001,0,user_13,148,148,197
211,28,240001,0,user_14,148,148,197
214,29,240001,0,user_14,148,148,197
215,30,240001,0,user_14,148,148,197
197,31,240000,16400,user_2,148,148,
198,32,239999,0,user_3,148,148,197
199,33,239999,0,user_4,148,148,197
200,34,239999,0,user_6,148,148,197
201,35,239999,0,user_7,148,148,197
203,36,239999,0,user_10,148,148,197
204,37,239999,0,user_11,148,148,197
205,38,239999,0,user_11,148,148,197
209,39,239999,0,user_13,148,148,197
210,40,239999,0,user_13,148,148,197
212,41,239999,0,user_14,148,148,197
213,42,239999,0,user_14,148,148,197
216,43,239999,0,user_15,148,148,197
224,44,190000,0,user_20,148,148,
253,45,190000,0,user_49,148,148,
225,46,170000,0,user_20,148,148,
240,47,160000,0,user_34,148,148,
220,48,150000,7190000,user_19,148,148,
248,49,150000,0,user_41,148,148,
245,50,110000,231000,user_39,148,148,
247,51,110000,155000,user_41,148,148,
237,52,98000,0,user_30,148,148,
232,53,85000,0,user_27,148,148,
235,54,84000,0,user_30,148,148,
249,55,80000,0,user_43,148,148,
236,56,73000,0,user_30,148,148,
255,0,30000000,0,user_0,149,149,
289,1,5200000,0,user_39,149,149,
275,2,5000000,0,user_26,149,149,
283,3,4500000,0,user_31,149,149,
277,4,2500000,959000,user_27,149,149,
287,5,2300000,0,user_36,149,149,
270,6,1900000,0,user_20,149,149,
266,7,1800000,0,user_18,149,149,
269,8,1800000,0,user_20,149,149,
273,9,1500000,0,user_23,149,149,
284,10,1500000,0,user_32,149,149,
256,11,1300000,0,user_1,149,149,
294,12,1300000,0,user_44,149,149,
279,13,1000000,0,user_30,149,149,
268,14,870000,0,user_20,149,149,
282,15,670000,0,user_30,149,149,
278,16,660000,0,user_30,149,149,
293,17,660000,0,user_43,149,149,
260,18,460001,0,user_5,149,149,259
263,19,460001,0,user_12,149,149,259
264,20,460001,0,user_14,149,149,259
265,21,460001,0,user_15,149,149,259
259,22,460000,779000,user_2,149,149,
280,23,460000,0,user_30,149,149,
296,24,460000,0,user_49,149,149,
267,25,420000,0,user_19,149,149,
258,26,370000,0,user_2,149,149,
257,27,260000,0,user_1,149,149,
276,28,240000,0,user_26,149,149,
286,29,240000,32900,user_36,149,149,
288,30,240000,75000,user_38,149,149,
272,31,220000,0,user_23,149,149,
281,32,220000,0,user_30,149,149,
285,33,190000,0,user_33,149,149,
290,34,170000,0,user_41,149,149,
291,35,160000,0,user_42,149,149,
292,36,120000,0,user_42,149,149,
274,37,110000,0,user_25,149,149,
271,38,80000,14200,user_20,149,149,
295,39,77000,0,user_49,149,149,
333,0,27000000,0,user_35,150,150,
304,1,19000000,0,user_6,150,150,
350,2,19000000,0,user_46,150,150,
341,3,5200000,0,user_40,150,150,
303,4,5000000,0,user_6,150,150,
310,5,5000000,0,user_12,150,150,
313,6,5000000,0,user_16,150,150,
312,7,3600000,0,user_15,150,150,
315,8,3500000,0,user_19,150,150,
340,9,3200000,47700,user_40,150,150,
335,10,2100000,0,user_37,150,150,
297,11,2000000,0,user_0,150,150,
305,12,1900000,0,user_7,150,150,
327,13,1800000,60700,user_32,150,150,
329,14,1400000,36800,user_33,150,150,
351,15,1400000,4320000,user_46,150,150,
307,16,1100000,0,user_10,150,150,
311,17,1100000,0,user_12,150,150,
323,18,1100000,0,user_28,150,150,
339,19,1000000,0,user_39,150,150,
347,20,1000000,0,user_45,150,150,
308,21,970000,0,user_10,150,150,
342,22,970000,67900,user_43,150,150,
338,23,870000,0,user_39,150,150,
306,24,670000,0,user_9,150,150,
324,25,670000,18600,user_29,150,150,
348,26,670000,0,user_45,150,150,
336,27,660000,0,user_39,150,150,
352,28,660000,0,user_48,150,150,
344,29,650000,0,user_44,150,150,
326,30,470000,0,user_31,150,150,
328,31,460000,0,user_32,150,150,
300,32,420000,0,user_3,150,150,
320,33,420000,0,user_25,150,150,
331,34,360000,121000,user_33,150,150,
346,35,310000,0,user_45,150,150,
301,36,300000,0,user_3,150,150,
316,37,220000,0,user_20,150,150,
317,38,220000,0,user_21,150,150,
345,39,190000,0,user_45,150,150,
321,40,170000,47700,user_26,150,150,
337,41,170000,0,user_39,150,150,
349,42,170000,0,user_45,150,150,
302,43,160000,0,user_4,150,150,
334,44,160000,0,user_36,150,150,
330,45,83000,0,user_33,150,150,
343,46,77000,164000,user_43,150,150,
322,47,70000,15300,user_27,150,150,
381,0,19000000,0,user_38,151,151,
353,1,6100000,0,user_3,151,151,
366,2,5000000,15300,user_19,151,151,
371,3,5000000,0,user_27,151,151,
385,4,5000000,56200,user_40,151,151,
389,5,4500000,0,user_44,151,151,
391,6,4200000,0,user_47,151,151,
374,7,3200000,0,user_30,151,151,
386,8,3200000,128000,user_40,151,151,
373,9,2400000,0,user_29,151,151,
377,10,2400000,285000,user_32,151,151,
393,11,2000000,0,user_47,151,151,
375,12,1700000,0,user_31,151,151,
361,13,1600001,0,user_11,151,151,357
357,14,1600000,64600,user_6,151,151,
358,15,1599999,0,user_6,151,151,357
359,16,1599999,0,user_7,151,151,357
360,17,1599999,0,user_11,151,151,357
362,18,1599999,0,user_12,151,151,357
365,19,1599999,0,user_15,151,151,357
387,20,1500000,0,user_41,151,151,
372,21,1400000,15700,user_28,151,151,
390,22,1300000,0,user_46,151,151,
378,23,1100000,0,user_34,151,151,
384,24,1100000,594000,user_40,151,151,
382,25,650000,0,user_40,151,151,
394,26,320000,0,user_48,151,151,
379,27,310000,0,user_35,151,151,
369,28,120000,0,user_22,151,151,
383,29,100000,0,user_40,151,151,
370,30,85000,0,user_25,151,151,
392,31,79000,108000,user_47,151,151,
376,32,77000,0,user_32,151,151,
388,33,73000,0,user_43,151,151,
399,0,6300000,0,user_3,152,152,
417,1,6300000,0,user_18,152,152,
423,2,5200000,0,user_25,152,152,
446,3,5000000,71800,user_46,152,152,
434,4,3200000,0,user_34,152,152,
422,5,2100000,0,user_23,152,152,
430,6,2000000,0,user_28,152,152,
424,7,1800000,0,user_25,152,152,
420,8,1600000,0,user_22,152,152,
414,9,1500000,100000,user_16,152,152,
438,10,1500000,0,user_37,152,152,
444,11,1500000,0,user_44,152,152,
416,12,1400000,0,user_17,152,152,
419,13,1400000,0,user_20,152,152,
418,14,1100000,0,user_18,152,152,
421,15,1000000,0,user_23,152,152,
431,16,910000,0,user_29,152,152,
443,17,670000,0,user_44,152,152,
432,18,470000,75000,user_33,152,152,
433,19,460000,0,user_34,152,152,
400,20,370000,0,user_4,152,152,
428,21,370000,0,user_26,152,152,
439,22,370000,769000,user_37,152,152,
435,23,340000,0,user_34,152,152,
445,24,320000,7190000,user_45,152,152,
415,25,220000,19700,user_17,152,152,
436,26,220000,0,user_34,152,152,
427,27,190000,0,user_25,152,152,
402,28,150001,0,user_6,152,152,401
403,29,150001,0,user_7,152,152,401
407,30,150001,0,user_7,152,152,401
408,31,150001,0,user_8,152,152,401
411,32,150001,0,user_13,152,152,401
401,33,150000,16400,user_5,152,152,
429,34,150000,30200,user_27,152,152,
404,35,149999,0,user_7,152,152,401
405,36,149999,0,user_7,152,152,401
406,37,149999,0,user_7,152,152,401
410,38,149999,0,user_10,152,152,401
412,39,149999,0,user_14,152,152,401
413,40,149999,0,user_14,152,152,401
397,41,120000,0,user_2,152,152,
425,42,110000,0,user_25,152,152,
398,43,100000,0,user_3,152,152,
448,44,87000,0,user_48,152,152,
442,45,84000,0,user_42,152,152,
447,46,84000,0,user_48,152,152,
395,47,83000,0,user_1,152,152,
396,48,77000,0,user_2,152,152,
426,49,77000,0,user_25,152,152,
449,50,70000,0,user_49,152,152,
456,0,30000001,0,user_9,153,153,454
458,1,30000001,0,user_11,153,153,454
460,2,30000001,0,user_13,153,153,454
454,3,30000000,128000,user_5,153,153,
455,4,29999999,0,user_7,153,153,454
457,5,29999999,0,user_11,153,153,454
459,6,29999999,0,user_12,153,153,454
461,7,29999999,0,user_14,153,153,454
462,8,29999999,0,user_15,153,153,454
464,9,4500000,0,user_16,153,153,
482,10,4500000,0,user_39,153,153,
473,11,4200000,0,user_28,153,153,
468,12,2600000,0,user_24,153,153,
492,13,2600000,256000,user_45,153,153,
469,14,2400000,0,user_26,153,153,
470,15,2000000,0,user_27,153,153,
472,16,2000000,0,user_27,153,153,
478,17,2000000,30200,user_34,153,153,
479,18,1600000,43600,user_34,153,153,
493,19,1600000,0,user_46,153,153,
452,20,1500000,0,user_2,153,153,
490,21,1500000,0,user_44,153,153,
491,22,1500000,17000,user_45,153,153,
450,23,1400000,0,user_0,153,153,
486,24,1100000,31700,user_42,153,153,
451,25,420000,0,user_2,153,153,
471,26,350000,0,user_27,153,153,
480,27,310000,18600,user_35,153,153,
481,28,310000,0,user_35,153,153,
484,29,310000,0,user_40,153,153,
463,30,220000,0,user_16,153,153,
476,31,220000,0,user_31,153,153,
466,32,170000,0,user_22,153,153,
487,33,160000,0,user_42,153,153,
453,34,120000,0,user_4,153,153,
467,35,110000,0,user_23,153,153,
465,36,85000,959000,user_20,153,153,
483,37,73000,0,user_39,153,153,
542,0,6300000,0,user_47,154,154,
534,1,6100000,4320000,user_37,154,154,
497,2,5200000,0,user_3,154,154,
517,3,5000000,0,user_17,154,154,
540,4,5000000,0,user_43,154,154,
522,5,3500000,0,user_23,154,154,
533,6,2000000,0,user_36,154,154,
539,7,1900000,24700,user_43,154,154,
518,8,1600000,0,user_18,154,154,
537,9,1600000,0,user_42,154,154,
520,10,1400000,0,user_22,154,154,
498,11,1200000,0,user_5,154,154,
532,12,970000,0,user_35,154,154,
516,13,660000,0,user_16,154,154,
499,14,600000,0,user_5,154,154,
527,15,600000,0,user_30,154,154,
531,16,460000,0,user_34,154,154,
529,17,420000,46500,user_31,154,154,
528,18,340000,0,user_31,154,154,
526,19,310000,0,user_27,154,154,
525,20,240000,0,user_27,154,154,
524,21,220000,0,user_25,154,154,
519,22,170000,0,user_21,154,154,
502,23,160001,0,user_6,154,154,500
504,24,160001,0,user_8,154,154,500
505,25,160001,0,user_8,154,154,500
508,26,160001,0,user_10,154,154,500
510,27,160001,0,user_11,154,154,500
512,28,160001,0,user_13,154,154,500
500,29,160000,5180,user_5,154,154,
535,30,160000,0,user_38,154,154,
501,31,159999,0,user_6,154,154,500
506,32,159999,0,user_9,154,154,500
507,33,159999,0,user_9,154,154,500
509,34,159999,0,user_10,154,154,500
513,35,159999,0,user_13,154,154,500
514,36,159999,0,user_14,154,154,500
515,37,159999,0,user_15,154,154,500
538,38,150000,0,user_42,154,154,
543,39,150000,0,user_47,154,154,
521,40,100000,0,user_22,154,154,
496,41,98000,0,user_2,154,154,
541,42,87000,0,user_46,154,154,
494,43,80000,0,user_0,154,154,
495,44,80000,0,user_1,154,154,
545,45,77000,121000,user_49,154,154,
578,0,19000000,0,user_33,155,155,
573,1,6100000,0,user_28,155,155,
562,2,5000000,0,user_17,155,155,
585,3,5000000,49100,user_39,155,155,
592,4,5000000,0,user_47,155,155,
576,5,2100000,0,user_32,155,155,
582,6,1900000,0,user_38,155,155,
590,7,1700000,0,user_45,155,155,
563,8,1600000,0,user_18,155,155,
587,9,1500000,0,user_39,155,155,
591,10,1400000,0,user_45,155,155,
574,11,1300000,0,user_30,155,155,
580,12,1200000,0,user_36,155,155,
593,13,1100000,0,user_48,155,155,
564,14,1000000,0,user_18,155,155,
569,15,1000000,0,user_23,155,155,
594,16,1000000,256000,user_49,155,155,
586,17,970000,0,user_39,155,155,
570,18,670000,0,user_24,155,155,
577,19,530000,0,user_33,155,155,
583,20,470000,0,user_38,155,155,
561,21,460000,0,user_16,155,155,
575,22,420000,0,user_31,155,155,
571,23,350000,0,user_26,155,155,
566,24,220000,0,user_19,155,155,
581,25,220000,0,user_37,155,155,
584,26,220000,0,user_39,155,155,
589,27,170000,0,user_42,155,155,
565,28,130000,0,user_19,155,155,
547,29,120001,0,user_0,155,155,546
550,30,120001,0,user_3,155,155,546
551,31,120001,0,user_4,155,155,546
552,32,120001,0,user_6,155,155,546
557,33,120001,0,user_11,155,155,546
558,34,120001,0,user_12,155,155,546
559,35,120001,0,user_15,155,155,546
546,36,120000,60700,user_0,155,155,
548,37,119999,0,user_1,155,155,546
549,38,119999,0,user_2,155,155,546
553,39,119999,0,user_6,155,155,546
560,40,119999,0,user_15,155,155,546
567,41,110000,35100,user_20,155,155,
568,42,84000,0,user_22,155,155,
572,43,83000,0,user_28,155,155,
635,0,43000000,0,user_44,156,156,
596,1,6100001,0,user_2,156,156,595
597,2,6100001,0,user_4,156,156,595
598,3,6100001,0,user_5,156,156,595
599,4,6100001,0,user_10,156,156,595
600,5,6100001,0,user_11,156,156,595
601,6,6100001,0,user_12,156,156,595
602,7,6100001,0,user_13,156,156,595
603,8,6100001,0,user_13,156,156,595
595,9,6100000,24700,user_0,156,156,
611,10,6100000,0,user_24,156,156,
630,11,6100000,0,user_38,156,156,
604,12,6099999,0,user_15,156,156,595
637,13,5200000,36800,user_45,156,156,
638,14,5000000,0,user_45,156,156,
614,15,4500000,0,user_25,156,156,
631,16,3200000,0,user_39,156,156,
628,17,2000000,0,user_36,156,156,
634,18,2000000,0,user_42,156,156,
633,19,1700000,0,user_42,156,156,
620,20,1400000,0,user_30,156,156,
618,21,1300000,0,user_29,156,156,
613,22,1100000,0,user_25,156,156,
640,23,1100000,0,user_48,156,156,
610,24,1000000,0,user_20,156,156,
615,25,670000,0,user_27,156,156,
639,26,660000,0,user_46,156,156,
625,27,530000,35100,user_34,156,156,
617,28,470000,12800,user_29,156,156,
622,29,420000,0,user_32,156,156,
624,30,360000,0,user_34,156,156,
605,31,220000,24700,user_16,156,156,
612,32,170000,0,user_24,156,156,
606,33,150000,0,user_17,156,156,
619,34,130000,0,user_29,156,156,
632,35,130000,0,user_41,156,156,
636,36,120000,0,user_44,156,156,
609,37,110000,0,user_19,156,156,
623,38,110000,0,user_33,156,156,
629,39,110000,0,user_37,156,156,
616,40,80000,0,user_28,156,156,
607,41,73000,0,user_17,156,156,
608,42,70000,5180,user_18,156,156,
621,43,70000,0,user_30,156,156,
643,0,27000000,0,user_3,157,157,
646,1,5200000,0,user_6,157,157,
682,2,5200000,108000,user_43,157,157,
644,3,5000000,0,user_4,157,157,
660,4,2000000,410000,user_19,157,157,
674,5,2000000,381000,user_34,157,157,
650,6,1500000,0,user_11,157,157,
657,7,1500000,0,user_17,157,157,
668,8,1500000,0,user_27,157,157,
673,9,1500000,0,user_33,157,157,
678,10,1500000,0,user_36,157,157,
680,11,1000000,0,user_39,157,157,
675,12,970000,0,user_34,157,157,
685,13,910000,0,user_46,157,157,
663,14,660000,0,user_23,157,157,
683,15,600000,139000,user_44,157,157,
667,16,470000,0,user_26,157,157,
655,17,460000,8520,user_16,157,157,
656,18,350000,769000,user_16,157,157,
679,19,340000,0,user_37,157,157,
641,20,320000,0,user_1,157,157,
651,21,310000,0,user_12,157,157,
659,22,310000,0,user_19,157,157,
665,23,310000,67500,user_24,157,157,
654,24,220000,0,user_16,157,157,
664,25,220000,0,user_23,157,157,
642,26,190000,0,user_2,157,157,
658,27,170000,0,user_19,157,157,
653,28,160000,0,user_16,157,157,
661,29,130000,0,user_19,157,157,
669,30,130000,0,user_28,157,157,
672,31,120000,0,user_33,157,157,
645,32,110000,0,user_5,157,157,
652,33,110000,0,user_14,157,157,
662,34,110000,0,user_22,157,157,
670,35,110000,164000,user_30,157,157,
671,36,110000,0,user_32,157,157,
681,37,110000,0,user_41,157,157,
666,38,82000,0,user_25,157,157,
684,39,80000,0,user_45,157,157,
686,40,80000,0,user_48,157,157,
677,41,77000,0,user_36,157,157,
707,0,43000000,0,user_29,158,158,
727,1,43000000,0,user_42,158,158,
715,2,30000000,21800,user_35,158,158,
724,3,27000000,296000,user_40,158,158,
709,4,6300000,0,user_30,158,158,
735,5,5000000,0,user_46,158,158,
691,6,4500000,0,user_3,158,158,
733,7,3500000,0,user_43,158,158,
731,8,2100000,0,user_43,158,158,
734,9,1900000,0,user_46,158,158,
732,10,1600000,0,user_43,158,158,
704,11,1500000,0,user_22,158,158,
714,12,1100000,0,user_35,158,158,
717,13,1100000,0,user_38,158,158,
728,14,1100000,0,user_42,158,158,
711,15,1000000,0,user_32,158,158,
722,16,970000,0,user_40,158,158,
726,17,970000,0,user_40,158,158,
719,18,910000,0,user_38,158,158,
718,19,650000,0,user_38,158,158,
737,20,470000,0,user_49,158,158,
705,21,360000,322000,user_26,158,158,
736,22,350000,0,user_47,158,158,
702,23,310000,0,user_16,158,158,
690,24,300000,0,user_3,158,158,
688,25,190000,0,user_0,158,158,
698,26,170001,0,user_10,158,158,694
699,27,170001,0,user_12,158,158,694
700,28,170001,0,user_13,158,158,694
701,29,170001,0,user_15,158,158,694
708,30,170000,0,user_29,158,158,
721,31,170000,0,user_39,158,158,
697,32,169999,0,user_9,158,158,694
689,33,160000,0,user_1,158,158,
713,34,160000,285000,user_33,158,158,
730,35,160000,0,user_43,158,158,
716,36,150000,0,user_37,158,158,
720,37,150000,0,user_38,158,158,
723,38,150000,0,user_40,158,158,
706,39,120000,0,user_28,158,158,
712,40,120000,0,user_32,158,158,
703,41,110000,0,user_21,158,158,
729,42,110000,0,user_43,158,158,
710,43,100000,0,user_30,158,158,
725,44,100000,0,user_40,158,158,
687,45,83000,0,user_0,158,158,
752,0,19000000,0,user_19,159,159,
759,1,5000000,0,user_23,159,159,
760,2,5000000,0,user_25,159,159,
781,3,4200000,0,user_43,159,159,
743,4,3200000,0,user_6,159,159,
786,5,2500000,0,user_44,159,159,
782,6,2400000,0,user_43,159,159,
750,7,2100000,0,user_18,159,159,
762,8,1500000,0,user_28,159,159,
755,9,1400000,350000,user_19,159,159,
766,10,1400000,0,user_31,159,159,
769,11,1400000,15700,user_34,159,159,
757,12,1000000,0,user_21,159,159,
779,13,1000000,35600,user_41,159,159,
738,14,910000,0,user_1,159,159,
749,15,910000,0,user_16,159,159,
741,16,670000,0,user_4,159,159,
772,17,470000,0,user_34,159,159,
767,18,460000,0,user_32,159,159,
771,19,360000,0,user_34,159,159,
739,20,340000,0,user_2,159,159,
746,21,320000,0,user_11,159,159,
774,22,320000,0,user_36,159,159,
744,23,310000,0,user_7,159,159,
765,24,310000,13900,user_30,159,159,
784,25,310000,164000,user_43,159,159,
742,26,300000,0,user_5,159,159,
783,27,220000,0,user_43,159,159,
753,28,170000,0,user_19,159,159,
761,29,170000,0,user_26,159,159,
758,30,160000,0,user_22,159,159,
775,31,160000,0,user_37,159,159,
754,32,120000,0,user_19,159,159,
756,33,120000,56200,user_20,159,159,
740,34,110000,0,user_3,159,159,
780,35,110000,0,user_42,159,159,
763,36,98000,0,user_29,159,159,
768,37,98000,0,user_33,159,159,
776,38,98000,0,user_38,159,159,
785,39,98000,0,user_43,159,159,
770,40,85000,0,user_34,159,159,
747,41,84000,15700,user_13,159,159,
748,42,83999,0,user_14,159,159,747
764,43,79000,31700,user_30,159,159,
751,44,70000,0,user_19,159,159,
834,0,43000000,0,user_47,160,160,
816,1,6300000,0,user_32,160,160,
828,2,5200000,12300,user_43,160,160,
818,3,5000000,0,user_33,160,160,
787,4,2000000,0,user_0,160,160,
809,5,2000000,510000,user_22,160,160,
812,6,1500000,0,user_25,160,160,
813,7,1500000,0,user_25,160,160,
819,8,1500000,0,user_34,160,160,
830,9,1500000,410000,user_44,160,160,
803,10,1400000,0,user_17,160,160,
833,11,1400000,0,user_46,160,160,
789,12,1300001,0,user_1,160,160,788
793,13,1300001,0,user_6,160,160,788
794,14,1300001,0,user_7,160,160,788
795,15,1300001,0,user_11,160,160,788
796,16,1300001,0,user_13,160,160,788
797,17,1300001,0,user_14,160,160,788
798,18,1300001,0,user_15,160,160,788
788,19,1300000,35100,user_0,160,160,
790,20,1299999,0,user_4,160,160,788
791,21,1299999,0,user_5,160,160,788
792,22,1299999,0,user_5,160,160,788
835,23,1100000,231000,user_48,160,160,
799,24,1000000,39400,user_16,160,160,
827,25,530000,0,user_41,160,160,
822,26,470000,12800,user_36,160,160,
806,27,460000,0,user_18,160,160,
811,28,460000,0,user_24,160,160,
832,29,460000,0,user_45,160,160,
805,30,420000,0,user_17,160,160,
836,31,310000,0,user_49,160,160,
820,32,260000,0,user_34,160,160,
808,33,220000,0,user_19,160,160,
814,34,220000,49100,user_28,160,160,
802,35,170000,283000,user_17,160,160,
817,36,160000,0,user_32,160,160,
823,37,160000,0,user_38,160,160,
829,38,160000,47700,user_43,160,160,
807,39,150000,0,user_19,160,160,
815,40,150000,0,user_29,160,160,
826,41,150000,0,user_41,160,160,
824,42,120000,0,user_39,160,160,
831,43,120000,0,user_45,160,160,
804,44,85000,0,user_17,160,160,
801,45,82000,0,user_17,160,160,
810,46,80000,13900,user_23,160,160,
800,47,73000,0,user_16,160,160,
861,0,43000000,10700,user_25,161,161,
868,1,30000000,0,user_31,161,161,
864,2,5200000,0,user_28,161,161,
849,3,2100000,594000,user_17,161,161,
867,4,2000000,0,user_31,161,161,
854,5,1700000,0,user_22,161,161,
878,6,1600000,15100,user_39,161,161,
884,7,1600000,510000,user_43,161,161,
894,8,1600000,0,user_49,161,161,
858,9,1500000,32900,user_24,161,161,
838,10,1200001,0,user_1,161,161,837
839,11,1200001,0,user_2,161,161,837
840,12,1200001,0,user_4,161,161,837
841,13,1200001,0,user_5,161,161,837
842,14,1200001,0,user_6,161,161,837
846,15,1200001,0,user_13,161,161,837
847,16,1200001,0,user_15,161,161,837
837,17,1200000,231000,user_1,161,161,
843,18,1199999,0,user_7,161,161,837
845,19,1199999,0,user_12,161,161,837
860,20,1100000,0,user_24,161,161,
870,21,1100000,0,user_34,161,161,
855,22,1000000,0,user_23,161,161,
856,23,1000000,0,user_24,161,161,
866,24,1000000,0,user_28,161,161,
887,25,1000000,0,user_44,161,161,
876,26,970000,0,user_38,161,161,
892,27,970000,510000,user_47,161,161,
885,28,910000,0,user_43,161,161,
886,29,870000,0,user_43,161,161,
853,30,660000,15700,user_21,161,161,
881,31,660000,0,user_42,161,161,
882,32,630000,15700,user_43,161,161,
889,33,600000,0,user_45,161,161,
865,34,460000,0,user_28,161,161,
890,35,460000,0,user_45,161,161,
875,36,360000,0,user_37,161,161,
859,37,340000,0,user_24,161,161,
891,38,340000,0,user_47,161,161,
874,39,310000,0,user_37,161,161,
850,40,300000,0,user_18,161,161,
872,41,260000,0,user_37,161,161,
888,42,260000,0,user_44,161,161,
895,43,220000,0,user_49,161,161,
848,44,170000,0,user_16,161,161,
869,45,170000,75000,user_33,161,161,
851,46,150000,0,user_19,161,161,
857,47,150000,0,user_24,161,161,
871,48,150000,0,user_36,161,161,
880,49,150000,0,user_41,161,161,
863,50,120000,0,user_28,161,161,
877,51,120000,11200,user_39,161,161,
893,52,120000,0,user_48,161,161,
852,53,110000,0,user_20,161,161,
873,54,110000,0,user_37,161,161,
883,55,87000,0,user_43,161,161,
862,56,85000,8520,user_28,161,161,
905,0,43000000,0,user_11,162,162,
897,1,27000000,0,user_3,162,162,
924,2,6300000,36800,user_29,162,162,
935,3,6300000,0,user_36,162,162,
948,4,6100000,39400,user_48,162,162,
920,5,5000000,0,user_25,162,162,
926,6,5000000,0,user_31,162,162,
903,7,4500000,0,user_9,162,162,
901,8,3600000,0,user_7,162,162,
917,9,2500000,0,user_22,162,162,
942,10,2400000,0,user_43,162,162,
943,11,2000000,0,user_44,162,162,
912,12,1700000,0,user_17,162,162,
941,13,1600000,381000,user_43,162,162,
900,14,1500000,0,user_5,162,162,
906,15,1500000,0,user_11,162,162,
938,16,1500000,369000,user_42,162,162,
911,17,1400000,0,user_15,162,162,
937,18,1400000,13900,user_40,162,162,
936,19,1300000,0,user_39,162,162,
950,20,1100000,0,user_49,162,162,
949,21,1000000,43600,user_49,162,162,
932,22,970000,33300,user_33,162,162,
899,23,660000,0,user_4,162,162,
940,24,660000,33100,user_43,162,162,
902,25,530000,0,user_8,162,162,
934,26,470000,195000,user_35,162,162,
923,27,460000,0,user_28,162,162,
898,28,420000,0,user_4,162,162,
909,29,370000,0,user_14,162,162,
907,30,320000,0,user_12,162,162,
916,31,300000,0,user_21,162,162,
921,32,300000,0,user_26,162,162,
913,33,260000,0,user_19,162,162,
914,34,260000,322000,user_20,162,162,
915,35,170000,18600,user_20,162,162,
919,36,170000,5640,user_24,162,162,
908,37,150000,0,user_14,162,162,
939,38,150000,0,user_43,162,162,
944,39,150000,0,user_44,162,162,
896,40,120000,0,user_2,162,162,
925,41,110000,0,user_30,162,162,
918,42,100000,0,user_23,162,162,
910,43,87000,0,user_15,162,162,
904,44,82000,0,user_10,162,162,
931,45,70000,283000,user_33,162,162,
978,0,43000000,0,user_21,163,163,
998,1,43000000,0,user_41,163,163,
996,2,6300000,0,user_40,163,163,
975,3,6100000,0,user_20,163,163,
993,4,5000000,231000,user_37,163,163,
980,5,4500000,0,user_26,163,163,
987,6,4500000,0,user_31,163,163,
1008,7,4200000,0,user_46,163,163,
1012,8,3500000,0,user_48,163,163,
990,9,2600000,0,user_33,163,163,
977,10,2500000,15700,user_20,163,163,
1009,11,2000000,0,user_46,163,163,
986,12,1900000,0,user_30,163,163,
991,13,1800000,0,user_34,163,163,
983,14,1500000,0,user_28,163,163,
1003,15,1500000,0,user_44,163,163,
970,16,1400000,0,user_16,163,163,
972,17,1100000,0,user_19,163,163,
989,18,1100000,60700,user_33,163,163,
1013,19,1100000,16400,user_48,163,163,
973,20,1000000,18600,user_20,163,163,
1011,21,1000000,0,user_46,163,163,
997,22,970000,0,user_41,163,163,
982,23,870000,0,user_27,163,163,
1001,24,660000,0,user_43,163,163,
1010,25,650000,0,user_46,163,163,
1007,26,630000,15100,user_46,163,163,
984,27,530000,0,user_28,163,163,
954,28,360001,0,user_2,163,163,951
957,29,360001,0,user_3,163,163,951
959,30,360001,0,user_3,163,163,951
964,31,360001,0,user_7,163,163,951
951,32,360000,10700,user_0,163,163,
971,33,360000,0,user_18,163,163,
1002,34,360000,0,user_44,163,163,
952,35,359999,0,user_0,163,163,951
953,36,359999,0,user_1,163,163,951
955,37,359999,0,user_3,163,163,951
956,38,359999,0,user_3,163,163,951
958,39,359999,0,user_3,163,163,951
960,40,359999,0,user_5,163,163,951
961,41,359999,0,user_6,163,163,951
962,42,359999,0,user_7,163,163,951
963,43,359999,0,user_7,163,163,951
965,44,359999,0,user_7,163,163,951
966,45,359999,0,user_8,163,163,951
981,46,350000,0,user_27,163,163,
1006,47,260000,0,user_44,163,163,
1005,48,170000,0,user_44,163,163,
976,49,160000,0,user_20,163,163,
985,50,150000,46500,user_29,163,163,
974,51,120000,0,user_20,163,163,
1004,52,85000,0,user_44,163,163,
1014,53,84000,0,user_49,163,163,
988,54,83000,0,user_32,163,163,
992,55,80000,0,user_36,163,163,
979,56,70000,0,user_24,163,163,
1042,0,6300000,0,user_25,164,164,
1056,1,5000000,0,user_45,164,164,
1058,2,5000000,0,user_47,164,164,
1039,3,4500000,0,user_18,164,164,
1034,4,2300000,410000,user_16,164,164,
1032,5,1700000,545000,user_16,164,164,
1017,6,1500001,0,user_3,164,164,1016
1018,7,1500001,0,user_4,164,164,1016
1019,8,1500001,0,user_4,164,164,1016
1021,9,1500001,0,user_6,164,164,1016
1023,10,1500001,0,user_9,164,164,1016
1024,11,1500001,0,user_10,164,164,1016
1025,12,1500001,0,user_11,164,164,1016
1027,13,1500001,0,user_13,164,164,1016
1028,14,1500001,0,user_14,164,164,1016
1016,15,1500000,769000,user_3,164,164,
1043,16,1500000,0,user_25,164,164,
1020,17,1499999,0,user_4,164,164,1016
1022,18,1499999,0,user_8,164,164,1016
1026,19,1499999,0,user_11,164,164,1016
1029,20,1499999,0,user_15,164,164,1016
1046,21,1100000,0,user_30,164,164,
1052,22,1100000,0,user_38,164,164,
1035,23,650000,0,user_17,164,164,
1033,24,630000,36800,user_16,164,164,
1055,25,530000,0,user_44,164,164,
1044,26,460000,0,user_29,164,164,
1048,27,460000,0,user_33,164,164,
1030,28,420000,0,user_16,164,164,
1040,29,420000,0,user_22,164,164,
1051,30,350000,0,user_38,164,164,
1037,31,240000,0,user_18,164,164,
1047,32,160000,0,user_31,164,164,
1050,33,150000,0,user_35,164,164,
1057,34,130000,0,user_47,164,164,
1015,35,120000,0,user_1,164,164,
1031,36,120000,34700,user_16,164,164,
1036,37,120000,0,user_18,164,164,
1045,38,120000,8520,user_29,164,164,
1054,39,120000,0,user_43,164,164,
1049,40,100000,0,user_34,164,164,
1060,41,80000,155000,user_49,164,164,
1038,42,79000,16400,user_18,164,164,
1079,0,30000000,0,user_16,165,165,
1081,1,6300000,0,user_16,165,165,
1062,2,5000001,0,user_0,165,165,1061
1064,3,5000001,0,user_4,165,165,1061
1065,4,5000001,0,user_4,165,165,1061
1066,5,5000001,0,user_4,165,165,1061
1068,6,5000001,0,user_4,165,165,1061
1072,7,5000001,0,user_13,165,165,1061
1073,8,5000001,0,user_13,165,165,1061
1076,9,5000001,0,user_14,165,165,1061
1077,10,5000001,0,user_14,165,165,1061
1061,11,5000000,128000,user_0,165,165,
1063,12,4999999,0,user_2,165,165,1061
1067,13,4999999,0,user_4,165,165,1061
1069,14,4999999,0,user_5,165,165,1061
1070,15,4999999,0,user_6,165,165,1061
1071,16,4999999,0,user_8,165,165,1061
1074,17,4999999,0,user_14,165,165,1061
1075,18,4999999,0,user_14,165,165,1061
1078,19,4999999,0,user_14,165,165,1061
1090,20,3200000,0,user_23,165,165,
1117,21,2100000,0,user_48,165,165,
1080,22,1900000,0,user_16,165,165,
1087,23,1900000,32900,user_20,165,165,
1097,24,1900000,0,user_28,165,165,
1121,25,1900000,0,user_48,165,165,
1120,26,1600000,0,user_48,165,165,
1099,27,1500000,0,user_29,165,165,
1104,28,1100000,0,user_33,165,165,
1105,29,1100000,0,user_34,165,165,
1112,30,1100000,0,user_43,165,165,
1119,31,1000000,0,user_48,165,165,
1092,32,910000,0,user_26,165,165,
1083,33,660000,0,user_17,165,165,
1096,34,660000,0,user_27,165,165,
1115,35,630000,0,user_45,165,165,
1109,36,600000,0,user_41,165,165,
1086,37,470000,0,user_19,165,165,
1118,38,470000,0,user_48,165,165,
1103,39,370000,0,user_32,165,165,
1093,40,360000,231000,user_27,165,165,
1088,41,310000,0,user_21,165,165,
1091,42,300000,0,user_24,165,165,
1089,43,170000,11200,user_22,165,165,
1102,44,170000,0,user_31,165,165,
1095,45,160000,0,user_27,165,165,
1110,46,160000,0,user_42,165,165,
1094,47,150000,139000,user_27,165,165,
1098,48,150000,0,user_29,165,165,
1100,49,150000,0,user_30,165,165,
1084,50,130000,10700,user_18,165,165,
1085,51,120000,0,user_18,165,165,
1101,52,110000,0,user_31,165,165,
1108,53,110000,0,user_41,165,165,
1113,54,110000,30200,user_43,165,165,
1116,55,110000,0,user_46,165,165,
1082,56,85000,30200,user_16,165,165,
1114,57,80000,0,user_44,165,165,
1111,58,73000,0,user_42,165,165,
1163,0,4500000,959000,user_47,166,166,
1151,1,3500000,12300,user_34,166,166,
1123,2,2400000,0,user_3,166,166,
1153,3,1800000,0,user_36,166,166,
1155,4,1600000,0,user_38,166,166,
1160,5,1600000,0,user_45,166,166,
1139,6,1200000,0,user_20,166,166,
1141,7,1000000,0,user_23,166,166,
1136,8,910000,0,user_17,166,166,
1147,9,870000,0,user_30,166,166,
1143,10,660000,296000,user_26,166,166,
1154,11,630000,0,user_37,166,166,
1142,12,600000,0,user_25,166,166,
1164,13,600000,0,user_48,166,166,
1128,14,530001,0,user_10,166,166,1124
1130,15,530001,0,user_13,166,166,1124
1132,16,530001,0,user_14,166,166,1124
1133,17,530001,0,user_14,166,166,1124
1124,18,530000,594000,user_3,166,166,
1125,19,529999,0,user_5,166,166,1124
1126,20,529999,0,user_6,166,166,1124
1129,21,529999,0,user_12,166,166,1124
1131,22,529999,0,user_14,166,166,1124
1134,23,529999,0,user_15,166,166,1124
1135,24,460000,0,user_16,166,166,
1158,25,460000,0,user_43,166,166,
1162,26,420000,14200,user_46,166,166,
1159,27,360000,296000,user_44,166,166,
1150,28,350000,0,user_34,166,166,
1161,29,320000,0,user_46,166,166,
1146,30,310000,0,user_30,166,166,
1140,31,220000,0,user_22,166,166,
1122,32,170000,0,user_2,166,166,
1165,33,160000,0,user_48,166,166,
1137,34,150000,0,user_18,166,166,
1149,35,150000,0,user_31,166,166,
1157,36,150000,0,user_42,166,166,
1166,37,150000,11200,user_49,166,166,
1138,38,120000,0,user_19,166,166,
1148,39,120000,0,user_31,166,166,
1144,40,84000,73100,user_27,166,166,
1145,41,73000,0,user_28,166,166,
1220,0,30000000,0,user_45,167,167,
1227,1,27000000,49100,user_49,167,167,
1225,2,5200000,0,user_47,167,167,
1216,3,5000000,0,user_41,167,167,
1196,4,4500000,0,user_31,167,167,
1212,5,4500000,33300,user_39,167,167,
1198,6,2600000,17700000,user_32,167,167,
1202,7,2100000,283000,user_35,167,167,
1205,8,2000000,0,user_38,167,167,
1192,9,1900000,0,user_24,167,167,
1215,10,1900000,31700,user_40,167,167,
1190,11,1800000,84800,user_23,167,167,
1186,12,1600000,0,user_19,167,167,
1206,13,1500000,0,user_38,167,167,
1221,14,1400000,350000,user_46,167,167,
1224,15,1100000,0,user_47,167,167,
1201,16,1000000,0,user_34,167,167,
1168,17,870000,0,user_0,167,167,
1191,18,600000,0,user_24,167,167,
1210,19,600000,0,user_39,167,167,
1174,20,460001,0,user_4,167,167,1172
1179,21,460001,0,user_9,167,167,1172
1181,22,460001,0,user_10,167,167,1172
1182,23,460001,0,user_14,167,167,1172
1172,24,460000,12800,user_4,167,167,
1207,25,460000,0,user_38,167,167,
1173,26,459999,0,user_4,167,167,1172
1177,27,459999,0,user_7,167,167,1172
1178,28,459999,0,user_8,167,167,1172
1180,29,459999,0,user_10,167,167,1172
1183,30,459999,0,user_15,167,167,1172
1185,31,420000,21800,user_18,167,167,
1200,32,420000,0,user_34,167,167,
1167,33,370000,0,user_0,167,167,
1169,34,320000,0,user_1,167,167,
1223,35,300000,0,user_46,167,167,
1211,36,260000,0,user_39,167,167,
1189,37,220000,0,user_22,167,167,
1199,38,220000,0,user_33,167,167,
1170,39,190000,0,user_4,167,167,
1171,40,170000,0,user_4,167,167,
1222,41,170000,0,user_46,167,167,
1188,42,150000,0,user_20,167,167,
1219,43,150000,67900,user_45,167,167,
1197,44,120000,14200,user_32,167,167,
1195,45,110000,0,user_30,167,167,
1187,46,98000,43600,user_19,167,167,
1213,47,83000,64600,user_39,167,167,
1214,48,83000,0,user_39,167,167,
1194,49,82000,0,user_29,167,167,
1208,50,82000,195000,user_38,167,167,
1209,51,70000,0,user_38,167,167,
1253,0,5000000,0,user_32,168,168,
1241,1,2300000,0,user_21,168,168,
1250,2,2100000,0,user_27,168,168,
1248,3,2000000,0,user_24,168,168,
1252,4,2000000,0,user_32,168,168,
1258,5,2000000,0,user_36,168,168,
1243,6,1900000,0,user_23,168,168,
1254,7,1800000,13900,user_33,168,168,
1271,8,1800000,0,user_49,168,168,
1266,9,1500000,0,user_43,168,168,
1237,10,1400000,56200,user_16,168,168,
1244,11,1400000,1100000,user_24,168,168,
1232,12,1000001,0,user_7,168,168,1228
1234,13,1000001,0,user_9,168,168,1228
1235,14,1000001,0,user_10,168,168,1228
1228,15,1000000,17000,user_1,168,168,
1229,16,999999,0,user_1,168,168,1228
1230,17,999999,0,user_2,168,168,1228
1233,18,999999,0,user_8,168,168,1228
1236,19,999999,0,user_13,168,168,1228
1269,20,670000,0,user_48,168,168,
1263,21,530000,0,user_43,168,168,
1247,22,460000,0,user_24,168,168,
1255,23,310000,0,user_34,168,168,
1257,24,240000,0,user_35,168,168,
1259,25,240000,0,user_38,168,168,
1261,26,240000,5640,user_40,168,168,
1242,27,190000,0,user_22,168,168,
1238,28,170000,0,user_18,168,168,
1267,29,170000,0,user_44,168,168,
1245,30,150000,0,user_24,168,168,
1265,31,150000,0,user_43,168,168,
1260,32,130000,33100,user_38,168,168,
1246,33,120000,0,user_24,168,168,
1251,34,110000,0,user_30,168,168,
1256,35,87000,47700,user_35,168,168,
1268,36,85000,7840,user_45,168,168,
1240,37,73000,0,user_20,168,168,
1264,38,73000,11200,user_43,168,168,
1270,39,73000,12300,user_49,168,168,
1274,0,43000000,0,user_2,169,169,
1293,1,43000000,0,user_21,169,169,
1300,2,19000000,17000,user_31,169,169,
1312,3,6300000,0,user_42,169,169,
1297,4,6100000,0,user_25,169,169,
1299,5,6100000,0,user_29,169,169,
1296,6,5000000,0,user_24,169,169,
1298,7,5000000,0,user_27,169,169,
1315,8,3200000,0,user_47,169,169,
1284,9,2000000,0,user_13,169,169,
1287,10,2000000,0,user_17,169,169,
1289,11,1700000,0,user_19,169,169,
1281,12,1600000,0,user_11,169,169,
1273,13,1400000,0,user_1,169,169,
1290,14,1400000,0,user_19,169,169,
1272,15,1000000,0,user_0,169,169,
1278,16,1000000,0,user_6,169,169,
1302,17,1000000,0,user_33,169,169,
1291,18,650000,0,user_20,169,169,
1283,19,460000,0,user_12,169,169,
1286,20,460000,0,user_16,169,169,
1285,21,340000,0,user_14,169,169,
1294,22,310000,0,user_22,169,169,
1288,23,260000,0,user_17,169,169,
1305,24,240000,0,user_38,169,169,
1275,25,220000,0,user_3,169,169,
1276,26,220000,0,user_3,169,169,
1292,27,170000,0,user_21,169,169,
1306,28,170000,256000,user_38,169,169,
1277,29,160000,0,user_4,169,169,
1307,30,160000,0,user_39,169,169,
1316,31,150000,0,user_48,169,169,
1295,32,130000,0,user_23,169,169,
1304,33,120000,0,user_37,169,169,
1308,34,120000,0,user_39,169,169,
1301,35,98000,0,user_33,169,169,
1311,36,84000,155000,user_41,169,169,
1282,37,83000,0,user_12,169,169,
1313,38,83000,0,user_45,169,169,
1314,39,77000,0,user_46,169,169,
1348,0,43000000,0,user_31,170,170,
1352,1,19000000,5640,user_33,170,170,
1335,2,6100000,18600,user_18,170,170,
1337,3,5000000,5630,user_20,170,170,
1363,4,3500000,0,user_49,170,170,
1359,5,3200000,0,user_43,170,170,
1342,6,2100000,322000,user_23,170,170,
1320,7,1700000,0,user_3,170,170,
1349,8,1000000,0,user_32,170,170,
1329,9,970001,0,user_11,170,170,1321
1330,10,970001,0,user_12,170,170,1321
1331,11,970001,0,user_13,170,170,1321
1333,12,970001,0,user_15,170,170,1321
1321,13,970000,322000,user_4,170,170,
1338,14,970000,0,user_21,170,170,
1360,15,970000,0,user_44,170,170,
1322,16,969999,0,user_4,170,170,1321
1323,17,969999,0,user_5,170,170,1321
1324,18,969999,0,user_6,170,170,1321
1325,19,969999,0,user_7,170,170,1321
1328,20,969999,0,user_10,170,170,1321
1332,21,969999,0,user_14,170,170,1321
1339,22,650000,64600,user_21,170,170,
1361,23,630000,0,user_47,170,170,
1353,24,470000,0,user_33,170,170,
1347,25,420000,0,user_30,170,170,
1362,26,420000,0,user_48,170,170,
1354,27,350000,0,user_38,170,170,
1358,28,310000,0,user_43,170,170,
1319,29,260000,0,user_1,170,170,
1341,30,220000,0,user_22,170,170,
1318,31,160000,0,user_0,170,170,
1346,32,160000,0,user_30,170,170,
1351,33,150000,322000,user_33,170,170,
1317,34,120000,0,user_0,170,170,
1336,35,120000,0,user_19,170,170,
1357,36,120000,0,user_42,170,170,
1343,37,110000,0,user_25,170,170,
1345,38,110000,369000,user_27,170,170,
1356,39,110000,0,user_41,170,170,
1334,40,84000,34700,user_17,170,170,
1340,41,83000,0,user_22,170,170,
1350,42,82000,0,user_33,170,170,
1344,43,70000,0,user_26,170,170,
1387,0,30000000,0,user_20,171,171,
1397,1,27000000,283000,user_34,171,171,
1394,2,6100000,0,user_29,171,171,
1416,3,6100000,24700,user_48,171,171,
1380,4,5200000,0,user_17,171,171,
1400,5,4200000,0,user_34,171,171,
1383,6,3600000,0,user_19,171,171,
1398,7,3600000,0,user_34,171,171,
1384,8,2000000,0,user_19,171,171,
1404,9,1900000,0,user_37,171,171,
1411,10,1600000,594000,user_44,171,171,
1418,11,1600000,0,user_49,171,171,
1382,12,1500000,0,user_18,171,171,
1417,13,1500000,0,user_49,171,171,
1366,14,1400000,0,user_2,171,171,
1405,15,1300000,0,user_39,171,171,
1389,16,1000000,0,user_24,171,171,
1396,17,1000000,0,user_33,171,171,
1370,18,650001,0,user_10,171,171,1367
1371,19,650001,0,user_10,171,171,1367
1374,20,650001,0,user_11,171,171,1367
1377,21,650001,0,user_14,171,171,1367
1367,22,650000,256000,user_6,171,171,
1388,23,650000,0,user_23,171,171,
1372,24,649999,0,user_11,171,171,1367
1373,25,649999,0,user_11,171,171,1367
1375,26,649999,0,user_12,171,171,1367
1376,27,649999,0,user_13,171,171,1367
1378,28,649999,0,user_14,171,171,1367
1379,29,649999,0,user_15,171,171,1367
1412,30,530000,0,user_45,171,171,
1381,31,460000,67900,user_17,171,171,
1393,32,420000,0,user_27,171,171,
1399,33,360000,0,user_34,171,171,
1364,34,340000,0,user_1,171,171,
1403,35,340000,0,user_37,171,171,
1386,36,260000,0,user_19,171,171,
1395,37,260000,0,user_31,171,171,
1365,38,220000,0,user_2,171,171,
1409,39,190000,0,user_42,171,171,
1413,40,190000,0,user_46,171,171,
1407,41,160000,0,user_41,171,171,
1415,42,160000,0,user_47,171,171,
1401,43,150000,19700,user_34,171,171,
1390,44,120000,0,user_27,171,171,
1408,45,120000,0,user_42,171,171,
1391,46,110000,0,user_27,171,171,
1402,47,110000,0,user_36,171,171,
1392,48,100000,0,user_27,171,171,
1410,49,84000,0,user_44,171,171,
1414,50,79000,0,user_46,171,171,
1385,51,77000,0,user_19,171,171,
1446,0,19000000,0,user_29,172,172,
1440,1,6100000,0,user_18,172,172,
1451,2,5000000,256000,user_34,172,172,
1464,3,5000000,21800,user_44,172,172,
1468,4,4200000,35100,user_47,172,172,
1453,5,2600000,56200,user_37,172,172,
1455,6,2600000,0,user_39,172,172,
1466,7,2600000,0,user_47,172,172,
1444,8,2400000,8520,user_24,172,172,
1462,9,1900000,0,user_42,172,172,
1439,10,1500000,0,user_17,172,172,
1457,11,1300000,594000,user_41,172,172,
1424,12,1100001,0,user_3,172,172,1420
1426,13,1100001,0,user_4,172,172,1420
1427,14,1100001,0,user_4,172,172,1420
1430,15,1100001,0,user_5,172,172,1420
1432,16,1100001,0,user_7,172,172,1420
1433,17,1100001,0,user_10,172,172,1420
1434,18,1100001,0,user_11,172,172,1420
1435,19,1100001,0,user_12,172,172,1420
1420,20,1100000,49100,user_0,172,172,
1421,21,1099999,0,user_0,172,172,1420
1422,22,1099999,0,user_1,172,172,1420
1423,23,1099999,0,user_2,172,172,1420
1425,24,1099999,0,user_3,172,172,1420
1428,25,1099999,0,user_4,172,172,1420
1429,26,1099999,0,user_4,172,172,1420
1431,27,1099999,0,user_6,172,172,1420
1436,28,1099999,0,user_15,172,172,1420
1437,29,1099999,0,user_15,172,172,1420
1463,30,1000000,0,user_43,172,172,
1443,31,970000,0,user_24,172,172,
1460,32,910000,0,user_42,172,172,
1419,33,870000,0,user_0,172,172,
1449,34,870000,0,user_31,172,172,
1438,35,420000,0,user_16,172,172,
1454,36,420000,0,user_37,172,172,
1447,37,150000,0,user_30,172,172,
1445,38,130000,100000,user_27,172,172,
1441,39,120000,8520,user_20,172,172,
1461,40,120000,0,user_42,172,172,
1459,41,110000,0,user_42,172,172,
1467,42,110000,15100,user_47,172,172,
1448,43,87000,0,user_30,172,172,
1450,44,87000,350000,user_32,172,172,
1465,45,87000,0,user_47,172,172,
1458,46,82000,16400,user_42,172,172,
1442,47,73000,0,user_23,172,172,
1469,48,73000,0,user_48,172,172,
1523,0,30000000,0,user_42,173,173,
1496,1,6100000,0,user_16,173,173,
1529,2,5000000,0,user_47,173,173,
1531,3,5000000,0,user_49,173,173,
1497,4,4500000,0,user_17,173,173,
1528,5,3600000,0,user_46,173,173,
1522,6,2500000,0,user_40,173,173,
1525,7,2400000,0,user_44,173,173,
1507,8,1900000,0,user_24,173,173,
1511,9,1600000,0,user_28,173,173,
1499,10,1400000,0,user_19,173,173,
1501,11,1400000,0,user_21,173,173,
1516,12,1300000,510000,user_34,173,173,
1475,13,1200001,0,user_4,173,173,1473
1476,14,1200001,0,user_5,173,173,1473
1477,15,1200001,0,user_6,173,173,1473
1478,16,1200001,0,user_6,173,173,1473
1481,17,1200001,0,user_7,173,173,1473
1484,18,1200001,0,user_8,173,173,1473
1485,19,1200001,0,user_9,173,173,1473
1488,20,1200001,0,user_11,173,173,1473
1489,21,1200001,0,user_12,173,173,1473
1490,22,1200001,0,user_12,173,173,1473
1473,23,1200000,13900,user_2,173,173,
1474,24,1199999,0,user_4,173,173,1473
1479,25,1199999,0,user_7,173,173,1473
1480,26,1199999,0,user_7,173,173,1473
1482,27,1199999,0,user_7,173,173,1473
1483,28,1199999,0,user_7,173,173,1473
1491,29,1199999,0,user_13,173,173,1473
1493,30,1199999,0,user_15,173,173,1473
1515,31,1100000,35100,user_32,173,173,
1503,32,1000000,75000,user_22,173,173,
1506,33,910000,0,user_24,173,173,
1517,34,670000,0,user_35,173,173,
1519,35,670000,0,user_37,173,173,
1510,36,530000,0,user_28,173,173,
1494,37,470000,0,user_16,173,173,
1518,38,470000,0,user_35,173,173,
1502,39,350000,215000,user_22,173,173,
1505,40,300000,0,user_23,173,173,
1520,41,300000,13900,user_38,173,173,
1471,42,260000,0,user_1,173,173,
1498,43,220000,0,user_18,173,173,
1504,44,170000,0,user_23,173,173,
1527,45,170000,0,user_46,173,173,
1526,46,160000,0,user_45,173,173,
1524,47,150000,4320000,user_43,173,173,
1472,48,120000,0,user_1,173,173,
1495,49,79000,0,user_16,173,173,
1508,50,79000,35600,user_24,173,173,
1500,51,77000,0,user_19,173,173,
1514,52,73000,0,user_32,173,173,
1563,0,30000000,12800,user_45,174,174,
1548,1,27000000,0,user_26,174,174,
1549,2,6300000,0,user_27,174,174,
1536,3,4200001,0,user_6,174,174,1535
1540,4,4200001,0,user_14,174,174,1535
1535,5,4200000,10700,user_5,174,174,
1537,6,4199999,0,user_10,174,174,1535
1538,7,4199999,0,user_13,174,174,1535
1539,8,4199999,0,user_13,174,174,1535
1541,9,4199999,0,user_15,174,174,1535
1554,10,3600000,296000,user_32,174,174,
1560,11,2600000,7190000,user_42,174,174,
1570,12,1800000,0,user_48,174,174,
1567,13,1700000,121000,user_45,174,174,
1569,14,1500000,0,user_46,174,174,
1568,15,1100000,0,user_46,174,174,
1571,16,1000000,0,user_48,174,174,
1573,17,670000,0,user_48,174,174,
1574,18,670000,0,user_49,174,174,
1545,19,530000,0,user_25,174,174,
1550,20,530000,0,user_28,174,174,
1564,21,370000,0,user_45,174,174,
1562,22,360000,0,user_43,174,174,
1556,23,340000,0,user_36,174,174,
1558,24,340000,0,user_38,174,174,
1534,25,310000,0,user_2,174,174,
1552,26,300000,0,user_29,174,174,
1572,27,170000,67500,user_48,174,174,
1551,28,160000,0,user_29,174,174,
1566,29,160000,67900,user_45,174,174,
1532,30,150000,0,user_0,174,174,
1555,31,150000,32900,user_34,174,174,
1557,32,150000,0,user_38,174,174,
1547,33,130000,0,user_26,174,174,
1559,34,130000,161000,user_39,174,174,
1533,35,120000,0,user_2,174,174,
1544,36,120000,0,user_21,174,174,
1553,37,120000,0,user_31,174,174,
1565,38,110000,10700,user_45,174,174,
1543,39,87000,0,user_19,174,174,
1542,40,85000,0,user_17,174,174,
1561,41,83000,779000,user_42,174,174,
1546,42,82000,0,user_25,174,174,
1618,0,27000000,0,user_40,175,175,
1607,1,19000000,0,user_31,175,175,
1609,2,5200000,0,user_31,175,175,
1619,3,4500000,0,user_41,175,175,
1620,4,3600000,0,user_42,175,175,
1615,5,3200000,0,user_37,175,175,
1608,6,2500000,23500,user_31,175,175,
1621,7,2300000,0,user_43,175,175,
1595,8,2100000,0,user_20,175,175,
1590,9,1700000,7190000,user_16,175,175,
1630,10,1700000,0,user_48,175,175,
1614,11,1600000,0,user_37,175,175,
1597,12,1500000,12300,user_22,175,175,
1624,13,1500000,256000,user_45,175,175,
1577,14,1400000,0,user_2,175,175,
1575,15,1100000,0,user_1,175,175,
1591,16,1000000,0,user_17,175,175,
1603,17,970000,0,user_27,175,175,
1610,18,870000,0,user_31,175,175,
1589,19,670000,256000,user_16,175,175,
1623,20,630000,161000,user_45,175,175,
1588,21,600000,0,user_16,175,175,
1592,22,420000,0,user_17,175,175,
1617,23,320000,0,user_40,175,175,
1605,24,310000,0,user_30,175,175,
1622,25,310000,0,user_44,175,175,
1625,26,260000,0,user_46,175,175,
1593,27,240000,296000,user_18,175,175,
1604,28,240000,0,user_29,175,175,
1586,29,220000,0,user_16,175,175,
1616,30,190000,19700,user_37,175,175,
1576,31,150000,0,user_2,175,175,
1606,32,150000,64600,user_31,175,175,
1581,33,120001,0,user_9,175,175,1578
1578,34,120000,181000,user_3,175,175,
1587,35,120000,0,user_16,175,175,
1611,36,120000,0,user_32,175,175,
1579,37,119999,0,user_5,175,175,1578
1582,38,119999,0,user_10,175,175,1578
1585,39,119999,0,user_14,175,175,1578
1613,40,98000,0,user_37,175,175,
1612,41,83000,0,user_35,175,175,
1602,42,77000,0,user_27,175,175,
1596,43,70000,0,user_21,175,175,
1660,0,30000000,0,user_20,176,176,
1676,1,5200000,0,user_38,176,176,
1662,2,4500000,0,user_22,176,176,
1677,3,4200000,68100,user_40,176,176,
1655,4,3600000,0,user_19,176,176,
1674,5,3600000,0,user_38,176,176,
1666,6,3500000,8520,user_28,176,176,
1686,7,2500000,0,user_49,176,176,
1667,8,2400000,510000,user_31,176,176,
1680,9,2300000,779000,user_41,176,176,
1661,10,2100000,0,user_20,176,176,
1652,11,1700000,0,user_17,176,176,
1658,12,1400000,0,user_19,176,176,
1673,13,1000000,0,user_38,176,176,
1650,14,870000,0,user_16,176,176,
1657,15,670000,0,user_19,176,176,
1653,16,650000,47700,user_18,176,176,
1681,17,600000,49100,user_42,176,176,
1685,18,460000,0,user_49,176,176,
1654,19,360000,0,user_18,176,176,
1679,20,350000,0,user_41,176,176,
1670,21,340000,0,user_35,176,176,
1672,22,310000,0,user_38,176,176,
1688,23,220000,0,user_49,176,176,
1689,24,190000,21800,user_49,176,176,
1663,25,130000,0,user_25,176,176,
1659,26,120000,0,user_19,176,176,
1664,27,120000,0,user_26,176,176,
1668,28,120000,0,user_33,176,176,
1671,29,120000,0,user_37,176,176,
1682,30,120000,0,user_43,176,176,
1687,31,120000,5180,user_49,176,176,
1656,32,110000,0,user_19,176,176,
1678,33,82000,0,user_40,176,176,
1636,34,77001,0,user_4,176,176,1634
1640,35,77001,0,user_6,176,176,1634
1641,36,77001,0,user_7,176,176,1634
1649,37,77001,0,user_15,176,176,1634
1634,38,77000,12800,user_2,176,176,
1635,39,76999,0,user_2,176,176,1634
1637,40,76999,0,user_4,176,176,1634
1638,41,76999,0,user_5,176,176,1634
1639,42,76999,0,user_5,176,176,1634
1642,43,76999,0,user_8,176,176,1634
1643,44,76999,0,user_9,176,176,1634
1644,45,76999,0,user_10,176,176,1634
1645,46,76999,0,user_11,176,176,1634
1646,47,76999,0,user_11,176,176,1634
1647,48,76999,0,user_12,176,176,1634
1648,49,76999,0,user_15,176,176,1634
1651,50,73000,0,user_17,176,176,
1675,51,73000,0,user_38,176,176,
1720,0,43000000,0,user_33,177,177,
1731,1,30000000,0,user_43,177,177,
1736,2,27000000,0,user_48,177,177,
1737,3,27000000,0,user_49,177,177,
1719,4,5000000,0,user_32,177,177,
1729,5,3500000,0,user_42,177,177,
1723,6,2400000,322000,user_36,177,177,
1710,7,2000000,0,user_22,177,177,
1711,8,2000000,36800,user_23,177,177,
1708,9,1500000,0,user_20,177,177,
1691,10,1100000,0,user_2,177,177,
1717,11,1000000,0,user_30,177,177,
1693,12,970001,0,user_3,177,177,1692
1699,13,970001,0,user_10,177,177,1692
1701,14,970001,0,user_14,177,177,1692
1702,15,970001,0,user_15,177,177,1692
1703,16,970001,0,user_15,177,177,1692
1692,17,970000,369000,user_3,177,177,
1694,18,969999,0,user_5,177,177,1692
1695,19,969999,0,user_6,177,177,1692
1696,20,969999,0,user_7,177,177,1692
1700,21,969999,0,user_12,177,177,1692
1706,22,660000,0,user_19,177,177,
1733,23,660000,0,user_45,177,177,
1716,24,630000,0,user_29,177,177,
1724,25,460000,215000,user_37,177,177,
1715,26,420000,0,user_29,177,177,
1713,27,370000,0,user_23,177,177,
1704,28,310000,4320000,user_18,177,177,
1690,29,220000,0,user_1,177,177,
1721,30,220000,100000,user_34,177,177,
1735,31,170000,0,user_48,177,177,
1707,32,160000,0,user_20,177,177,
1705,33,150000,0,user_18,177,177,
1718,34,150000,0,user_31,177,177,
1730,35,150000,0,user_43,177,177,
1732,36,150000,4320000,user_44,177,177,
1734,37,150000,3130,user_47,177,177,
1725,38,120000,39400,user_38,177,177,
1714,39,110000,0,user_24,177,177,
1709,40,84000,0,user_21,177,177,
1712,41,79000,0,user_23,177,177,
1727,42,73000,0,user_41,177,177,
1728,43,70000,0,user_41,177,177,
1754,0,43000000,0,user_22,178,178,
1742,1,30000001,0,user_8,178,178,1741
1743,2,30000001,0,user_9,178,178,1741
1746,3,30000001,0,user_14,178,178,1741
1741,4,30000000,34700,user_7,178,178,
1744,5,29999999,0,user_11,178,178,1741
1745,6,29999999,0,user_13,178,178,1741
1747,7,29999999,0,user_15,178,178,1741
1775,8,4200000,0,user_44,178,178,
1740,9,2000000,0,user_4,178,178,
1763,10,2000000,34700,user_31,178,178,
1774,11,2000000,0,user_42,178,178,
1780,12,2000000,0,user_46,178,178,
1761,13,1800000,0,user_28,178,178,
1766,14,1800000,0,user_36,178,178,
1767,15,1800000,0,user_36,178,178,
1778,16,1600000,0,user_45,178,178,
1769,17,1500000,296000,user_37,178,178,
1779,18,1100000,0,user_46,178,178,
1755,19,1000000,0,user_23,178,178,
1757,20,970000,181000,user_24,178,178,
1771,21,970000,0,user_39,178,178,
1760,22,650000,0,user_26,178,178,
1765,23,600000,18600,user_34,178,178,
1759,24,260000,0,user_25,178,178,
1772,25,260000,0,user_40,178,178,
1749,26,240000,164000,user_17,178,178,
1776,27,220000,0,user_44,178,178,
1777,28,170000,4320000,user_45,178,178,
1751,29,120000,0,user_20,178,178,
1758,30,120000,0,user_25,178,178,
1768,31,120000,0,user_37,178,178,
1773,32,120000,0,user_40,178,178,
1781,33,110000,0,user_46,178,178,
1782,34,110000,0,user_46,178,178,
1748,35,98000,0,user_16,178,178,
1770,36,98000,128000,user_38,178,178,
1750,37,79000,0,user_17,178,178,
1756,38,79000,13900,user_24,178,178,
1807,0,6100000,0,user_16,179,179,
1814,1,6100000,0,user_22,179,179,
1826,2,6100000,0,user_44,179,179,
1829,3,5000000,0,user_49,179,179,
1823,4,4500000,0,user_32,179,179,
1785,5,4200000,0,user_0,179,179,
1830,6,4200000,0,user_49,179,179,
1809,7,3600000,0,user_17,179,179,
1812,8,3200000,0,user_21,179,179,
1817,9,2400000,0,user_24,179,179,
1824,10,1400000,283000,user_38,179,179,
1818,11,1000000,0,user_25,179,179,
1819,12,1000000,0,user_27,179,179,
1808,13,670000,42000,user_17,179,179,
1822,14,460000,0,user_32,179,179,
1810,15,320000,0,user_19,179,179,
1789,16,310001,0,user_3,179,179,1787
1792,17,310001,0,user_3,179,179,1787
1797,18,310001,0,user_10,179,179,1787
1798,19,310001,0,user_11,179,179,1787
1804,20,310001,0,user_12,179,179,1787
1787,21,310000,35600,user_1,179,179,
1811,22,310000,8520,user_20,179,179,
1788,23,309999,0,user_2,179,179,1787
1790,24,309999,0,user_3,179,179,1787
1791,25,309999,0,user_3,179,179,1787
1793,26,309999,0,user_4,179,179,1787
1794,27,309999,0,user_5,179,179,1787
1795,28,309999,0,user_6,179,179,1787
1799,29,309999,0,user_11,179,179,1787
1800,30,309999,0,user_11,179,179,1787
1801,31,309999,0,user_11,179,179,1787
1802,32,309999,0,user_11,179,179,1787
1803,33,309999,0,user_12,179,179,1787
1805,34,309999,0,user_13,179,179,1787
1806,35,309999,0,user_14,179,179,1787
1827,36,260000,0,user_47,179,179,
1815,37,170000,0,user_22,179,179,
1820,38,170000,0,user_28,179,179,
1831,39,160000,0,user_49,179,179,
1786,40,110000,0,user_1,179,179,
1813,41,110000,161000,user_22,179,179,
1821,42,110000,0,user_30,179,179,
1828,43,110000,381000,user_49,179,179,
1816,44,85000,0,user_23,179,179,
1825,45,79000,10700,user_42,179,179,
41,0,19000000,0,user_40,180,180,
47,1,19000000,0,user_46,180,180,
33,2,6100000,0,user_31,180,180,
49,3,6100000,0,user_48,180,180,
25,4,5200000,0,user_23,180,180,
4,5,5000000,0,user_4,180,180,
20,6,5000000,0,user_18,180,180,
0,7,3200000,0,user_0,180,180,
1,8,2100000,0,user_1,180,180,
18,9,1700000,0,user_16,180,180,
43,10,1700000,0,user_43,180,180,
23,11,1500000,283000,user_22,180,180,
34,12,1500000,0,user_31,180,180,
46,13,530000,0,user_43,180,180,
45,14,460000,0,user_43,180,180,
48,15,420000,0,user_47,180,180,
21,16,340000,5630,user_19,180,180,
22,17,340000,0,user_21,180,180,
44,18,340000,0,user_43,180,180,
30,19,300000,0,user_27,180,180,
40,20,300000,19700,user_40,180,180,
31,21,260000,0,user_28,180,180,
50,22,220000,0,user_48,180,180,
29,23,170000,0,user_26,180,180,
5,24,160000,0,user_5,180,180,
24,25,160000,0,user_23,180,180,
32,26,150000,43600,user_29,180,180,
3,27,120000,0,user_4,180,180,
36,28,120000,0,user_34,180,180,
2,29,110000,0,user_3,180,180,
37,30,110000,108000,user_37,180,180,
39,31,110000,0,user_39,180,180,
51,32,100000,84800,user_49,180,180,
26,33,79000,0,user_24,180,180,
35,34,79000,0,user_33,180,180,
10,35,70001,0,user_7,180,180,6
16,36,70001,0,user_14,180,180,6
17,37,70001,0,user_15,180,180,6
6,38,70000,3130,user_6,180,180,
7,39,69999,0,user_7,180,180,6
8,40,69999,0,user_7,180,180,6
9,41,69999,0,user_7,180,180,6
11,42,69999,0,user_7,180,180,6
13,43,69999,0,user_11,180,180,6
75,0,43000000,256000,user_23,181,181,
76,1,5000000,0,user_25,181,181,
87,2,4200000,0,user_38,181,181,
80,3,3500000,0,user_27,181,181,
100,4,3200000,0,user_49,181,181,
72,5,2600000,0,user_19,181,181,
98,6,2500000,0,user_48,181,181,
95,7,2300000,14200,user_48,181,181,
68,8,2000000,0,user_17,181,181,
81,9,2000000,0,user_29,181,181,
85,10,2000000,0,user_34,181,181,
88,11,2000000,0,user_41,181,181,
79,12,1900000,0,user_27,181,181,
92,13,1800000,0,user_44,181,181,
70,14,1500000,17000,user_19,181,181,
96,15,1500000,0,user_48,181,181,
89,16,1100000,256000,user_42,181,181,
99,17,670000,71800,user_49,181,181,
93,18,630000,0,user_45,181,181,
74,19,420000,12800,user_21,181,181,
91,20,350000,0,user_44,181,181,
78,21,190000,12800,user_26,181,181,
101,22,190000,0,user_49,181,181,
71,23,170000,0,user_19,181,181,
82,24,170000,11200,user_29,181,181,
83,25,170000,0,user_30,181,181,
84,26,120000,0,user_31,181,181,
90,27,120000,0,user_43,181,181,
67,28,110000,0,user_16,181,181,
94,29,84000,0,user_46,181,181,
73,30,83000,34700,user_19,181,181,
77,31,83000,21800,user_25,181,181,
53,32,80001,0,user_1,181,181,52
54,33,80001,0,user_2,181,181,52
55,34,80001,0,user_3,181,181,52
58,35,80001,0,user_7,181,181,52
62,36,80001,0,user_10,181,181,52
64,37,80001,0,user_11,181,181,52
66,38,80001,0,user_15,181,181,52
52,39,80000,11200,user_1,181,181,
56,40,79999,0,user_4,181,181,52
57,41,79999,0,user_6,181,181,52
63,42,79999,0,user_10,181,181,52
65,43,79999,0,user_13,181,181,52
97,44,79000,0,user_48,181,181,
69,45,70000,0,user_19,181,181,
116,0,30000000,0,user_16,182,182,
121,1,30000000,146000,user_25,182,182,
105,2,5000000,0,user_4,182,182,
133,3,2400000,13900,user_39,182,182,
118,4,2300000,0,user_18,182,182,
103,5,2000000,0,user_2,182,182,
117,6,2000000,146000,user_17,182,182,
134,7,2000000,75000,user_39,182,182,
124,8,1100000,10700,user_29,182,182,
135,9,1100000,0,user_41,182,182,
136,10,1000000,0,user_43,182,182,
139,11,1000000,0,user_46,182,182,
102,12,970000,0,user_0,182,182,
119,13,650000,3130,user_24,182,182,
125,14,600000,0,user_30,182,182,
138,15,600000,0,user_45,182,182,
131,16,460000,5640,user_37,182,182,
107,17,420001,0,user_4,182,182,106
108,18,420001,0,user_5,182,182,106
111,19,420001,0,user_10,182,182,106
112,20,420001,0,user_11,182,182,106
115,21,420001,0,user_15,182,182,106
106,22,420000,24700,user_4,182,182,
137,23,420000,0,user_44,182,182,
142,24,420000,0,user_49,182,182,
109,25,419999,0,user_5,182,182,106
110,26,419999,0,user_6,182,182,106
113,27,419999,0,user_12,182,182,106
114,28,419999,0,user_13,182,182,106
120,29,340000,0,user_25,182,182,
127,30,220000,0,user_32,182,182,
141,31,160000,0,user_48,182,182,
123,32,150000,0,user_27,182,182,
132,33,150000,0,user_37,182,182,
104,34,110000,0,user_3,182,182,
126,35,110000,0,user_32,182,182,
128,36,110000,0,user_33,182,182,
129,37,110000,73100,user_34,182,182,
122,38,77000,7840,user_26,182,182,
140,39,77000,0,user_47,182,182,
161,0,43000000,0,user_17,183,183,
145,1,30000001,0,user_5,183,183,143
147,2,30000001,0,user_7,183,183,143
149,3,30000001,0,user_10,183,183,143
152,4,30000001,0,user_12,183,183,143
153,5,30000001,0,user_14,183,183,143
143,6,30000000,84800,user_0,183,183,
184,7,30000000,0,user_43,183,183,
144,8,29999999,0,user_2,183,183,143
146,9,29999999,0,user_6,183,183,143
150,10,29999999,0,user_11,183,183,143
151,11,29999999,0,user_11,183,183,143
154,12,29999999,0,user_15,183,183,143
160,13,6100000,0,user_17,183,183,
166,14,4500000,0,user_22,183,183,
155,15,2000000,0,user_16,183,183,
157,16,2000000,0,user_16,183,183,
168,17,2000000,0,user_22,183,183,
185,18,1800000,5180,user_44,183,183,
192,19,1500000,0,user_49,183,183,
183,20,1400000,0,user_42,183,183,
187,21,1400000,0,user_46,183,183,
190,22,1100000,0,user_48,183,183,
193,23,1100000,0,user_49,183,183,
169,24,1000000,0,user_23,183,183,
175,25,1000000,0,user_32,183,183,
174,26,970000,0,user_30,183,183,
191,27,910000,13800,user_48,183,183,
164,28,870000,0,user_22,183,183,
173,29,870000,0,user_30,183,183,
178,30,670000,0,user_36,183,183,
186,31,660000,0,user_45,183,183,
188,32,650000,0,user_46,183,183,
159,33,460000,0,user_16,183,183,
182,34,370000,0,user_41,183,183,
195,35,360000,75000,user_49,183,183,
179,36,340000,0,user_36,183,183,
180,37,310000,0,user_38,183,183,
163,38,300000,0,user_19,183,183,
167,39,260000,0,user_22,183,183,
156,40,220000,0,user_16,183,183,
189,41,220000,0,user_47,183,183,
162,42,160000,0,user_18,183,183,
172,43,150000,0,user_28,183,183,
171,44,120000,0,user_26,183,183,
194,45,120000,0,user_49,183,183,
158,46,110000,0,user_16,183,183,
170,47,100000,0,user_25,183,183,
165,48,85000,0,user_22,183,183,
177,49,85000,0,user_36,183,183,
196,0,6300000,0,user_0,184,184,
239,1,6300000,0,user_33,184,184,
242,2,6100000,0,user_36,184,184,
222,3,4500000,155000,user_20,184,184,
223,4,4200000,0,user_20,184,184,
231,5,4200000,0,user_27,184,184,
250,6,3500000,369000,user_45,184,184,
218,7,2500000,0,user_17,184,184,
238,8,2500000,0,user_32,184,184,
230,9,2400000,0,user_25,184,184,
241,10,2400000,0,user_34,184,184,
243,11,2100000,231000,user_38,184,184,
221,12,2000000,0,user_19,184,184,
219,13,1500000,0,user_18,184,184,
217,14,1400000,0,user_16,184,184,
233,15,1400000,0,user_28,184,184,
251,16,1400000,0,user_47,184,184,
254,17,1200000,0,user_49,184,184,
229,18,1100000,0,user_24,184,184,
227,19,1000000,73100,user_22,184,184,
226,20,970000,0,user_21,184,184,
228,21,650000,0,user_24,184,184,
252,22,420000,0,user_48,184,184,
244,23,370000,0,user_38,184,184,
234,24,310000,0,user_30,184,184,
206,25,240001,0,user_12,184,184,197
207,26,240001,0,user_13,184,184,197
208,27,240001,0,user_13,184,184,197
211,28,240001,0,user_14,184,184,197
214,29,240001,0,user_14,184,184,197
215,30,240001,0,user_14,184,184,197
197,31,240000,16400,user_2,184,184,
198,32,239999,0,user_3,184,184,197
199,33,239999,0,user_4,184,184,197
200,34,239999,0,user_6,184,184,197
201,35,239999,0,user_7,184,184,197
203,36,239999,0,user_10,184,184,197
204,37,239999,0,user_11,184,184,197
205,38,239999,0,user_11,184,184,197
209,39,239999,0,user_13,184,184,197
210,40,239999,0,user_13,184,184,197
212,41,239999,0,user_14,184,184,197
213,42,239999,0,user_14,184,184,197
216,43,239999,0,user_15,184,184,197
224,44,190000,0,user_20,184,184,
253,45,190000,0,user_49,184,184,
225,46,170000,0,user_20,184,184,
240,47,160000,0,user_34,184,184,
220,48,150000,7190000,user_19,184,184,
248,49,150000,0,user_41,184,184,
245,50,110000,231000,user_39,184,184,
247,51,110000,155000,user_41,184,184,
237,52,98000,0,user_30,184,184,
232,53,85000,0,user_27,184,184,
235,54,84000,0,user_30,184,184,
249,55,80000,0,user_43,184,184,
236,56,73000,0,user_30,184,184,
255,0,30000000,0,user_0,185,185,
289,1,5200000,0,user_39,185,185,
275,2,5000000,0,user_26,185,185,
283,3,4500000,0,user_31,185,185,
277,4,2500000,959000,user_27,185,185,
287,5,2300000,0,user_36,185,185,
270,6,1900000,0,user_20,185,185,
266,7,1800000,0,user_18,185,185,
269,8,1800000,0,user_20,185,185,
273,9,1500000,0,user_23,185,185,
284,10,1500000,0,user_32,185,185,
256,11,1300000,0,user_1,185,185,
294,12,1300000,0,user_44,185,185,
279,13,1000000,0,user_30,185,185,
268,14,870000,0,user_20,185,185,
282,15,670000,0,user_30,185,185,
278,16,660000,0,user_30,185,185,
293,17,660000,0,user_43,185,185,
260,18,460001,0,user_5,185,185,259
263,19,460001,0,user_12,185,185,259
264,20,460001,0,user_14,185,185,259
265,21,460001,0,user_15,185,185,259
259,22,460000,779000,user_2,185,185,
280,23,460000,0,user_30,185,185,
296,24,460000,0,user_49,185,185,
267,25,420000,0,user_19,185,185,
258,26,370000,0,user_2,185,185,
257,27,260000,0,user_1,185,185,
276,28,240000,0,user_26,185,185,
286,29,240000,32900,user_36,185,185,
288,30,240000,75000,user_38,185,185,
272,31,220000,0,user_23,185,185,
281,32,220000,0,user_30,185,185,
285,33,190000,0,user_33,185,185,
290,34,170000,0,user_41,185,185,
291,35,160000,0,user_42,185,185,
292,36,120000,0,user_42,185,185,
274,37,110000,0,user_25,185,185,
271,38,80000,14200,user_20,185,185,
295,39,77000,0,user_49,185,185,
333,0,27000000,0,user_35,186,186,
304,1,19000000,0,user_6,186,186,
350,2,19000000,0,user_46,186,186,
341,3,5200000,0,user_40,186,186,
303,4,5000000,0,user_6,186,186,
310,5,5000000,0,user_12,186,186,
313,6,5000000,0,user_16,186,186,
312,7,3600000,0,user_15,186,186,
315,8,3500000,0,user_19,186,186,
340,9,3200000,47700,user_40,186,186,
335,10,2100000,0,user_37,186,186,
297,11,2000000,0,user_0,186,186,
305,12,1900000,0,user_7,186,186,
327,13,1800000,60700,user_32,186,186,
329,14,1400000,36800,user_33,186,186,
351,15,1400000,4320000,user_46,186,186,
307,16,1100000,0,user_10,186,186,
311,17,1100000,0,user_12,186,186,
323,18,1100000,0,user_28,186,186,
339,19,1000000,0,user_39,186,186,
347,20,1000000,0,user_45,186,186,
308,21,970000,0,user_10,186,186,
342,22,970000,67900,user_43,186,186,
338,23,870000,0,user_39,186,186,
306,24,670000,0,user_9,186,186,
324,25,670000,18600,user_29,186,186,
348,26,670000,0,user_45,186,186,
336,27,660000,0,user_39,186,186,
352,28,660000,0,user_48,186,186,
344,29,650000,0,user_44,186,186,
326,30,470000,0,user_31,186,186,
328,31,460000,0,user_32,186,186,
300,32,420000,0,user_3,186,186,
320,33,420000,0,user_25,186,186,
331,34,360000,121000,user_33,186,186,
346,35,310000,0,user_45,186,186,
301,36,300000,0,user_3,186,186,
316,37,220000,0,user_20,186,186,
317,38,220000,0,user_21,186,186,
345,39,190000,0,user_45,186,186,
321,40,170000,47700,user_26,186,186,
337,41,170000,0,user_39,186,186,
349,42,170000,0,user_45,186,186,
302,43,160000,0,user_4,186,186,
334,44,160000,0,user_36,186,186,
330,45,83000,0,user_33,186,186,
343,46,77000,164000,user_43,186,186,
322,47,70000,15300,user_27,186,186,
381,0,19000000,0,user_38,187,187,
353,1,6100000,0,user_3,187,187,
366,2,5000000,15300,user_19,187,187,
371,3,5000000,0,user_27,187,187,
385,4,5000000,56200,user_40,187,187,
389,5,4500000,0,user_44,187,187,
391,6,4200000,0,user_47,187,187,
374,7,3200000,0,user_30,187,187,
386,8,3200000,128000,user_40,187,187,
373,9,2400000,0,user_29,187,187,
377,10,2400000,285000,user_32,187,187,
393,11,2000000,0,user_47,187,187,
375,12,1700000,0,user_31,187,187,
361,13,1600001,0,user_11,187,187,357
357,14,1600000,64600,user_6,187,187,
358,15,1599999,0,user_6,187,187,357
359,16,1599999,0,user_7,187,187,357
360,17,1599999,0,user_11,187,187,357
362,18,1599999,0,user_12,187,187,357
365,19,1599999,0,user_15,187,187,357
387,20,1500000,0,user_41,187,187,
372,21,1400000,15700,user_28,187,187,
390,22,1300000,0,user_46,187,187,
378,23,1100000,0,user_34,187,187,
384,24,1100000,594000,user_40,187,187,
382,25,650000,0,user_40,187,187,
394,26,320000,0,user_48,187,187,
379,27,310000,0,user_35,187,187,
369,28,120000,0,user_22,187,187,
383,29,100000,0,user_40,187,187,
370,30,85000,0,user_25,187,187,
392,31,79000,108000,user_47,187,187,
376,32,77000,0,user_32,187,187,
388,33,73000,0,user_43,187,187,
399,0,6300000,0,user_3,188,188,
417,1,6300000,0,user_18,188,188,
423,2,5200000,0,user_25,188,188,
446,3,5000000,71800,user_46,188,188,
434,4,3200000,0,user_34,188,188,
422,5,2100000,0,user_23,188,188,
430,6,2000000,0,user_28,188,188,
424,7,1800000,0,user_25,188,188,
420,8,1600000,0,user_22,188,188,
414,9,1500000,100000,user_16,188,188,
438,10,1500000,0,user_37,188,188,
444,11,1500000,0,user_44,188,188,
416,12,1400000,0,user_17,188,188,
419,13,1400000,0,user_20,188,188,
418,14,1100000,0,user_18,188,188,
421,15,1000000,0,user_23,188,188,
431,16,910000,0,user_29,188,188,
443,17,670000,0,user_44,188,188,
432,18,470000,75000,user_33,188,188,
433,19,460000,0,user_34,188,188,
400,20,370000,0,user_4,188,188,
428,21,370000,0,user_26,188,188,
439,22,370000,769000,user_37,188,188,
435,23,340000,0,user_34,188,188,
445,24,320000,7190000,user_45,188,188,
415,25,220000,19700,user_17,188,188,
436,26,220000,0,user_34,188,188,
427,27,190000,0,user_25,188,188,
402,28,150001,0,user_6,188,188,401
403,29,150001,0,user_7,188,188,401
407,30,150001,0,user_7,188,188,401
408,31,150001,0,user_8,188,188,401
411,32,150001,0,user_13,188,188,401
401,33,150000,16400,user_5,188,188,
429,34,150000,30200,user_27,188,188,
404,35,149999,0,user_7,188,188,401
405,36,149999,0,user_7,188,188,401
406,37,149999,0,user_7,188,188,401
410,38,149999,0,user_10,188,188,401
412,39,149999,0,user_14,188,188,401
413,40,149999,0,user_14,188,188,401
397,41,120000,0,user_2,188,188,
425,42,110000,0,user_25,188,188,
398,43,100000,0,user_3,188,188,
448,44,87000,0,user_48,188,188,
442,45,84000,0,user_42,188,188,
447,46,84000,0,user_48,188,188,
395,47,83000,0,user_1,188,188,
396,48,77000,0,user_2,188,188,
426,49,77000,0,user_25,188,188,
449,50,70000,0,user_49,188,188,
456,0,30000001,0,user_9,189,189,454
458,1,30000001,0,user_11,189,189,454
460,2,30000001,0,user_13,189,189,454
454,3,30000000,128000,user_5,189,189,
455,4,29999999,0,user_7,189,189,454
457,5,29999999,0,user_11,189,189,454
459,6,29999999,0,user_12,189,189,454
461,7,29999999,0,user_14,189,189,454
462,8,29999999,0,user_15,189,189,454
464,9,4500000,0,user_16,189,189,
482,10,4500000,0,user_39,189,189,
473,11,4200000,0,user_28,189,189,
468,12,2600000,0,user_24,189,189,
492,13,2600000,256000,user_45,189,189,
469,14,2400000,0,user_26,189,189,
470,15,2000000,0,user_27,189,189,
472,16,2000000,0,user_27,189,189,
478,17,2000000,30200,user_34,189,189,
479,18,1600000,43600,user_34,189,189,
493,19,1600000,0,user_46,189,189,
452,20,1500000,0,user_2,189,189,
490,21,1500000,0,user_44,189,189,
491,22,1500000,17000,user_45,189,189,
450,23,1400000,0,user_0,189,189,
486,24,1100000,31700,user_42,189,189,
451,25,420000,0,user_2,189,189,
471,26,350000,0,user_27,189,189,
480,27,310000,18600,user_35,189,189,
481,28,310000,0,user_35,189,189,
484,29,310000,0,user_40,189,189,
463,30,220000,0,user_16,189,189,
476,31,220000,0,user_31,189,189,
466,32,170000,0,user_22,189,189,
487,33,160000,0,user_42,189,189,
453,34,120000,0,user_4,189,189,
467,35,110000,0,user_23,189,189,
465,36,85000,959000,user_20,189,189,
483,37,73000,0,user_39,189,189,
542,0,6300000,0,user_47,190,190,
534,1,6100000,4320000,user_37,190,190,
497,2,5200000,0,user_3,190,190,
517,3,5000000,0,user_17,190,190,
540,4,5000000,0,user_43,190,190,
522,5,3500000,0,user_23,190,190,
533,6,2000000,0,user_36,190,190,
539,7,1900000,24700,user_43,190,190,
518,8,1600000,0,user_18,190,190,
537,9,1600000,0,user_42,190,190,
520,10,1400000,0,user_22,190,190,
498,11,1200000,0,user_5,190,190,
532,12,970000,0,user_35,190,190,
516,13,660000,0,user_16,190,190,
499,14,600000,0,user_5,190,190,
527,15,600000,0,user_30,190,190,
531,16,460000,0,user_34,190,190,
529,17,420000,46500,user_31,190,190,
528,18,340000,0,user_31,190,190,
526,19,310000,0,user_27,190,190,
525,20,240000,0,user_27,190,190,
524,21,220000,0,user_25,190,190,
519,22,170000,0,user_21,190,190,
502,23,160001,0,user_6,190,190,500
504,24,160001,0,user_8,190,190,500
505,25,160001,0,user_8,190,190,500
508,26,160001,0,user_10,190,190,500
510,27,160001,0,user_11,190,190,500
512,28,160001,0,user_13,190,190,500
500,29,160000,5180,user_5,190,190,
535,30,160000,0,user_38,190,190,
501,31,159999,0,user_6,190,190,500
506,32,159999,0,user_9,190,190,500
507,33,159999,0,user_9,190,190,500
509,34,159999,0,user_10,190,190,500
513,35,159999,0,user_13,190,190,500
514,36,159999,0,user_14,190,190,500
515,37,159999,0,user_15,190,190,500
538,38,150000,0,user_42,190,190,
543,39,150000,0,user_47,190,190,
521,40,100000,0,user_22,190,190,
496,41,98000,0,user_2,190,190,
541,42,87000,0,user_46,190,190,
494,43,80000,0,user_0,190,190,
495,44,80000,0,user_1,190,190,
545,45,77000,121000,user_49,190,190,
578,0,19000000,0,user_33,191,191,
573,1,6100000,0,user_28,191,191,
562,2,5000000,0,user_17,191,191,
585,3,5000000,49100,user_39,191,191,
592,4,5000000,0,user_47,191,191,
576,5,2100000,0,user_32,191,191,
582,6,1900000,0,user_38,191,191,
590,7,1700000,0,user_45,191,191,
563,8,1600000,0,user_18,191,191,
587,9,1500000,0,user_39,191,191,
591,10,1400000,0,user_45,191,191,
574,11,1300000,0,user_30,191,191,
580,12,1200000,0,user_36,191,191,
593,13,1100000,0,user_48,191,191,
564,14,1000000,0,user_18,191,191,
569,15,1000000,0,user_23,191,191,
594,16,1000000,256000,user_49,191,191,
586,17,970000,0,user_39,191,191,
570,18,670000,0,user_24,191,191,
577,19,530000,0,user_33,191,191,
583,20,470000,0,user_38,191,191,
561,21,460000,0,user_16,191,191,
575,22,420000,0,user_31,191,191,
571,23,350000,0,user_26,191,191,
566,24,220000,0,user_19,191,191,
581,25,220000,0,user_37,191,191,
584,26,220000,0,user_39,191,191,
589,27,170000,0,user_42,191,191,
565,28,130000,0,user_19,191,191,
547,29,120001,0,user_0,191,191,546
550,30,120001,0,user_3,191,191,546
551,31,120001,0,user_4,191,191,546
552,32,120001,0,user_6,191,191,546
557,33,120001,0,user_11,191,191,546
558,34,120001,0,user_12,191,191,546
559,35,120001,0,user_15,191,191,546
546,36,120000,60700,user_0,191,191,
548,37,119999,0,user_1,191,191,546
549,38,119999,0,user_2,191,191,546
553,39,119999,0,user_6,191,191,546
560,40,119999,0,user_15,191,191,546
567,41,110000,35100,user_20,191,191,
568,42,84000,0,user_22,191,191,
572,43,83000,0,user_28,191,191,
635,0,43000000,0,user_44,192,192,
596,1,6100001,0,user_2,192,192,595
597,2,6100001,0,user_4,192,192,595
598,3,6100001,0,user_5,192,192,595
599,4,6100001,0,user_10,192,192,595
600,5,6100001,0,user_11,192,192,595
601,6,6100001,0,user_12,192,192,595
602,7,6100001,0,user_13,192,192,595
603,8,6100001,0,user_13,192,192,595
595,9,6100000,24700,user_0,192,192,
611,10,6100000,0,user_24,192,192,
630,11,6100000,0,user_38,192,192,
604,12,6099999,0,user_15,192,192,595
637,13,5200000,36800,user_45,192,192,
638,14,5000000,0,user_45,192,192,
614,15,4500000,0,user_25,192,192,
631,16,3200000,0,user_39,192,192,
628,17,2000000,0,user_36,192,192,
634,18,2000000,0,user_42,192,192,
633,19,1700000,0,user_42,192,192,
620,20,1400000,0,user_30,192,192,
618,21,1300000,0,user_29,192,192,
613,22,1100000,0,user_25,192,192,
640,23,1100000,0,user_48,192,192,
610,24,1000000,0,user_20,192,192,
615,25,670000,0,user_27,192,192,
639,26,660000,0,user_46,192,192,
625,27,530000,35100,user_34,192,192,
617,28,470000,12800,user_29,192,192,
622,29,420000,0,user_32,192,192,
624,30,360000,0,user_34,192,192,
605,31,220000,24700,user_16,192,192,
612,32,170000,0,user_24,192,192,
606,33,150000,0,user_17,192,192,
619,34,130000,0,user_29,192,192,
632,35,130000,0,user_41,192,192,
636,36,120000,0,user_44,192,192,
609,37,110000,0,user_19,192,192,
623,38,110000,0,user_33,192,192,
629,39,110000,0,user_37,192,192,
616,40,80000,0,user_28,192,192,
607,41,73000,0,user_17,192,192,
608,42,70000,5180,user_18,192,192,
621,43,70000,0,user_30,192,192,
643,0,27000000,0,user_3,193,193,
646,1,5200000,0,user_6,193,193,
682,2,5200000,108000,user_43,193,193,
644,3,5000000,0,user_4,193,193,
660,4,2000000,410000,user_19,193,193,
674,5,2000000,381000,user_34,193,193,
650,6,1500000,0,user_11,193,193,
657,7,1500000,0,user_17,193,193,
668,8,1500000,0,user_27,193,193,
673,9,1500000,0,user_33,193,193,
678,10,1500000,0,user_36,193,193,
680,11,1000000,0,user_39,193,193,
675,12,970000,0,user_34,193,193,
685,13,910000,0,user_46,193,193,
663,14,660000,0,user_23,193,193,
683,15,600000,139000,user_44,193,193,
667,16,470000,0,user_26,193,193,
655,17,460000,8520,user_16,193,193,
656,18,350000,769000,user_16,193,193,
679,19,340000,0,user_37,193,193,
641,20,320000,0,user_1,193,193,
651,21,310000,0,user_12,193,193,
659,22,310000,0,user_19,193,193,
665,23,310000,67500,user_24,193,193,
654,24,220000,0,user_16,193,193,
664,25,220000,0,user_23,193,193,
642,26,190000,0,user_2,193,193,
658,27,170000,0,user_19,193,193,
653,28,160000,0,user_16,193,193,
661,29,130000,0,user_19,193,193,
669,30,130000,0,user_28,193,193,
672,31,120000,0,user_33,193,193,
645,32,110000,0,user_5,193,193,
652,33,110000,0,user_14,193,193,
662,34,110000,0,user_22,193,193,
670,35,110000,164000,user_30,193,193,
671,36,110000,0,user_32,193,193,
681,37,110000,0,user_41,193,193,
666,38,82000,0,user_25,193,193,
684,39,80000,0,user_45,193,193,
686,40,80000,0,user_48,193,193,
677,41,77000,0,user_36,193,193,
707,0,43000000,0,user_29,194,194,
727,1,43000000,0,user_42,194,194,
715,2,30000000,21800,user_35,194,194,
724,3,27000000,296000,user_40,194,194,
709,4,6300000,0,user_30,194,194,
735,5,5000000,0,user_46,194,194,
691,6,4500000,0,user_3,194,194,
733,7,3500000,0,user_43,194,194,
731,8,2100000,0,user_43,194,194,
734,9,1900000,0,user_46,194,194,
732,10,1600000,0,user_43,194,194,
704,11,1500000,0,user_22,194,194,
714,12,1100000,0,user_35,194,194,
717,13,1100000,0,user_38,194,194,
728,14,1100000,0,user_42,194,194,
711,15,1000000,0,user_32,194,194,
722,16,970000,0,user_40,194,194,
726,17,970000,0,user_40,194,194,
719,18,910000,0,user_38,194,194,
718,19,650000,0,user_38,194,194,
737,20,470000,0,user_49,194,194,
705,21,360000,322000,user_26,194,194,
736,22,350000,0,user_47,194,194,
702,23,310000,0,user_16,194,194,
690,24,300000,0,user_3,194,194,
688,25,190000,0,user_0,194,194,
698,26,170001,0,user_10,194,194,694
699,27,170001,0,user_12,194,194,694
700,28,170001,0,user_13,194,194,694
701,29,170001,0,user_15,194,194,694
708,30,170000,0,user_29,194,194,
721,31,170000,0,user_39,194,194,
697,32,169999,0,user_9,194,194,694
689,33,160000,0,user_1,194,194,
713,34,160000,285000,user_33,194,194,
730,35,160000,0,user_43,194,194,
716,36,150000,0,user_37,194,194,
720,37,150000,0,user_38,194,194,
723,38,150000,0,user_40,194,194,
706,39,120000,0,user_28,194,194,
712,40,120000,0,user_32,194,194,
703,41,110000,0,user_21,194,194,
729,42,110000,0,user_43,194,194,
710,43,100000,0,user_30,194,194,
725,44,100000,0,user_40,194,194,
687,45,83000,0,user_0,194,194,
752,0,19000000,0,user_19,195,195,
759,1,5000000,0,user_23,195,195,
760,2,5000000,0,user_25,195,195,
781,3,4200000,0,user_43,195,195,
743,4,3200000,0,user_6,195,195,
786,5,2500000,0,user_44,195,195,
782,6,2400000,0,user_43,195,195,
750,7,2100000,0,user_18,195,195,
762,8,1500000,0,user_28,195,195,
755,9,1400000,350000,user_19,195,195,
766,10,1400000,0,user_31,195,195,
769,11,1400000,15700,user_34,195,195,
757,12,1000000,0,user_21,195,195,
779,13,1000000,35600,user_41,195,195,
738,14,910000,0,user_1,195,195,
749,15,910000,0,user_16,195,195,
741,16,670000,0,user_4,195,195,
772,17,470000,0,user_34,195,195,
767,18,460000,0,user_32,195,195,
771,19,360000,0,user_34,195,195,
739,20,340000,0,user_2,195,195,
746,21,320000,0,user_11,195,195,
774,22,320000,0,user_36,195,195,
744,23,310000,0,user_7,195,195,
765,24,310000,13900,user_30,195,195,
784,25,310000,164000,user_43,195,195,
742,26,300000,0,user_5,195,195,
783,27,220000,0,user_43,195,195,
753,28,170000,0,user_19,195,195,
761,29,170000,0,user_26,195,195,
758,30,160000,0,user_22,195,195,
775,31,160000,0,user_37,195,195,
754,32,120000,0,user_19,195,195,
756,33,120000,56200,user_20,195,195,
740,34,110000,0,user_3,195,195,
780,35,110000,0,user_42,195,195,
763,36,98000,0,user_29,195,195,
768,37,98000,0,user_33,195,195,
776,38,98000,0,user_38,195,195,
785,39,98000,0,user_43,195,195,
770,40,85000,0,user_34,195,195,
747,41,84000,15700,user_13,195,195,
748,42,83999,0,user_14,195,195,747
764,43,79000,31700,user_30,195,195,
751,44,70000,0,user_19,195,195,
834,0,43000000,0,user_47,196,196,
816,1,6300000,0,user_32,196,196,
828,2,5200000,12300,user_43,196,196,
818,3,5000000,0,user_33,196,196,
787,4,2000000,0,user_0,196,196,
809,5,2000000,510000,user_22,196,196,
812,6,1500000,0,user_25,196,196,
813,7,1500000,0,user_25,196,196,
819,8,1500000,0,user_34,196,196,
830,9,1500000,410000,user_44,196,196,
803,10,1400000,0,user_17,196,196,
833,11,1400000,0,user_46,196,196,
789,12,1300001,0,user_1,196,196,788
793,13,1300001,0,user_6,196,196,788
794,14,1300001,0,user_7,196,196,788
795,15,1300001,0,user_11,196,196,788
796,16,1300001,0,user_13,196,196,788
797,17,1300001,0,user_14,196,196,788
798,18,1300001,0,user_15,196,196,788
788,19,1300000,35100,user_0,196,196,
790,20,1299999,0,user_4,196,196,788
791,21,1299999,0,user_5,196,196,788
792,22,1299999,0,user_5,196,196,788
835,23,1100000,231000,user_48,196,196,
799,24,1000000,39400,user_16,196,196,
827,25,530000,0,user_41,196,196,
822,26,470000,12800,user_36,196,196,
806,27,460000,0,user_18,196,196,
811,28,460000,0,user_24,196,196,
832,29,460000,0,user_45,196,196,
805,30,420000,0,user_17,196,196,
836,31,310000,0,user_49,196,196,
820,32,260000,0,user_34,196,196,
808,33,220000,0,user_19,196,196,
814,34,220000,49100,user_28,196,196,
802,35,170000,283000,user_17,196,196,
817,36,160000,0,user_32,196,196,
823,37,160000,0,user_38,196,196,
829,38,160000,47700,user_43,196,196,
807,39,150000,0,user_19,196,196,
815,40,150000,0,user_29,196,196,
826,41,150000,0,user_41,196,196,
824,42,120000,0,user_39,196,196,
831,43,120000,0,user_45,196,196,
804,44,85000,0,user_17,196,196,
801,45,82000,0,user_17,196,196,
810,46,80000,13900,user_23,196,196,
800,47,73000,0,user_16,196,196,
861,0,43000000,10700,user_25,197,197,
868,1,30000000,0,user_31,197,197,
864,2,5200000,0,user_28,197,197,
849,3,2100000,594000,user_17,197,197,
867,4,2000000,0,user_31,197,197,
854,5,1700000,0,user_22,197,197,
878,6,1600000,15100,user_39,197,197,
884,7,1600000,510000,user_43,197,197,
894,8,1600000,0,user_49,197,197,
858,9,1500000,32900,user_24,197,197,
838,10,1200001,0,user_1,197,197,837
839,11,1200001,0,user_2,197,197,837
840,12,1200001,0,user_4,197,197,837
841,13,1200001,0,user_5,197,197,837
842,14,1200001,0,user_6,197,197,837
846,15,1200001,0,user_13,197,197,837
847,16,1200001,0,user_15,197,197,837
837,17,1200000,231000,user_1,197,197,
843,18,1199999,0,user_7,197,197,837
845,19,1199999,0,user_12,197,197,837
860,20,1100000,0,user_24,197,197,
870,21,1100000,0,user_34,197,197,
855,22,1000000,0,user_23,197,197,
856,23,1000000,0,user_24,197,197,
866,24,1000000,0,user_28,197,197,
887,25,1000000,0,user_44,197,197,
876,26,970000,0,user_38,197,197,
892,27,970000,510000,user_47,197,197,
885,28,910000,0,user_43,197,197,
886,29,870000,0,user_43,197,197,
853,30,660000,15700,user_21,197,197,
881,31,660000,0,user_42,197,197,
882,32,630000,15700,user_43,197,197,
889,33,600000,0,user_45,197,197,
865,34,460000,0,user_28,197,197,
890,35,460000,0,user_45,197,197,
875,36,360000,0,user_37,197,197,
859,37,340000,0,user_24,197,197,
891,38,340000,0,user_47,197,197,
874,39,310000,0,user_37,197,197,
850,40,300000,0,user_18,197,197,
872,41,260000,0,user_37,197,197,
888,42,260000,0,user_44,197,197,
895,43,220000,0,user_49,197,197,
848,44,170000,0,user_16,197,197,
869,45,170000,75000,user_33,197,197,
851,46,150000,0,user_19,197,197,
857,47,150000,0,user_24,197,197,
871,48,150000,0,user_36,197,197,
880,49,150000,0,user_41,197,197,
863,50,120000,0,user_28,197,197,
877,51,120000,11200,user_39,197,197,
893,52,120000,0,user_48,197,197,
852,53,110000,0,user_20,197,197,
873,54,110000,0,user_37,197,197,
883,55,87000,0,user_43,197,197,
862,56,85000,8520,user_28,197,197,
905,0,43000000,0,user_11,198,198,
897,1,27000000,0,user_3,198,198,
924,2,6300000,36800,user_29,198,198,
935,3,6300000,0,user_36,198,198,
948,4,6100000,39400,user_48,198,198,
920,5,5000000,0,user_25,198,198,
926,6,5000000,0,user_31,198,198,
903,7,4500000,0,user_9,198,198,
901,8,3600000,0,user_7,198,198,
917,9,2500000,0,user_22,198,198,
942,10,2400000,0,user_43,198,198,
943,11,2000000,0,user_44,198,198,
912,12,1700000,0,user_17,198,198,
941,13,1600000,381000,user_43,198,198,
900,14,1500000,0,user_5,198,198,
906,15,1500000,0,user_11,198,198,
938,16,1500000,369000,user_42,198,198,
911,17,1400000,0,user_15,198,198,
937,18,1400000,13900,user_40,198,198,
936,19,1300000,0,user_39,198,198,
950,20,1100000,0,user_49,198,198,
949,21,1000000,43600,user_49,198,198,
932,22,970000,33300,user_33,198,198,
899,23,660000,0,user_4,198,198,
940,24,660000,33100,user_43,198,198,
902,25,530000,0,user_8,198,198,
934,26,470000,195000,user_35,198,198,
923,27,460000,0,user_28,198,198,
898,28,420000,0,user_4,198,198,
909,29,370000,0,user_14,198,198,
907,30,320000,0,user_12,198,198,
916,31,300000,0,user_21,198,198,
921,32,300000,0,user_26,198,198,
913,33,260000,0,user_19,198,198,
914,34,260000,322000,user_20,198,198,
915,35,170000,18600,user_20,198,198,
919,36,170000,5640,user_24,198,198,
908,37,150000,0,user_14,198,198,
939,38,150000,0,user_43,198,198,
944,39,150000,0,user_44,198,198,
896,40,120000,0,user_2,198,198,
925,41,110000,0,user_30,198,198,
918,42,100000,0,user_23,198,198,
910,43,87000,0,user_15,198,198,
904,44,82000,0,user_10,198,198,
931,45,70000,283000,user_33,198,198,
978,0,43000000,0,user_21,199,199,
998,1,43000000,0,user_41,199,199,
996,2,6300000,0,user_40,199,199,
975,3,6100000,0,user_20,199,199,
993,4,5000000,231000,user_37,199,199,
980,5,4500000,0,user_26,199,199,
987,6,4500000,0,user_31,199,199,
1008,7,4200000,0,user_46,199,199,
1012,8,3500000,0,user_48,199,199,
990,9,2600000,0,user_33,199,199,
977,10,2500000,15700,user_20,199,199,
1009,11,2000000,0,user_46,199,199,
986,12,1900000,0,user_30,199,199,
991,13,1800000,0,user_34,199,199,
983,14,1500000,0,user_28,199,199,
1003,15,1500000,0,user_44,199,199,
970,16,1400000,0,user_16,199,199,
972,17,1100000,0,user_19,199,199,
989,18,1100000,60700,user_33,199,199,
1013,19,1100000,16400,user_48,199,199,
973,20,1000000,18600,user_20,199,199,
1011,21,1000000,0,user_46,199,199,
997,22,970000,0,user_41,199,199,
982,23,870000,0,user_27,199,199,
1001,24,660000,0,user_43,199,199,
1010,25,650000,0,user_46,199,199,
1007,26,630000,15100,user_46,199,199,
984,27,530000,0,user_28,199,199,
954,28,360001,0,user_2,199,199,951
957,29,360001,0,user_3,199,199,951
959,30,360001,0,user_3,199,199,951
964,31,360001,0,user_7,199,199,951
951,32,360000,10700,user_0,199,199,
971,33,360000,0,user_18,199,199,
1002,34,360000,0,user_44,199,199,
952,35,359999,0,user_0,199,199,951
953,36,359999,0,user_1,199,199,951
955,37,359999,0,user_3,199,199,951
956,38,359999,0,user_3,199,199,951
958,39,359999,0,user_3,199,199,951
960,40,359999,0,user_5,199,199,951
961,41,359999,0,user_6,199,199,951
962,42,359999,0,user_7,199,199,951
963,43,359999,0,user_7,199,199,951
965,44,359999,0,user_7,199,199,951
966,45,359999,0,user_8,199,199,951
981,46,350000,0,user_27,199,199,
1006,47,260000,0,user_44,199,199,
1005,48,170000,0,user_44,199,199,
976,49,160000,0,user_20,199,199,
985,50,150000,46500,user_29,199,199,
974,51,120000,0,user_20,199,199,
1004,52,85000,0,user_44,199,199,
1014,53,84000,0,user_49,199,199,
988,54,83000,0,user_32,199,199,
992,55,80000,0,user_36,199,199,
979,56,70000,0,user_24,199,199,
1042,0,6300000,0,user_25,200,200,
1056,1,5000000,0,user_45,200,200,
1058,2,5000000,0,user_47,200,200,
1039,3,4500000,0,user_18,200,200,
1034,4,2300000,410000,user_16,200,200,
1032,5,1700000,545000,user_16,200,200,
1017,6,1500001,0,user_3,200,200,1016
1018,7,1500001,0,user_4,200,200,1016
1019,8,1500001,0,user_4,200,200,1016
1021,9,1500001,0,user_6,200,200,1016
1023,10,1500001,0,user_9,200,200,1016
1024,11,1500001,0,user_10,200,200,1016
1025,12,1500001,0,user_11,200,200,1016
1027,13,1500001,0,user_13,200,200,1016
1028,14,1500001,0,user_14,200,200,1016
1016,15,1500000,769000,user_3,200,200,
1043,16,1500000,0,user_25,200,200,
1020,17,1499999,0,user_4,200,200,1016
1022,18,1499999,0,user_8,200,200,1016
1026,19,1499999,0,user_11,200,200,1016
1029,20,1499999,0,user_15,200,200,1016
1046,21,1100000,0,user_30,200,200,
1052,22,1100000,0,user_38,200,200,
1035,23,650000,0,user_17,200,200,
1033,24,630000,36800,user_16,200,200,
1055,25,530000,0,user_44,200,200,
1044,26,460000,0,user_29,200,200,
1048,27,460000,0,user_33,200,200,
1030,28,420000,0,user_16,200,200,
1040,29,420000,0,user_22,200,200,
1051,30,350000,0,user_38,200,200,
1037,31,240000,0,user_18,200,200,
1047,32,160000,0,user_31,200,200,
1050,33,150000,0,user_35,200,200,
1057,34,130000,0,user_47,200,200,
1015,35,120000,0,user_1,200,200,
1031,36,120000,34700,user_16,200,200,
1036,37,120000,0,user_18,200,200,
1045,38,120000,8520,user_29,200,200,
1054,39,120000,0,user_43,200,200,
1049,40,100000,0,user_34,200,200,
1060,41,80000,155000,user_49,200,200,
1038,42,79000,16400,user_18,200,200,
1079,0,30000000,0,user_16,201,201,
1081,1,6300000,0,user_16,201,201,
1062,2,5000001,0,user_0,201,201,1061
1064,3,5000001,0,user_4,201,201,1061
1065,4,5000001,0,user_4,201,201,1061
1066,5,5000001,0,user_4,201,201,1061
1068,6,5000001,0,user_4,201,201,1061
1072,7,5000001,0,user_13,201,201,1061
1073,8,5000001,0,user_13,201,201,1061
1076,9,5000001,0,user_14,201,201,1061
1077,10,5000001,0,user_14,201,201,1061
1061,11,5000000,128000,user_0,201,201,
1063,12,4999999,0,user_2,201,201,1061
1067,13,4999999,0,user_4,201,201,1061
1069,14,4999999,0,user_5,201,201,1061
1070,15,4999999,0,user_6,201,201,1061
1071,16,4999999,0,user_8,201,201,1061
1074,17,4999999,0,user_14,201,201,1061
1075,18,4999999,0,user_14,201,201,1061
1078,19,4999999,0,user_14,201,201,1061
1090,20,3200000,0,user_23,201,201,
1117,21,2100000,0,user_48,201,201,
1080,22,1900000,0,user_16,201,201,
1087,23,1900000,32900,user_20,201,201,
1097,24,1900000,0,user_28,201,201,
1121,25,1900000,0,user_48,201,201,
1120,26,1600000,0,user_48,201,201,
1099,27,1500000,0,user_29,201,201,
1104,28,1100000,0,user_33,201,201,
1105,29,1100000,0,user_34,201,201,
1112,30,1100000,0,user_43,201,201,
1119,31,1000000,0,user_48,201,201,
1092,32,910000,0,user_26,201,201,
1083,33,660000,0,user_17,201,201,
1096,34,660000,0,user_27,201,201,
1115,35,630000,0,user_45,201,201,
1109,36,600000,0,user_41,201,201,
1086,37,470000,0,user_19,201,201,
1118,38,470000,0,user_48,201,201,
1103,39,370000,0,user_32,201,201,
1093,40,360000,231000,user_27,201,201,
1088,41,310000,0,user_21,201,201,
1091,42,300000,0,user_24,201,201,
1089,43,170000,11200,user_22,201,201,
1102,44,170000,0,user_31,201,201,
1095,45,160000,0,user_27,201,201,
1110,46,160000,0,user_42,201,201,
1094,47,150000,139000,user_27,201,201,
1098,48,150000,0,user_29,201,201,
1100,49,150000,0,user_30,201,201,
1084,50,130000,10700,user_18,201,201,
1085,51,120000,0,user_18,201,201,
1101,52,110000,0,user_31,201,201,
1108,53,110000,0,user_41,201,201,
1113,54,110000,30200,user_43,201,201,
1116,55,110000,0,user_46,201,201,
1082,56,85000,30200,user_16,201,201,
1114,57,80000,0,user_44,201,201,
1111,58,73000,0,user_42,201,201,
1163,0,4500000,959000,user_47,202,202,
1151,1,3500000,12300,user_34,202,202,
1123,2,2400000,0,user_3,202,202,
1153,3,1800000,0,user_36,202,202,
1155,4,1600000,0,user_38,202,202,
1160,5,1600000,0,user_45,202,202,
1139,6,1200000,0,user_20,202,202,
1141,7,1000000,0,user_23,202,202,
1136,8,910000,0,user_17,202,202,
1147,9,870000,0,user_30,202,202,
1143,10,660000,296000,user_26,202,202,
1154,11,630000,0,user_37,202,202,
1142,12,600000,0,user_25,202,202,
1164,13,600000,0,user_48,202,202,
1128,14,530001,0,user_10,202,202,1124
1130,15,530001,0,user_13,202,202,1124
1132,16,530001,0,user_14,202,202,1124
1133,17,530001,0,user_14,202,202,1124
1124,18,530000,594000,user_3,202,202,
1125,19,529999,0,user_5,202,202,1124
1126,20,529999,0,user_6,202,202,1124
1129,21,529999,0,user_12,202,202,1124
1131,22,529999,0,user_14,202,202,1124
1134,23,529999,0,user_15,202,202,1124
1135,24,460000,0,user_16,202,202,
1158,25,460000,0,user_43,202,202,
1162,26,420000,14200,user_46,202,202,
1159,27,360000,296000,user_44,202,202,
1150,28,350000,0,user_34,202,202,
1161,29,320000,0,user_46,202,202,
1146,30,310000,0,user_30,202,202,
1140,31,220000,0,user_22,202,202,
1122,32,170000,0,user_2,202,202,
1165,33,160000,0,user_48,202,202,
1137,34,150000,0,user_18,202,202,
1149,35,150000,0,user_31,202,202,
1157,36,150000,0,user_42,202,202,
1166,37,150000,11200,user_49,202,202,
1138,38,120000,0,user_19,202,202,
1148,39,120000,0,user_31,202,202,
1144,40,84000,73100,user_27,202,202,
1145,41,73000,0,user_28,202,202,
1220,0,30000000,0,user_45,203,203,
1227,1,27000000,49100,user_49,203,203,
1225,2,5200000,0,user_47,203,203,
1216,3,5000000,0,user_41,203,203,
1196,4,4500000,0,user_31,203,203,
1212,5,4500000,33300,user_39,203,203,
1198,6,2600000,17700000,user_32,203,203,
1202,7,2100000,283000,user_35,203,203,
1205,8,2000000,0,user_38,203,203,
1192,9,1900000,0,user_24,203,203,
1215,10,1900000,31700,user_40,203,203,
1190,11,1800000,84800,user_23,203,203,
1186,12,1600000,0,user_19,203,203,
1206,13,1500000,0,user_38,203,203,
1221,14,1400000,350000,user_46,203,203,
1224,15,1100000,0,user_47,203,203,
1201,16,1000000,0,user_34,203,203,
1168,17,870000,0,user_0,203,203,
1191,18,600000,0,user_24,203,203,
1210,19,600000,0,user_39,203,203,
1174,20,460001,0,user_4,203,203,1172
1179,21,460001,0,user_9,203,203,1172
1181,22,460001,0,user_10,203,203,1172
1182,23,460001,0,user_14,203,203,1172
1172,24,460000,12800,user_4,203,203,
1207,25,460000,0,user_38,203,203,
1173,26,459999,0,user_4,203,203,1172
1177,27,459999,0,user_7,203,203,1172
1178,28,459999,0,user_8,203,203,1172
1180,29,459999,0,user_10,203,203,1172
1183,30,459999,0,user_15,203,203,1172
1185,31,420000,21800,user_18,203,203,
1200,32,420000,0,user_34,203,203,
1167,33,370000,0,user_0,203,203,
1169,34,320000,0,user_1,203,203,
1223,35,300000,0,user_46,203,203,
1211,36,260000,0,user_39,203,203,
1189,37,220000,0,user_22,203,203,
1199,38,220000,0,user_33,203,203,
1170,39,190000,0,user_4,203,203,
1171,40,170000,0,user_4,203,203,
1222,41,170000,0,user_46,203,203,
1188,42,150000,0,user_20,203,203,
1219,43,150000,67900,user_45,203,203,
1197,44,120000,14200,user_32,203,203,
1195,45,110000,0,user_30,203,203,
1187,46,98000,43600,user_19,203,203,
1213,47,83000,64600,user_39,203,203,
1214,48,83000,0,user_39,203,203,
1194,49,82000,0,user_29,203,203,
1208,50,82000,195000,user_38,203,203,
1209,51,70000,0,user_38,203,203,
1253,0,5000000,0,user_32,204,204,
1241,1,2300000,0,user_21,204,204,
1250,2,2100000,0,user_27,204,204,
1248,3,2000000,0,user_24,204,204,
1252,4,2000000,0,user_32,204,204,
1258,5,2000000,0,user_36,204,204,
1243,6,1900000,0,user_23,204,204,
1254,7,1800000,13900,user_33,204,204,
1271,8,1800000,0,user_49,204,204,
1266,9,1500000,0,user_43,204,204,
1237,10,1400000,56200,user_16,204,204,
1244,11,1400000,1100000,user_24,204,204,
1232,12,1000001,0,user_7,204,204,1228
1234,13,1000001,0,user_9,204,204,1228
1235,14,1000001,0,user_10,204,204,1228
1228,15,1000000,17000,user_1,204,204,
1229,16,999999,0,user_1,204,204,1228
1230,17,999999,0,user_2,204,204,1228
1233,18,999999,0,user_8,204,204,1228
1236,19,999999,0,user_13,204,204,1228
1269,20,670000,0,user_48,204,204,
1263,21,530000,0,user_43,204,204,
1247,22,460000,0,user_24,204,204,
1255,23,310000,0,user_34,204,204,
1257,24,240000,0,user_35,204,204,
1259,25,240000,0,user_38,204,204,
1261,26,240000,5640,user_40,204,204,
1242,27,190000,0,user_22,204,204,
1238,28,170000,0,user_18,204,204,
1267,29,170000,0,user_44,204,204,
1245,30,150000,0,user_24,204,204,
1265,31,150000,0,user_43,204,204,
1260,32,130000,33100,user_38,204,204,
1246,33,120000,0,user_24,204,204,
1251,34,110000,0,user_30,204,204,
1256,35,87000,47700,user_35,204,204,
1268,36,85000,7840,user_45,204,204,
1240,37,73000,0,user_20,204,204,
1264,38,73000,11200,user_43,204,204,
1270,39,73000,12300,user_49,204,204,
1274,0,43000000,0,user_2,205,205,
1293,1,43000000,0,user_21,205,205,
1300,2,19000000,17000,user_31,205,205,
1312,3,6300000,0,user_42,205,205,
1297,4,6100000,0,user_25,205,205,
1299,5,6100000,0,user_29,205,205,
1296,6,5000000,0,user_24,205,205,
1298,7,5000000,0,user_27,205,205,
1315,8,3200000,0,user_47,205,205,
1284,9,2000000,0,user_13,205,205,
1287,10,2000000,0,user_17,205,205,
1289,11,1700000,0,user_19,205,205,
1281,12,1600000,0,user_11,205,205,
1273,13,1400000,0,user_1,205,205,
1290,14,1400000,0,user_19,205,205,
1272,15,1000000,0,user_0,205,205,
1278,16,1000000,0,user_6,205,205,
1302,17,1000000,0,user_33,205,205,
1291,18,650000,0,user_20,205,205,
1283,19,460000,0,user_12,205,205,
1286,20,460000,0,user_16,205,205,
1285,21,340000,0,user_14,205,205,
1294,22,310000,0,user_22,205,205,
1288,23,260000,0,user_17,205,205,
1305,24,240000,0,user_38,205,205,
1275,25,220000,0,user_3,205,205,
1276,26,220000,0,user_3,205,205,
1292,27,170000,0,user_21,205,205,
1306,28,170000,256000,user_38,205,205,
1277,29,160000,0,user_4,205,205,
1307,30,160000,0,user_39,205,205,
1316,31,150000,0,user_48,205,205,
1295,32,130000,0,user_23,205,205,
1304,33,120000,0,user_37,205,205,
1308,34,120000,0,user_39,205,205,
1301,35,98000,0,user_33,205,205,
1311,36,84000,155000,user_41,205,205,
1282,37,83000,0,user_12,205,205,
1313,38,83000,0,user_45,205,205,
1314,39,77000,0,user_46,205,205,
1348,0,43000000,0,user_31,206,206,
1352,1,19000000,5640,user_33,206,206,
1335,2,6100000,18600,user_18,206,206,
1337,3,5000000,5630,user_20,206,206,
1363,4,3500000,0,user_49,206,206,
1359,5,3200000,0,user_43,206,206,
1342,6,2100000,322000,user_23,206,206,
1320,7,1700000,0,user_3,206,206,
1349,8,1000000,0,user_32,206,206,
1329,9,970001,0,user_11,206,206,1321
1330,10,970001,0,user_12,206,206,1321
1331,11,970001,0,user_13,206,206,1321
1333,12,970001,0,user_15,206,206,1321
1321,13,970000,322000,user_4,206,206,
1338,14,970000,0,user_21,206,206,
1360,15,970000,0,user_44,206,206,
1322,16,969999,0,user_4,206,206,1321
1323,17,969999,0,user_5,206,206,1321
1324,18,969999,0,user_6,206,206,1321
1325,19,969999,0,user_7,206,206,1321
1328,20,969999,0,user_10,206,206,1321
1332,21,969999,0,user_14,206,206,1321
1339,22,650000,64600,user_21,206,206,
1361,23,630000,0,user_47,206,206,
1353,24,470000,0,user_33,206,206,
1347,25,420000,0,user_30,206,206,
1362,26,420000,0,user_48,206,206,
1354,27,350000,0,user_38,206,206,
1358,28,310000,0,user_43,206,206,
1319,29,260000,0,user_1,206,206,
1341,30,220000,0,user_22,206,206,
1318,31,160000,0,user_0,206,206,
1346,32,160000,0,user_30,206,206,
1351,33,150000,322000,user_33,206,206,
1317,34,120000,0,user_0,206,206,
1336,35,120000,0,user_19,206,206,
1357,36,120000,0,user_42,206,206,
1343,37,110000,0,user_25,206,206,
1345,38,110000,369000,user_27,206,206,
1356,39,110000,0,user_41,206,206,
1334,40,84000,34700,user_17,206,206,
1340,41,83000,0,user_22,206,206,
1350,42,82000,0,user_33,206,206,
1344,43,70000,0,user_26,206,206,
1387,0,30000000,0,user_20,207,207,
1397,1,27000000,283000,user_34,207,207,
1394,2,6100000,0,user_29,207,207,
1416,3,6100000,24700,user_48,207,207,
1380,4,5200000,0,user_17,207,207,
1400,5,4200000,0,user_34,207,207,
1383,6,3600000,0,user_19,207,207,
1398,7,3600000,0,user_34,207,207,
1384,8,2000000,0,user_19,207,207,
1404,9,1900000,0,user_37,207,207,
1411,10,1600000,594000,user_44,207,207,
1418,11,1600000,0,user_49,207,207,
1382,12,1500000,0,user_18,207,207,
1417,13,1500000,0,user_49,207,207,
1366,14,1400000,0,user_2,207,207,
1405,15,1300000,0,user_39,207,207,
1389,16,1000000,0,user_24,207,207,
1396,17,1000000,0,user_33,207,207,
1370,18,650001,0,user_10,207,207,1367
1371,19,650001,0,user_10,207,207,1367
1374,20,650001,0,user_11,207,207,1367
1377,21,650001,0,user_14,207,207,1367
1367,22,650000,256000,user_6,207,207,
1388,23,650000,0,user_23,207,207,
1372,24,649999,0,user_11,207,207,1367
1373,25,649999,0,user_11,207,207,1367
1375,26,649999,0,user_12,207,207,1367
1376,27,649999,0,user_13,207,207,1367
1378,28,649999,0,user_14,207,207,1367
1379,29,649999,0,user_15,207,207,1367
1412,30,530000,0,user_45,207,207,
1381,31,460000,67900,user_17,207,207,
1393,32,420000,0,user_27,207,207,
1399,33,360000,0,user_34,207,207,
1364,34,340000,0,user_1,207,207,
1403,35,340000,0,user_37,207,207,
1386,36,260000,0,user_19,207,207,
1395,37,260000,0,user_31,207,207,
1365,38,220000,0,user_2,207,207,
1409,39,190000,0,user_42,207,207,
1413,40,190000,0,user_46,207,207,
1407,41,160000,0,user_41,207,207,
1415,42,160000,0,user_47,207,207,
1401,43,150000,19700,user_34,207,207,
1390,44,120000,0,user_27,207,207,
1408,45,120000,0,user_42,207,207,
1391,46,110000,0,user_27,207,207,
1402,47,110000,0,user_36,207,207,
1392,48,100000,0,user_27,207,207,
1410,49,84000,0,user_44,207,207,
1414,50,79000,0,user_46,207,207,
1385,51,77000,0,user_19,207,207,
1446,0,19000000,0,user_29,208,208,
1440,1,6100000,0,user_18,208,208,
1451,2,5000000,256000,user_34,208,208,
1464,3,5000000,21800,user_44,208,208,
1468,4,4200000,35100,user_47,208,208,
1453,5,2600000,56200,user_37,208,208,
1455,6,2600000,0,user_39,208,208,
1466,7,2600000,0,user_47,208,208,
1444,8,2400000,8520,user_24,208,208,
1462,9,1900000,0,user_42,208,208,
1439,10,1500000,0,user_17,208,208,
1457,11,1300000,594000,user_41,208,208,
1424,12,1100001,0,user_3,208,208,1420
1426,13,1100001,0,user_4,208,208,1420
1427,14,1100001,0,user_4,208,208,1420
1430,15,1100001,0,user_5,208,208,1420
1432,16,1100001,0,user_7,208,208,1420
1433,17,1100001,0,user_10,208,208,1420
1434,18,1100001,0,user_11,208,208,1420
1435,19,1100001,0,user_12,208,208,1420
1420,20,1100000,49100,user_0,208,208,
1421,21,1099999,0,user_0,208,208,1420
1422,22,1099999,0,user_1,208,208,1420
1423,23,1099999,0,user_2,208,208,1420
1425,24,1099999,0,user_3,208,208,1420
1428,25,1099999,0,user_4,208,208,1420
1429,26,1099999,0,user_4,208,208,1420
1431,27,1099999,0,user_6,208,208,1420
1436,28,1099999,0,user_15,208,208,1420
1437,29,1099999,0,user_15,208,208,1420
1463,30,1000000,0,user_43,208,208,
1443,31,970000,0,user_24,208,208,
1460,32,910000,0,user_42,208,208,
1419,33,870000,0,user_0,208,208,
1449,34,870000,0,user_31,208,208,
1438,35,420000,0,user_16,208,208,
1454,36,420000,0,user_37,208,208,
1447,37,150000,0,user_30,208,208,
1445,38,130000,100000,user_27,208,208,
1441,39,120000,8520,user_20,208,208,
1461,40,120000,0,user_42,208,208,
1459,41,110000,0,user_42,208,208,
1467,42,110000,15100,user_47,208,208,
1448,43,87000,0,user_30,208,208,
1450,44,87000,350000,user_32,208,208,
1465,45,87000,0,user_47,208,208,
1458,46,82000,16400,user_42,208,208,
1442,47,73000,0,user_23,208,208,
1469,48,73000,0,user_48,208,208,
1523,0,30000000,0,user_42,209,209,
1496,1,6100000,0,user_16,209,209,
1529,2,5000000,0,user_47,209,209,
1531,3,5000000,0,user_49,209,209,
1497,4,4500000,0,user_17,209,209,
1528,5,3600000,0,user_46,209,209,
1522,6,2500000,0,user_40,209,209,
1525,7,2400000,0,user_44,209,209,
1507,8,1900000,0,user_24,209,209,
1511,9,1600000,0,user_28,209,209,
1499,10,1400000,0,user_19,209,209,
1501,11,1400000,0,user_21,209,209,
1516,12,1300000,510000,user_34,209,209,
1475,13,1200001,0,user_4,209,209,1473
1476,14,1200001,0,user_5,209,209,1473
1477,15,1200001,0,user_6,209,209,1473
1478,16,1200001,0,user_6,209,209,1473
1481,17,1200001,0,user_7,209,209,1473
1484,18,1200001,0,user_8,209,209,1473
1485,19,1200001,0,user_9,209,209,1473
1488,20,1200001,0,user_11,209,209,1473
1489,21,1200001,0,user_12,209,209,1473
1490,22,1200001,0,user_12,209,209,1473
1473,23,1200000,13900,user_2,209,209,
1474,24,1199999,0,user_4,209,209,1473
1479,25,1199999,0,user_7,209,209,1473
1480,26,1199999,0,user_7,209,209,1473
1482,27,1199999,0,user_7,209,209,1473
1483,28,1199999,0,user_7,209,209,1473
1491,29,1199999,0,user_13,209,209,1473
1493,30,1199999,0,user_15,209,209,1473
1515,31,1100000,35100,user_32,209,209,
1503,32,1000000,75000,user_22,209,209,
1506,33,910000,0,user_24,209,209,
1517,34,670000,0,user_35,209,209,
1519,35,670000,0,user_37,209,209,
1510,36,530000,0,user_28,209,209,
1494,37,470000,0,user_16,209,209,
1518,38,470000,0,user_35,209,209,
1502,39,350000,215000,user_22,209,209,
1505,40,300000,0,user_23,209,209,
1520,41,300000,13900,user_38,209,209,
1471,42,260000,0,user_1,209,209,
1498,43,220000,0,user_18,209,209,
1504,44,170000,0,user_23,209,209,
1527,45,170000,0,user_46,209,209,
1526,46,160000,0,user_45,209,209,
1524,47,150000,4320000,user_43,209,209,
1472,48,120000,0,user_1,209,209,
1495,49,79000,0,user_16,209,209,
1508,50,79000,35600,user_24,209,209,
1500,51,77000,0,user_19,209,209,
1514,52,73000,0,user_32,209,209,
1563,0,30000000,12800,user_45,210,210,
1548,1,27000000,0,user_26,210,210,
1549,2,6300000,0,user_27,210,210,
1536,3,4200001,0,user_6,210,210,1535
1540,4,4200001,0,user_14,210,210,1535
1535,5,4200000,10700,user_5,210,210,
1537,6,4199999,0,user_10,210,210,1535
1538,7,4199999,0,user_13,210,210,1535
1539,8,4199999,0,user_13,210,210,1535
1541,9,4199999,0,user_15,210,210,1535
1554,10,3600000,296000,user_32,210,210,
1560,11,2600000,7190000,user_42,210,210,
1570,12,1800000,0,user_48,210,210,
1567,13,1700000,121000,user_45,210,210,
1569,14,1500000,0,user_46,210,210,
1568,15,1100000,0,user_46,210,210,
1571,16,1000000,0,user_48,210,210,
1573,17,670000,0,user_48,210,210,
1574,18,670000,0,user_49,210,210,
1545,19,530000,0,user_25,210,210,
1550,20,530000,0,user_28,210,210,
1564,21,370000,0,user_45,210,210,
1562,22,360000,0,user_43,210,210,
1556,23,340000,0,user_36,210,210,
1558,24,340000,0,user_38,210,210,
1534,25,310000,0,user_2,210,210,
1552,26,300000,0,user_29,210,210,
1572,27,170000,67500,user_48,210,210,
1551,28,160000,0,user_29,210,210,
1566,29,160000,67900,user_45,210,210,
1532,30,150000,0,user_0,210,210,
1555,31,150000,32900,user_34,210,210,
1557,32,150000,0,user_38,210,210,
1547,33,130000,0,user_26,210,210,
1559,34,130000,161000,user_39,210,210,
1533,35,120000,0,user_2,210,210,
1544,36,120000,0,user_21,210,210,
1553,37,120000,0,user_31,210,210,
1565,38,110000,10700,user_45,210,210,
1543,39,87000,0,user_19,210,210,
1542,40,85000,0,user_17,210,210,
1561,41,83000,779000,user_42,210,210,
1546,42,82000,0,user_25,210,210,
1618,0,27000000,0,user_40,211,211,
1607,1,19000000,0,user_31,211,211,
1609,2,5200000,0,user_31,211,211,
1619,3,4500000,0,user_41,211,211,
1620,4,3600000,0,user_42,211,211,
1615,5,3200000,0,user_37,211,211,
1608,6,2500000,23500,user_31,211,211,
1621,7,2300000,0,user_43,211,211,
1595,8,2100000,0,user_20,211,211,
1590,9,1700000,7190000,user_16,211,211,
1630,10,1700000,0,user_48,211,211,
1614,11,1600000,0,user_37,211,211,
1597,12,1500000,12300,user_22,211,211,
1624,13,1500000,256000,user_45,211,211,
1577,14,1400000,0,user_2,211,211,
1575,15,1100000,0,user_1,211,211,
1591,16,1000000,0,user_17,211,211,
1603,17,970000,0,user_27,211,211,
1610,18,870000,0,user_31,211,211,
1589,19,670000,256000,user_16,211,211,
1623,20,630000,161000,user_45,211,211,
1588,21,600000,0,user_16,211,211,
1592,22,420000,0,user_17,211,211,
1617,23,320000,0,user_40,211,211,
1605,24,310000,0,user_30,211,211,
1622,25,310000,0,user_44,211,211,
1625,26,260000,0,user_46,211,211,
1593,27,240000,296000,user_18,211,211,
1604,28,240000,0,user_29,211,211,
1586,29,220000,0,user_16,211,211,
1616,30,190000,19700,user_37,211,211,
1576,31,150000,0,user_2,211,211,
1606,32,150000,64600,user_31,211,211,
1581,33,120001,0,user_9,211,211,1578
1578,34,120000,181000,user_3,211,211,
1587,35,120000,0,user_16,211,211,
1611,36,120000,0,user_32,211,211,
1579,37,119999,0,user_5,211,211,1578
1582,38,119999,0,user_10,211,211,1578
1585,39,119999,0,user_14,211,211,1578
1613,40,98000,0,user_37,211,211,
1612,41,83000,0,user_35,211,211,
1602,42,77000,0,user_27,211,211,
1596,43,70000,0,user_21,211,211,
1660,0,30000000,0,user_20,212,212,
1676,1,5200000,0,user_38,212,212,
1662,2,4500000,0,user_22,212,212,
1677,3,4200000,68100,user_40,212,212,
1655,4,3600000,0,user_19,212,212,
1674,5,3600000,0,user_38,212,212,
1666,6,3500000,8520,user_28,212,212,
1686,7,2500000,0,user_49,212,212,
1667,8,2400000,510000,user_31,212,212,
1680,9,2300000,779000,user_41,212,212,
1661,10,2100000,0,user_20,212,212,
1652,11,1700000,0,user_17,212,212,
1658,12,1400000,0,user_19,212,212,
1673,13,1000000,0,user_38,212,212,
1650,14,870000,0,user_16,212,212,
1657,15,670000,0,user_19,212,212,
1653,16,650000,47700,user_18,212,212,
1681,17,600000,49100,user_42,212,212,
1685,18,460000,0,user_49,212,212,
1654,19,360000,0,user_18,212,212,
1679,20,350000,0,user_41,212,212,
1670,21,340000,0,user_35,212,212,
1672,22,310000,0,user_38,212,212,
1688,23,220000,0,user_49,212,212,
1689,24,190000,21800,user_49,212,212,
1663,25,130000,0,user_25,212,212,
1659,26,120000,0,user_19,212,212,
1664,27,120000,0,user_26,212,212,
1668,28,120000,0,user_33,212,212,
1671,29,120000,0,user_37,212,212,
1682,30,120000,0,user_43,212,212,
1687,31,120000,5180,user_49,212,212,
1656,32,110000,0,user_19,212,212,
1678,33,82000,0,user_40,212,212,
1636,34,77001,0,user_4,212,212,1634
1640,35,77001,0,user_6,212,212,1634
1641,36,77001,0,user_7,212,212,1634
1649,37,77001,0,user_15,212,212,1634
1634,38,77000,12800,user_2,212,212,
1635,39,76999,0,user_2,212,212,1634
1637,40,76999,0,user_4,212,212,1634
1638,41,76999,0,user_5,212,212,1634
1639,42,76999,0,user_5,212,212,1634
1642,43,76999,0,user_8,212,212,1634
1643,44,76999,0,user_9,212,212,1634
1644,45,76999,0,user_10,212,212,1634
1645,46,76999,0,user_11,212,212,1634
1646,47,76999,0,user_11,212,212,1634
1647,48,76999,0,user_12,212,212,1634
1648,49,76999,0,user_15,212,212,1634
1651,50,73000,0,user_17,212,212,
1675,51,73000,0,user_38,212,212,
1720,0,43000000,0,user_33,213,213,
1731,1,30000000,0,user_43,213,213,
1736,2,27000000,0,user_48,213,213,
1737,3,27000000,0,user_49,213,213,
1719,4,5000000,0,user_32,213,213,
1729,5,3500000,0,user_42,213,213,
1723,6,2400000,322000,user_36,213,213,
1710,7,2000000,0,user_22,213,213,
1711,8,2000000,36800,user_23,213,213,
1708,9,1500000,0,user_20,213,213,
1691,10,1100000,0,user_2,213,213,
1717,11,1000000,0,user_30,213,213,
1693,12,970001,0,user_3,213,213,1692
1699,13,970001,0,user_10,213,213,1692
1701,14,970001,0,user_14,213,213,1692
1702,15,970001,0,user_15,213,213,1692
1703,16,970001,0,user_15,213,213,1692
1692,17,970000,369000,user_3,213,213,
1694,18,969999,0,user_5,213,213,1692
1695,19,969999,0,user_6,213,213,1692
1696,20,969999,0,user_7,213,213,1692
1700,21,969999,0,user_12,213,213,1692
1706,22,660000,0,user_19,213,213,
1733,23,660000,0,user_45,213,213,
1716,24,630000,0,user_29,213,213,
1724,25,460000,215000,user_37,213,213,
1715,26,420000,0,user_29,213,213,
1713,27,370000,0,user_23,213,213,
1704,28,310000,4320000,user_18,213,213,
1690,29,220000,0,user_1,213,213,
1721,30,220000,100000,user_34,213,213,
1735,31,170000,0,user_48,213,213,
1707,32,160000,0,user_20,213,213,
1705,33,150000,0,user_18,213,213,
1718,34,150000,0,user_31,213,213,
1730,35,150000,0,user_43,213,213,
1732,36,150000,4320000,user_44,213,213,
1734,37,150000,3130,user_47,213,213,
1725,38,120000,39400,user_38,213,213,
1714,39,110000,0,user_24,213,213,
1709,40,84000,0,user_21,213,213,
1712,41,79000,0,user_23,213,213,
1727,42,73000,0,user_41,213,213,
1728,43,70000,0,user_41,213,213,
1754,0,43000000,0,user_22,214,214,
1742,1,30000001,0,user_8,214,214,1741
1743,2,30000001,0,user_9,214,214,1741
1746,3,30000001,0,user_14,214,214,1741
1741,4,30000000,34700,user_7,214,214,
1744,5,29999999,0,user_11,214,214,1741
1745,6,29999999,0,user_13,214,214,1741
1747,7,29999999,0,user_15,214,214,1741
1775,8,4200000,0,user_44,214,214,
1740,9,2000000,0,user_4,214,214,
1763,10,2000000,34700,user_31,214,214,
1774,11,2000000,0,user_42,214,214,
1780,12,2000000,0,user_46,214,214,
1761,13,1800000,0,user_28,214,214,
1766,14,1800000,0,user_36,214,214,
1767,15,1800000,0,user_36,214,214,
1778,16,1600000,0,user_45,214,214,
1769,17,1500000,296000,user_37,214,214,
1779,18,1100000,0,user_46,214,214,
1755,19,1000000,0,user_23,214,214,
1757,20,970000,181000,user_24,214,214,
1771,21,970000,0,user_39,214,214,
1760,22,650000,0,user_26,214,214,
1765,23,600000,18600,user_34,214,214,
1759,24,260000,0,user_25,214,214,
1772,25,260000,0,user_40,214,214,
1749,26,240000,164000,user_17,214,214,
1776,27,220000,0,user_44,214,214,
1777,28,170000,4320000,user_45,214,214,
1751,29,120000,0,user_20,214,214,
1758,30,120000,0,user_25,214,214,
1768,31,120000,0,user_37,214,214,
1773,32,120000,0,user_40,214,214,
1781,33,110000,0,user_46,214,214,
1782,34,110000,0,user_46,214,214,
1748,35,98000,0,user_16,214,214,
1770,36,98000,128000,user_38,214,214,
1750,37,79000,0,user_17,214,214,
1756,38,79000,13900,user_24,214,214,
1807,0,6100000,0,user_16,215,215,
1814,1,6100000,0,user_22,215,215,
1826,2,6100000,0,user_44,215,215,
1829,3,5000000,0,user_49,215,215,
1823,4,4500000,0,user_32,215,215,
1785,5,4200000,0,user_0,215,215,
1830,6,4200000,0,user_49,215,215,
1809,7,3600000,0,user_17,215,215,
1812,8,3200000,0,user_21,215,215,
1817,9,2400000,0,user_24,215,215,
1824,10,1400000,283000,user_38,215,215,
1818,11,1000000,0,user_25,215,215,
1819,12,1000000,0,user_27,215,215,
1808,13,670000,42000,user_17,215,215,
1822,14,460000,0,user_32,215,215,
1810,15,320000,0,user_19,215,215,
1789,16,310001,0,user_3,215,215,1787
1792,17,310001,0,user_3,215,215,1787
1797,18,310001,0,user_10,215,215,1787
1798,19,310001,0,user_11,215,215,1787
1804,20,310001,0,user_12,215,215,1787
1787,21,310000,35600,user_1,215,215,
1811,22,310000,8520,user_20,215,215,
1788,23,309999,0,user_2,215,215,1787
1790,24,309999,0,user_3,215,215,1787
1791,25,309999,0,user_3,215,215,1787
1793,26,309999,0,user_4,215,215,1787
1794,27,309999,0,user_5,215,215,1787
1795,28,309999,0,user_6,215,215,1787
1799,29,309999,0,user_11,215,215,1787
1800,30,309999,0,user_11,215,215,1787
1801,31,309999,0,user_11,215,215,1787
1802,32,309999,0,user_11,215,215,1787
1803,33,309999,0,user_12,215,215,1787
1805,34,309999,0,user_13,215,215,1787
1806,35,309999,0,user_14,215,215,1787
1827,36,260000,0,user_47,215,215,
1815,37,170000,0,user_22,215,215,
1820,38,170000,0,user_28,215,215,
1831,39,160000,0,user_49,215,215,
1786,40,110000,0,user_1,215,215,
1813,41,110000,161000,user_22,215,215,
1821,42,110000,0,user_30,215,215,
1828,43,110000,381000,user_49,215,215,
1816,44,85000,0,user_23,215,215,
1825,45,79000,10700,user_42,215,215,
41,0,19000000,0,user_40,216,216,
47,1,19000000,0,user_46,216,216,
33,2,6100000,0,user_31,216,216,
49,3,6100000,0,user_48,216,216,
25,4,5200000,0,user_23,216,216,
4,5,5000000,0,user_4,216,216,
20,6,5000000,0,user_18,216,216,
0,7,3200000,0,user_0,216,216,
1,8,2100000,0,user_1,216,216,
18,9,1700000,0,user_16,216,216,
43,10,1700000,0,user_43,216,216,
23,11,1500000,283000,user_22,216,216,
34,12,1500000,0,user_31,216,216,
46,13,530000,0,user_43,216,216,
45,14,460000,0,user_43,216,216,
48,15,420000,0,user_47,216,216,
21,16,340000,5630,user_19,216,216,
22,17,340000,0,user_21,216,216,
44,18,340000,0,user_43,216,216,
30,19,300000,0,user_27,216,216,
40,20,300000,19700,user_40,216,216,
31,21,260000,0,user_28,216,216,
50,22,220000,0,user_48,216,216,
29,23,170000,0,user_26,216,216,
5,24,160000,0,user_5,216,216,
24,25,160000,0,user_23,216,216,
32,26,150000,43600,user_29,216,216,
3,27,120000,0,user_4,216,216,
36,28,120000,0,user_34,216,216,
2,29,110000,0,user_3,216,216,
37,30,110000,108000,user_37,216,216,
39,31,110000,0,user_39,216,216,
51,32,100000,84800,user_49,216,216,
26,33,79000,0,user_24,216,216,
35,34,79000,0,user_33,216,216,
10,35,70001,0,user_7,216,216,6
16,36,70001,0,user_14,216,216,6
17,37,70001,0,user_15,216,216,6
6,38,70000,3130,user_6,216,216,
7,39,69999,0,user_7,216,216,6
8,40,69999,0,user_7,216,216,6
9,41,69999,0,user_7,216,216,6
11,42,69999,0,user_7,216,216,6
13,43,69999,0,user_11,216,216,6
75,0,43000000,256000,user_23,217,217,
76,1,5000000,0,user_25,217,217,
87,2,4200000,0,user_38,217,217,
80,3,3500000,0,user_27,217,217,
100,4,3200000,0,user_49,217,217,
72,5,2600000,0,user_19,217,217,
98,6,2500000,0,user_48,217,217,
95,7,2300000,14200,user_48,217,217,
68,8,2000000,0,user_17,217,217,
81,9,2000000,0,user_29,217,217,
85,10,2000000,0,user_34,217,217,
88,11,2000000,0,user_41,217,217,
79,12,1900000,0,user_27,217,217,
92,13,1800000,0,user_44,217,217,
70,14,1500000,17000,user_19,217,217,
96,15,1500000,0,user_48,217,217,
89,16,1100000,256000,user_42,217,217,
99,17,670000,71800,user_49,217,217,
93,18,630000,0,user_45,217,217,
74,19,420000,12800,user_21,217,217,
91,20,350000,0,user_44,217,217,
78,21,190000,12800,user_26,217,217,
101,22,190000,0,user_49,217,217,
71,23,170000,0,user_19,217,217,
82,24,170000,11200,user_29,217,217,
83,25,170000,0,user_30,217,217,
84,26,120000,0,user_31,217,217,
90,27,120000,0,user_43,217,217,
67,28,110000,0,user_16,217,217,
94,29,84000,0,user_46,217,217,
73,30,83000,34700,user_19,217,217,
77,31,83000,21800,user_25,217,217,
53,32,80001,0,user_1,217,217,52
54,33,80001,0,user_2,217,217,52
55,34,80001,0,user_3,217,217,52
58,35,80001,0,user_7,217,217,52
62,36,80001,0,user_10,217,217,52
64,37,80001,0,user_11,217,217,52
66,38,80001,0,user_15,217,217,52
52,39,80000,11200,user_1,217,217,
56,40,79999,0,user_4,217,217,52
57,41,79999,0,user_6,217,217,52
63,42,79999,0,user_10,217,217,52
65,43,79999,0,user_13,217,217,52
97,44,79000,0,user_48,217,217,
69,45,70000,0,user_19,217,217,
116,0,30000000,0,user_16,218,218,
121,1,30000000,146000,user_25,218,218,
105,2,5000000,0,user_4,218,218,
133,3,2400000,13900,user_39,218,218,
118,4,2300000,0,user_18,218,218,
103,5,2000000,0,user_2,218,218,
117,6,2000000,146000,user_17,218,218,
134,7,2000000,75000,user_39,218,218,
124,8,1100000,10700,user_29,218,218,
135,9,1100000,0,user_41,218,218,
136,10,1000000,0,user_43,218,218,
139,11,1000000,0,user_46,218,218,
102,12,970000,0,user_0,218,218,
119,13,650000,3130,user_24,218,218,
125,14,600000,0,user_30,218,218,
138,15,600000,0,user_45,218,218,
131,16,460000,5640,user_37,218,218,
107,17,420001,0,user_4,218,218,106
108,18,420001,0,user_5,218,218,106
111,19,420001,0,user_10,218,218,106
112,20,420001,0,user_11,218,218,106
115,21,420001,0,user_15,218,218,106
106,22,420000,24700,user_4,218,218,
137,23,420000,0,user_44,218,218,
142,24,420000,0,user_49,218,218,
109,25,419999,0,user_5,218,218,106
110,26,419999,0,user_6,218,218,106
113,27,419999,0,user_12,218,218,106
114,28,419999,0,user_13,218,218,106
120,29,340000,0,user_25,218,218,
127,30,220000,0,user_32,218,218,
141,31,160000,0,user_48,218,218,
123,32,150000,0,user_27,218,218,
132,33,150000,0,user_37,218,218,
104,34,110000,0,user_3,218,218,
126,35,110000,0,user_32,218,218,
128,36,110000,0,user_33,218,218,
129,37,110000,73100,user_34,218,218,
122,38,77000,7840,user_26,218,218,
140,39,77000,0,user_47,218,218,
161,0,43000000,0,user_17,219,219,
145,1,30000001,0,user_5,219,219,143
147,2,30000001,0,user_7,219,219,143
149,3,30000001,0,user_10,219,219,143
152,4,30000001,0,user_12,219,219,143
153,5,30000001,0,user_14,219,219,143
143,6,30000000,84800,user_0,219,219,
184,7,30000000,0,user_43,219,219,
144,8,29999999,0,user_2,219,219,143
146,9,29999999,0,user_6,219,219,143
150,10,29999999,0,user_11,219,219,143
151,11,29999999,0,user_11,219,219,143
154,12,29999999,0,user_15,219,219,143
160,13,6100000,0,user_17,219,219,
166,14,4500000,0,user_22,219,219,
155,15,2000000,0,user_16,219,219,
157,16,2000000,0,user_16,219,219,
168,17,2000000,0,user_22,219,219,
185,18,1800000,5180,user_44,219,219,
192,19,1500000,0,user_49,219,219,
183,20,1400000,0,user_42,219,219,
187,21,1400000,0,user_46,219,219,
190,22,1100000,0,user_48,219,219,
193,23,1100000,0,user_49,219,219,
169,24,1000000,0,user_23,219,219,
175,25,1000000,0,user_32,219,219,
174,26,970000,0,user_30,219,219,
191,27,910000,13800,user_48,219,219,
164,28,870000,0,user_22,219,219,
173,29,870000,0,user_30,219,219,
178,30,670000,0,user_36,219,219,
186,31,660000,0,user_45,219,219,
188,32,650000,0,user_46,219,219,
159,33,460000,0,user_16,219,219,
182,34,370000,0,user_41,219,219,
195,35,360000,75000,user_49,219,219,
179,36,340000,0,user_36,219,219,
180,37,310000,0,user_38,219,219,
163,38,300000,0,user_19,219,219,
167,39,260000,0,user_22,219,219,
156,40,220000,0,user_16,219,219,
189,41,220000,0,user_47,219,219,
162,42,160000,0,user_18,219,219,
172,43,150000,0,user_28,219,219,
171,44,120000,0,user_26,219,219,
194,45,120000,0,user_49,219,219,
158,46,110000,0,user_16,219,219,
170,47,100000,0,user_25,219,219,
165,48,85000,0,user_22,219,219,
177,49,85000,0,user_36,219,219,
196,0,6300000,0,user_0,220,220,
239,1,6300000,0,user_33,220,220,
242,2,6100000,0,user_36,220,220,
222,3,4500000,155000,user_20,220,220,
223,4,4200000,0,user_20,220,220,
231,5,4200000,0,user_27,220,220,
250,6,3500000,369000,user_45,220,220,
218,7,2500000,0,user_17,220,220,
238,8,2500000,0,user_32,220,220,
230,9,2400000,0,user_25,220,220,
241,10,2400000,0,user_34,220,220,
243,11,2100000,231000,user_38,220,220,
221,12,2000000,0,user_19,220,220,
219,13,1500000,0,user_18,220,220,
217,14,1400000,0,user_16,220,220,
233,15,1400000,0,user_28,220,220,
251,16,1400000,0,user_47,220,220,
254,17,1200000,0,user_49,220,220,
229,18,1100000,0,user_24,220,220,
227,19,1000000,73100,user_22,220,220,
226,20,970000,0,user_21,220,220,
228,21,650000,0,user_24,220,220,
252,22,420000,0,user_48,220,220,
244,23,370000,0,user_38,220,220,
234,24,310000,0,user_30,220,220,
206,25,240001,0,user_12,220,220,197
207,26,240001,0,user_13,220,220,197
208,27,240001,0,user_13,220,220,197
211,28,240001,0,user_14,220,220,197
214,29,240001,0,user_14,220,220,197
215,30,240001,0,user_14,220,220,197
197,31,240000,16400,user_2,220,220,
198,32,239999,0,user_3,220,220,197
199,33,239999,0,user_4,220,220,197
200,34,239999,0,user_6,220,220,197
201,35,239999,0,user_7,220,220,197
203,36,239999,0,user_10,220,220,197
204,37,239999,0,user_11,220,220,197
205,38,239999,0,user_11,220,220,197
209,39,239999,0,user_13,220,220,197
210,40,239999,0,user_13,220,220,197
212,41,239999,0,user_14,220,220,197
213,42,239999,0,user_14,220,220,197
216,43,239999,0,user_15,220,220,197
224,44,190000,0,user_20,220,220,
253,45,190000,0,user_49,220,220,
225,46,170000,0,user_20,220,220,
240,47,160000,0,user_34,220,220,
220,48,150000,7190000,user_19,220,220,
248,49,150000,0,user_41,220,220,
245,50,110000,231000,user_39,220,220,
247,51,110000,155000,user_41,220,220,
237,52,98000,0,user_30,220,220,
232,53,85000,0,user_27,220,220,
235,54,84000,0,user_30,220,220,
249,55,80000,0,user_43,220,220,
236,56,73000,0,user_30,220,220,
255,0,30000000,0,user_0,221,221,
289,1,5200000,0,user_39,221,221,
275,2,5000000,0,user_26,221,221,
283,3,4500000,0,user_31,221,221,
277,4,2500000,959000,user_27,221,221,
287,5,2300000,0,user_36,221,221,
270,6,1900000,0,user_20,221,221,
266,7,1800000,0,user_18,221,221,
269,8,1800000,0,user_20,221,221,
273,9,1500000,0,user_23,221,221,
284,10,1500000,0,user_32,221,221,
256,11,1300000,0,user_1,221,221,
294,12,1300000,0,user_44,221,221,
279,13,1000000,0,user_30,221,221,
268,14,870000,0,user_20,221,221,
282,15,670000,0,user_30,221,221,
278,16,660000,0,user_30,221,221,
293,17,660000,0,user_43,221,221,
260,18,460001,0,user_5,221,221,259
263,19,460001,0,user_12,221,221,259
264,20,460001,0,user_14,221,221,259
265,21,460001,0,user_15,221,221,259
259,22,460000,779000,user_2,221,221,
280,23,460000,0,user_30,221,221,
296,24,460000,0,user_49,221,221,
267,25,420000,0,user_19,221,221,
258,26,370000,0,user_2,221,221,
257,27,260000,0,user_1,221,221,
276,28,240000,0,user_26,221,221,
286,29,240000,32900,user_36,221,221,
288,30,240000,75000,user_38,221,221,
272,31,220000,0,user_23,221,221,
281,32,220000,0,user_30,221,221,
285,33,190000,0,user_33,221,221,
290,34,170000,0,user_41,221,221,
291,35,160000,0,user_42,221,221,
292,36,120000,0,user_42,221,221,
274,37,110000,0,user_25,221,221,
271,38,80000,14200,user_20,221,221,
295,39,77000,0,user_49,221,221,
333,0,27000000,0,user_35,222,222,
304,1,19000000,0,user_6,222,222,
350,2,19000000,0,user_46,222,222,
341,3,5200000,0,user_40,222,222,
303,4,5000000,0,user_6,222,222,
310,5,5000000,0,user_12,222,222,
313,6,5000000,0,user_16,222,222,
312,7,3600000,0,user_15,222,222,
315,8,3500000,0,user_19,222,222,
340,9,3200000,47700,user_40,222,222,
335,10,2100000,0,user_37,222,222,
297,11,2000000,0,user_0,222,222,
305,12,1900000,0,user_7,222,222,
327,13,1800000,60700,user_32,222,222,
329,14,1400000,36800,user_33,222,222,
351,15,1400000,4320000,user_46,222,222,
307,16,1100000,0,user_10,222,222,
311,17,1100000,0,user_12,222,222,
323,18,1100000,0,user_28,222,222,
339,19,1000000,0,user_39,222,222,
347,20,1000000,0,user_45,222,222,
308,21,970000,0,user_10,222,222,
342,22,970000,67900,user_43,222,222,
338,23,870000,0,user_39,222,222,
306,24,670000,0,user_9,222,222,
324,25,670000,18600,user_29,222,222,
348,26,670000,0,user_45,222,222,
336,27,660000,0,user_39,222,222,
352,28,660000,0,user_48,222,222,
344,29,650000,0,user_44,222,222,
326,30,470000,0,user_31,222,222,
328,31,460000,0,user_32,222,222,
300,32,420000,0,user_3,222,222,
320,33,420000,0,user_25,222,222,
331,34,360000,121000,user_33,222,222,
346,35,310000,0,user_45,222,222,
301,36,300000,0,user_3,222,222,
316,37,220000,0,user_20,222,222,
317,38,220000,0,user_21,222,222,
345,39,190000,0,user_45,222,222,
321,40,170000,47700,user_26,222,222,
337,41,170000,0,user_39,222,222,
349,42,170000,0,user_45,222,222,
302,43,160000,0,user_4,222,222,
334,44,160000,0,user_36,222,222,
330,45,83000,0,user_33,222,222,
343,46,77000,164000,user_43,222,222,
322,47,70000,15300,user_27,222,222,
381,0,19000000,0,user_38,223,223,
353,1,6100000,0,user_3,223,223,
366,2,5000000,15300,user_19,223,223,
371,3,5000000,0,user_27,223,223,
385,4,5000000,56200,user_40,223,223,
389,5,4500000,0,user_44,223,223,
391,6,4200000,0,user_47,223,223,
374,7,3200000,0,user_30,223,223,
386,8,3200000,128000,user_40,223,223,
373,9,2400000,0,user_29,223,223,
377,10,2400000,285000,user_32,223,223,
393,11,2000000,0,user_47,223,223,
375,12,1700000,0,user_31,223,223,
361,13,1600001,0,user_11,223,223,357
357,14,1600000,64600,user_6,223,223,
358,15,1599999,0,user_6,223,223,357
359,16,1599999,0,user_7,223,223,357
360,17,1599999,0,user_11,223,223,357
362,18,1599999,0,user_12,223,223,357
365,19,1599999,0,user_15,223,223,357
387,20,1500000,0,user_41,223,223,
372,21,1400000,15700,user_28,223,223,
390,22,1300000,0,user_46,223,223,
378,23,1100000,0,user_34,223,223,
384,24,1100000,594000,user_40,223,223,
382,25,650000,0,user_40,223,223,
394,26,320000,0,user_48,223,223,
379,27,310000,0,user_35,223,223,
369,28,120000,0,user_22,223,223,
383,29,100000,0,user_40,223,223,
370,30,85000,0,user_25,223,223,
392,31,79000,108000,user_47,223,223,
376,32,77000,0,user_32,223,223,
388,33,73000,0,user_43,223,223,
399,0,6300000,0,user_3,224,224,
417,1,6300000,0,user_18,224,224,
423,2,5200000,0,user_25,224,224,
446,3,5000000,71800,user_46,224,224,
434,4,3200000,0,user_34,224,224,
422,5,2100000,0,user_23,224,224,
430,6,2000000,0,user_28,224,224,
424,7,1800000,0,user_25,224,224,
420,8,1600000,0,user_22,224,224,
414,9,1500000,100000,user_16,224,224,
438,10,1500000,0,user_37,224,224,
444,11,1500000,0,user_44,224,224,
416,12,1400000,0,user_17,224,224,
419,13,1400000,0,user_20,224,224,
418,14,1100000,0,user_18,224,224,
421,15,1000000,0,user_23,224,224,
431,16,910000,0,user_29,224,224,
443,17,670000,0,user_44,224,224,
432,18,470000,75000,user_33,224,224,
433,19,460000,0,user_34,224,224,
400,20,370000,0,user_4,224,224,
428,21,370000,0,user_26,224,224,
439,22,370000,769000,user_37,224,224,
435,23,340000,0,user_34,224,224,
445,24,320000,7190000,user_45,224,224,
415,25,220000,19700,user_17,224,224,
436,26,220000,0,user_34,224,224,
427,27,190000,0,user_25,224,224,
402,28,150001,0,user_6,224,224,401
403,29,150001,0,user_7,224,224,401
407,30,150001,0,user_7,224,224,401
408,31,150001,0,user_8,224,224,401
411,32,150001,0,user_13,224,224,401
401,33,150000,16400,user_5,224,224,
429,34,150000,30200,user_27,224,224,
404,35,149999,0,user_7,224,224,401
405,36,149999,0,user_7,224,224,401
406,37,149999,0,user_7,224,224,401
410,38,149999,0,user_10,224,224,401
412,39,149999,0,user_14,224,224,401
413,40,149999,0,user_14,224,224,401
397,41,120000,0,user_2,224,224,
425,42,110000,0,user_25,224,224,
398,43,100000,0,user_3,224,224,
448,44,87000,0,user_48,224,224,
442,45,84000,0,user_42,224,224,
447,46,84000,0,user_48,224,224,
395,47,83000,0,user_1,224,224,
396,48,77000,0,user_2,224,224,
426,49,77000,0,user_25,224,224,
449,50,70000,0,user_49,224,224,
456,0,30000001,0,user_9,225,225,454
458,1,30000001,0,user_11,225,225,454
460,2,30000001,0,user_13,225,225,454
454,3,30000000,128000,user_5,225,225,
455,4,29999999,0,user_7,225,225,454
457,5,29999999,0,user_11,225,225,454
459,6,29999999,0,user_12,225,225,454
461,7,29999999,0,user_14,225,225,454
462,8,29999999,0,user_15,225,225,454
464,9,4500000,0,user_16,225,225,
482,10,4500000,0,user_39,225,225,
473,11,4200000,0,user_28,225,225,
468,12,2600000,0,user_24,225,225,
492,13,2600000,256000,user_45,225,225,
469,14,2400000,0,user_26,225,225,
470,15,2000000,0,user_27,225,225,
472,16,2000000,0,user_27,225,225,
478,17,2000000,30200,user_34,225,225,
479,18,1600000,43600,user_34,225,225,
493,19,1600000,0,user_46,225,225,
452,20,1500000,0,user_2,225,225,
490,21,1500000,0,user_44,225,225,
491,22,1500000,17000,user_45,225,225,
450,23,1400000,0,user_0,225,225,
486,24,1100000,31700,user_42,225,225,
451,25,420000,0,user_2,225,225,
471,26,350000,0,user_27,225,225,
480,27,310000,18600,user_35,225,225,
481,28,310000,0,user_35,225,225,
484,29,310000,0,user_40,225,225,
463,30,220000,0,user_16,225,225,
476,31,220000,0,user_31,225,225,
466,32,170000,0,user_22,225,225,
487,33,160000,0,user_42,225,225,
453,34,120000,0,user_4,225,225,
467,35,110000,0,user_23,225,225,
465,36,85000,959000,user_20,225,225,
483,37,73000,0,user_39,225,225,
542,0,6300000,0,user_47,226,226,
534,1,6100000,4320000,user_37,226,226,
497,2,5200000,0,user_3,226,226,
517,3,5000000,0,user_17,226,226,
540,4,5000000,0,user_43,226,226,
522,5,3500000,0,user_23,226,226,
533,6,2000000,0,user_36,226,226,
539,7,1900000,24700,user_43,226,226,
518,8,1600000,0,user_18,226,226,
537,9,1600000,0,user_42,226,226,
520,10,1400000,0,user_22,226,226,
498,11,1200000,0,user_5,226,226,
532,12,970000,0,user_35,226,226,
516,13,660000,0,user_16,226,226,
499,14,600000,0,user_5,226,226,
527,15,600000,0,user_30,226,226,
531,16,460000,0,user_34,226,226,
529,17,420000,46500,user_31,226,226,
528,18,340000,0,user_31,226,226,
526,19,310000,0,user_27,226,226,
525,20,240000,0,user_27,226,226,
524,21,220000,0,user_25,226,226,
519,22,170000,0,user_21,226,226,
502,23,160001,0,user_6,226,226,500
504,24,160001,0,user_8,226,226,500
505,25,160001,0,user_8,226,226,500
508,26,160001,0,user_10,226,226,500
510,27,160001,0,user_11,226,226,500
512,28,160001,0,user_13,226,226,500
500,29,160000,5180,user_5,226,226,
535,30,160000,0,user_38,226,226,
501,31,159999,0,user_6,226,226,500
506,32,159999,0,user_9,226,226,500
507,33,159999,0,user_9,226,226,500
509,34,159999,0,user_10,226,226,500
513,35,159999,0,user_13,226,226,500
514,36,159999,0,user_14,226,226,500
515,37,159999,0,user_15,226,226,500
538,38,150000,0,user_42,226,226,
543,39,150000,0,user_47,226,226,
521,40,100000,0,user_22,226,226,
496,41,98000,0,user_2,226,226,
541,42,87000,0,user_46,226,226,
494,43,80000,0,user_0,226,226,
495,44,80000,0,user_1,226,226,
545,45,77000,121000,user_49,226,226,
578,0,19000000,0,user_33,227,227,
573,1,6100000,0,user_28,227,227,
562,2,5000000,0,user_17,227,227,
585,3,5000000,49100,user_39,227,227,
592,4,5000000,0,user_47,227,227,
576,5,2100000,0,user_32,227,227,
582,6,1900000,0,user_38,227,227,
590,7,1700000,0,user_45,227,227,
563,8,1600000,0,user_18,227,227,
587,9,1500000,0,user_39,227,227,
591,10,1400000,0,user_45,227,227,
574,11,1300000,0,user_30,227,227,
580,12,1200000,0,user_36,227,227,
593,13,1100000,0,user_48,227,227,
564,14,1000000,0,user_18,227,227,
569,15,1000000,0,user_23,227,227,
594,16,1000000,256000,user_49,227,227,
586,17,970000,0,user_39,227,227,
570,18,670000,0,user_24,227,227,
577,19,530000,0,user_33,227,227,
583,20,470000,0,user_38,227,227,
561,21,460000,0,user_16,227,227,
575,22,420000,0,user_31,227,227,
571,23,350000,0,user_26,227,227,
566,24,220000,0,user_19,227,227,
581,25,220000,0,user_37,227,227,
584,26,220000,0,user_39,227,227,
589,27,170000,0,user_42,227,227,
565,28,130000,0,user_19,227,227,
547,29,120001,0,user_0,227,227,546
550,30,120001,0,user_3,227,227,546
551,31,120001,0,user_4,227,227,546
552,32,120001,0,user_6,227,227,546
557,33,120001,0,user_11,227,227,546
558,34,120001,0,user_12,227,227,546
559,35,120001,0,user_15,227,227,546
546,36,120000,60700,user_0,227,227,
548,37,119999,0,user_1,227,227,546
549,38,119999,0,user_2,227,227,546
553,39,119999,0,user_6,227,227,546
560,40,119999,0,user_15,227,227,546
567,41,110000,35100,user_20,227,227,
568,42,84000,0,user_22,227,227,
572,43,83000,0,user_28,227,227,
635,0,43000000,0,user_44,228,228,
596,1,6100001,0,user_2,228,228,595
597,2,6100001,0,user_4,228,228,595
598,3,6100001,0,user_5,228,228,595
599,4,6100001,0,user_10,228,228,595
600,5,6100001,0,user_11,228,228,595
601,6,6100001,0,user_12,228,228,595
602,7,6100001,0,user_13,228,228,595
603,8,6100001,0,user_13,228,228,595
595,9,6100000,24700,user_0,228,228,
611,10,6100000,0,user_24,228,228,
630,11,6100000,0,user_38,228,228,
604,12,6099999,0,user_15,228,228,595
637,13,5200000,36800,user_45,228,228,
638,14,5000000,0,user_45,228,228,
614,15,4500000,0,user_25,228,228,
631,16,3200000,0,user_39,228,228,
628,17,2000000,0,user_36,228,228,
634,18,2000000,0,user_42,228,228,
633,19,1700000,0,user_42,228,228,
620,20,1400000,0,user_30,228,228,
618,21,1300000,0,user_29,228,228,
613,22,1100000,0,user_25,228,228,
640,23,1100000,0,user_48,228,228,
610,24,1000000,0,user_20,228,228,
615,25,670000,0,user_27,228,228,
639,26,660000,0,user_46,228,228,
625,27,530000,35100,user_34,228,228,
617,28,470000,12800,user_29,228,228,
622,29,420000,0,user_32,228,228,
624,30,360000,0,user_34,228,228,
605,31,220000,24700,user_16,228,228,
612,32,170000,0,user_24,228,228,
606,33,150000,0,user_17,228,228,
619,34,130000,0,user_29,228,228,
632,35,130000,0,user_41,228,228,
636,36,120000,0,user_44,228,228,
609,37,110000,0,user_19,228,228,
623,38,110000,0,user_33,228,228,
629,39,110000,0,user_37,228,228,
616,40,80000,0,user_28,228,228,
607,41,73000,0,user_17,228,228,
608,42,70000,5180,user_18,228,228,
621,43,70000,0,user_30,228,228,
643,0,27000000,0,user_3,229,229,
646,1,5200000,0,user_6,229,229,
682,2,5200000,108000,user_43,229,229,
644,3,5000000,0,user_4,229,229,
660,4,2000000,410000,user_19,229,229,
674,5,2000000,381000,user_34,229,229,
650,6,1500000,0,user_11,229,229,
657,7,1500000,0,user_17,229,229,
668,8,1500000,0,user_27,229,229,
673,9,1500000,0,user_33,229,229,
678,10,1500000,0,user_36,229,229,
680,11,1000000,0,user_39,229,229,
675,12,970000,0,user_34,229,229,
685,13,910000,0,user_46,229,229,
663,14,660000,0,user_23,229,229,
683,15,600000,139000,user_44,229,229,
667,16,470000,0,user_26,229,229,
655,17,460000,8520,user_16,229,229,
656,18,350000,769000,user_16,229,229,
679,19,340000,0,user_37,229,229,
641,20,320000,0,user_1,229,229,
651,21,310000,0,user_12,229,229,
659,22,310000,0,user_19,229,229,
665,23,310000,67500,user_24,229,229,
654,24,220000,0,user_16,229,229,
664,25,220000,0,user_23,229,229,
642,26,190000,0,user_2,229,229,
658,27,170000,0,user_19,229,229,
653,28,160000,0,user_16,229,229,
661,29,130000,0,user_19,229,229,
669,30,130000,0,user_28,229,229,
672,31,120000,0,user_33,229,229,
645,32,110000,0,user_5,229,229,
652,33,110000,0,user_14,229,229,
662,34,110000,0,user_22,229,229,
670,35,110000,164000,user_30,229,229,
671,36,110000,0,user_32,229,229,
681,37,110000,0,user_41,229,229,
666,38,82000,0,user_25,229,229,
684,39,80000,0,user_45,229,229,
686,40,80000,0,user_48,229,229,
677,41,77000,0,user_36,229,229,
707,0,43000000,0,user_29,230,230,
727,1,43000000,0,user_42,230,230,
715,2,30000000,21800,user_35,230,230,
724,3,27000000,296000,user_40,230,230,
709,4,6300000,0,user_30,230,230,
735,5,5000000,0,user_46,230,230,
691,6,4500000,0,user_3,230,230,
733,7,3500000,0,user_43,230,230,
731,8,2100000,0,user_43,230,230,
734,9,1900000,0,user_46,230,230,
732,10,1600000,0,user_43,230,230,
704,11,1500000,0,user_22,230,230,
714,12,1100000,0,user_35,230,230,
717,13,1100000,0,user_38,230,230,
728,14,1100000,0,user_42,230,230,
711,15,1000000,0,user_32,230,230,
722,16,970000,0,user_40,230,230,
726,17,970000,0,user_40,230,230,
719,18,910000,0,user_38,230,230,
718,19,650000,0,user_38,230,230,
737,20,470000,0,user_49,230,230,
705,21,360000,322000,user_26,230,230,
736,22,350000,0,user_47,230,230,
702,23,310000,0,user_16,230,230,
690,24,300000,0,user_3,230,230,
688,25,190000,0,user_0,230,230,
698,26,170001,0,user_10,230,230,694
699,27,170001,0,user_12,230,230,694
700,28,170001,0,user_13,230,230,694
701,29,170001,0,user_15,230,230,694
708,30,170000,0,user_29,230,230,
721,31,170000,0,user_39,230,230,
697,32,169999,0,user_9,230,230,694
689,33,160000,0,user_1,230,230,
713,34,160000,285000,user_33,230,230,
730,35,160000,0,user_43,230,230,
716,36,150000,0,user_37,230,230,
720,37,150000,0,user_38,230,230,
723,38,150000,0,user_40,230,230,
706,39,120000,0,user_28,230,230,
712,40,120000,0,user_32,230,230,
703,41,110000,0,user_21,230,230,
729,42,110000,0,user_43,230,230,
710,43,100000,0,user_30,230,230,
725,44,100000,0,user_40,230,230,
687,45,83000,0,user_0,230,230,
752,0,19000000,0,user_19,231,231,
759,1,5000000,0,user_23,231,231,
760,2,5000000,0,user_25,231,231,
781,3,4200000,0,user_43,231,231,
743,4,3200000,0,user_6,231,231,
786,5,2500000,0,user_44,231,231,
782,6,2400000,0,user_43,231,231,
750,7,2100000,0,user_18,231,231,
762,8,1500000,0,user_28,231,231,
755,9,1400000,350000,user_19,231,231,
766,10,1400000,0,user_31,231,231,
769,11,1400000,15700,user_34,231,231,
757,12,1000000,0,user_21,231,231,
779,13,1000000,35600,user_41,231,231,
738,14,910000,0,user_1,231,231,
749,15,910000,0,user_16,231,231,
741,16,670000,0,user_4,231,231,
772,17,470000,0,user_34,231,231,
767,18,460000,0,user_32,231,231,
771,19,360000,0,user_34,231,231,
739,20,340000,0,user_2,231,231,
746,21,320000,0,user_11,231,231,
774,22,320000,0,user_36,231,231,
744,23,310000,0,user_7,231,231,
765,24,310000,13900,user_30,231,231,
784,25,310000,164000,user_43,231,231,
742,26,300000,0,user_5,231,231,
783,27,220000,0,user_43,231,231,
753,28,170000,0,user_19,231,231,
761,29,170000,0,user_26,231,231,
758,30,160000,0,user_22,231,231,
775,31,160000,0,user_37,231,231,
754,32,120000,0,user_19,231,231,
756,33,120000,56200,user_20,231,231,
740,34,110000,0,user_3,231,231,
780,35,110000,0,user_42,231,231,
763,36,98000,0,user_29,231,231,
768,37,98000,0,user_33,231,231,
776,38,98000,0,user_38,231,231,
785,39,98000,0,user_43,231,231,
770,40,85000,0,user_34,231,231,
747,41,84000,15700,user_13,231,231,
748,42,83999,0,user_14,231,231,747
764,43,79000,31700,user_30,231,231,
751,44,70000,0,user_19,231,231,
834,0,43000000,0,user_47,232,232,
816,1,6300000,0,user_32,232,232,
828,2,5200000,12300,user_43,232,232,
818,3,5000000,0,user_33,232,232,
787,4,2000000,0,user_0,232,232,
809,5,2000000,510000,user_22,232,232,
812,6,1500000,0,user_25,232,232,
813,7,1500000,0,user_25,232,232,
819,8,1500000,0,user_34,232,232,
830,9,1500000,410000,user_44,232,232,
803,10,1400000,0,user_17,232,232,
833,11,1400000,0,user_46,232,232,
789,12,1300001,0,user_1,232,232,788
793,13,1300001,0,user_6,232,232,788
794,14,1300001,0,user_7,232,232,788
795,15,1300001,0,user_11,232,232,788
796,16,1300001,0,user_13,232,232,788
797,17,1300001,0,user_14,232,232,788
798,18,1300001,0,user_15,232,232,788
788,19,1300000,35100,user_0,232,232,
790,20,1299999,0,user_4,232,232,788
791,21,1299999,0,user_5,232,232,788
792,22,1299999,0,user_5,232,232,788
835,23,1100000,231000,user_48,232,232,
799,24,1000000,39400,user_16,232,232,
827,25,530000,0,user_41,232,232,
822,26,470000,12800,user_36,232,232,
806,27,460000,0,user_18,232,232,
811,28,460000,0,user_24,232,232,
832,29,460000,0,user_45,232,232,
805,30,420000,0,user_17,232,232,
836,31,310000,0,user_49,232,232,
820,32,260000,0,user_34,232,232,
808,33,220000,0,user_19,232,232,
814,34,220000,49100,user_28,232,232,
802,35,170000,283000,user_17,232,232,
817,36,160000,0,user_32,232,232,
823,37,160000,0,user_38,232,232,
829,38,160000,47700,user_43,232,232,
807,39,150000,0,user_19,232,232,
815,40,150000,0,user_29,232,232,
826,41,150000,0,user_41,232,232,
824,42,120000,0,user_39,232,232,
831,43,120000,0,user_45,232,232,
804,44,85000,0,user_17,232,232,
801,45,82000,0,user_17,232,232,
810,46,80000,13900,user_23,232,232,
800,47,73000,0,user_16,232,232,
861,0,43000000,10700,user_25,233,233,
868,1,30000000,0,user_31,233,233,
864,2,5200000,0,user_28,233,233,
849,3,2100000,594000,user_17,233,233,
867,4,2000000,0,user_31,233,233,
854,5,1700000,0,user_22,233,233,
878,6,1600000,15100,user_39,233,233,
884,7,1600000,510000,user_43,233,233,
894,8,1600000,0,user_49,233,233,
858,9,1500000,32900,user_24,233,233,
838,10,1200001,0,user_1,233,233,837
839,11,1200001,0,user_2,233,233,837
840,12,1200001,0,user_4,233,233,837
841,13,1200001,0,user_5,233,233,837
842,14,1200001,0,user_6,233,233,837
846,15,1200001,0,user_13,233,233,837
847,16,1200001,0,user_15,233,233,837
837,17,1200000,231000,user_1,233,233,
843,18,1199999,0,user_7,233,233,837
845,19,1199999,0,user_12,233,233,837
860,20,1100000,0,user_24,233,233,
870,21,1100000,0,user_34,233,233,
855,22,1000000,0,user_23,233,233,
856,23,1000000,0,user_24,233,233,
866,24,1000000,0,user_28,233,233,
887,25,1000000,0,user_44,233,233,
876,26,970000,0,user_38,233,233,
892,27,970000,510000,user_47,233,233,
885,28,910000,0,user_43,233,233,
886,29,870000,0,user_43,233,233,
853,30,660000,15700,user_21,233,233,
881,31,660000,0,user_42,233,233,
882,32,630000,15700,user_43,233,233,
889,33,600000,0,user_45,233,233,
865,34,460000,0,user_28,233,233,
890,35,460000,0,user_45,233,233,
875,36,360000,0,user_37,233,233,
859,37,340000,0,user_24,233,233,
891,38,340000,0,user_47,233,233,
874,39,310000,0,user_37,233,233,
850,40,300000,0,user_18,233,233,
872,41,260000,0,user_37,233,233,
888,42,260000,0,user_44,233,233,
895,43,220000,0,user_49,233,233,
848,44,170000,0,user_16,233,233,
869,45,170000,75000,user_33,233,233,
851,46,150000,0,user_19,233,233,
857,47,150000,0,user_24,233,233,
871,48,150000,0,user_36,233,233,
880,49,150000,0,user_41,233,233,
863,50,120000,0,user_28,233,233,
877,51,120000,11200,user_39,233,233,
893,52,120000,0,user_48,233,233,
852,53,110000,0,user_20,233,233,
873,54,110000,0,user_37,233,233,
883,55,87000,0,user_43,233,233,
862,56,85000,8520,user_28,233,233,
905,0,43000000,0,user_11,234,234,
897,1,27000000,0,user_3,234,234,
924,2,6300000,36800,user_29,234,234,
935,3,6300000,0,user_36,234,234,
948,4,6100000,39400,user_48,234,234,
920,5,5000000,0,user_25,234,234,
926,6,5000000,0,user_31,234,234,
903,7,4500000,0,user_9,234,234,
901,8,3600000,0,user_7,234,234,
917,9,2500000,0,user_22,234,234,
942,10,2400000,0,user_43,234,234,
943,11,2000000,0,user_44,234,234,
912,12,1700000,0,user_17,234,234,
941,13,1600000,381000,user_43,234,234,
900,14,1500000,0,user_5,234,234,
906,15,1500000,0,user_11,234,234,
938,16,1500000,369000,user_42,234,234,
911,17,1400000,0,user_15,234,234,
937,18,1400000,13900,user_40,234,234,
936,19,1300000,0,user_39,234,234,
950,20,1100000,0,user_49,234,234,
949,21,1000000,43600,user_49,234,234,
932,22,970000,33300,user_33,234,234,
899,23,660000,0,user_4,234,234,
940,24,660000,33100,user_43,234,234,
902,25,530000,0,user_8,234,234,
934,26,470000,195000,user_35,234,234,
923,27,460000,0,user_28,234,234,
898,28,420000,0,user_4,234,234,
909,29,370000,0,user_14,234,234,
907,30,320000,0,user_12,234,234,
916,31,300000,0,user_21,234,234,
921,32,300000,0,user_26,234,234,
913,33,260000,0,user_19,234,234,
914,34,260000,322000,user_20,234,234,
915,35,170000,18600,user_20,234,234,
919,36,170000,5640,user_24,234,234,
908,37,150000,0,user_14,234,234,
939,38,150000,0,user_43,234,234,
944,39,150000,0,user_44,234,234,
896,40,120000,0,user_2,234,234,
925,41,110000,0,user_30,234,234,
918,42,100000,0,user_23,234,234,
910,43,87000,0,user_15,234,234,
904,44,82000,0,user_10,234,234,
931,45,70000,283000,user_33,234,234,
978,0,43000000,0,user_21,235,235,
998,1,43000000,0,user_41,235,235,
996,2,6300000,0,user_40,235,235,
975,3,6100000,0,user_20,235,235,
993,4,5000000,231000,user_37,235,235,
980,5,4500000,0,user_26,235,235,
987,6,4500000,0,user_31,235,235,
1008,7,4200000,0,user_46,235,235,
1012,8,3500000,0,user_48,235,235,
990,9,2600000,0,user_33,235,235,
977,10,2500000,15700,user_20,235,235,
1009,11,2000000,0,user_46,235,235,
986,12,1900000,0,user_30,235,235,
991,13,1800000,0,user_34,235,235,
983,14,1500000,0,user_28,235,235,
1003,15,1500000,0,user_44,235,235,
970,16,1400000,0,user_16,235,235,
972,17,1100000,0,user_19,235,235,
989,18,1100000,60700,user_33,235,235,
1013,19,1100000,16400,user_48,235,235,
973,20,1000000,18600,user_20,235,235,
1011,21,1000000,0,user_46,235,235,
997,22,970000,0,user_41,235,235,
982,23,870000,0,user_27,235,235,
1001,24,660000,0,user_43,235,235,
1010,25,650000,0,user_46,235,235,
1007,26,630000,15100,user_46,235,235,
984,27,530000,0,user_28,235,235,
954,28,360001,0,user_2,235,235,951
957,29,360001,0,user_3,235,235,951
959,30,360001,0,user_3,235,235,951
964,31,360001,0,user_7,235,235,951
951,32,360000,10700,user_0,235,235,
971,33,360000,0,user_18,235,235,
1002,34,360000,0,user_44,235,235,
952,35,359999,0,user_0,235,235,951
953,36,359999,0,user_1,235,235,951
955,37,359999,0,user_3,235,235,951
956,38,359999,0,user_3,235,235,951
958,39,359999,0,user_3,235,235,951
960,40,359999,0,user_5,235,235,951
961,41,359999,0,user_6,235,235,951
962,42,359999,0,user_7,235,235,951
963,43,359999,0,user_7,235,235,951
965,44,359999,0,user_7,235,235,951
966,45,359999,0,user_8,235,235,951
981,46,350000,0,user_27,235,235,
1006,47,260000,0,user_44,235,235,
1005,48,170000,0,user_44,235,235,
976,49,160000,0,user_20,235,235,
985,50,150000,46500,user_29,235,235,
974,51,120000,0,user_20,235,235,
1004,52,85000,0,user_44,235,235,
1014,53,84000,0,user_49,235,235,
988,54,83000,0,user_32,235,235,
992,55,80000,0,user_36,235,235,
979,56,70000,0,user_24,235,235,
1042,0,6300000,0,user_25,236,236,
1056,1,5000000,0,user_45,236,236,
1058,2,5000000,0,user_47,236,236,
1039,3,4500000,0,user_18,236,236,
1034,4,2300000,410000,user_16,236,236,
1032,5,1700000,545000,user_16,236,236,
1017,6,1500001,0,user_3,236,236,1016
1018,7,1500001,0,user_4,236,236,1016
1019,8,1500001,0,user_4,236,236,1016
1021,9,1500001,0,user_6,236,236,1016
1023,10,1500001,0,user_9,236,236,1016
1024,11,1500001,0,user_10,236,236,1016
1025,12,1500001,0,user_11,236,236,1016
1027,13,1500001,0,user_13,236,236,1016
1028,14,1500001,0,user_14,236,236,1016
1016,15,1500000,769000,user_3,236,236,
1043,16,1500000,0,user_25,236,236,
1020,17,1499999,0,user_4,236,236,1016
1022,18,1499999,0,user_8,236,236,1016
1026,19,1499999,0,user_11,236,236,1016
1029,20,1499999,0,user_15,236,236,1016
1046,21,1100000,0,user_30,236,236,
1052,22,1100000,0,user_38,236,236,
1035,23,650000,0,user_17,236,236,
1033,24,630000,36800,user_16,236,236,
1055,25,530000,0,user_44,236,236,
1044,26,460000,0,user_29,236,236,
1048,27,460000,0,user_33,236,236,
1030,28,420000,0,user_16,236,236,
1040,29,420000,0,user_22,236,236,
1051,30,350000,0,user_38,236,236,
1037,31,240000,0,user_18,236,236,
1047,32,160000,0,user_31,236,236,
1050,33,150000,0,user_35,236,236,
1057,34,130000,0,user_47,236,236,
1015,35,120000,0,user_1,236,236,
1031,36,120000,34700,user_16,236,236,
1036,37,120000,0,user_18,236,236,
1045,38,120000,8520,user_29,236,236,
1054,39,120000,0,user_43,236,236,
1049,40,100000,0,user_34,236,236,
1060,41,80000,155000,user_49,236,236,
1038,42,79000,16400,user_18,236,236,
1079,0,30000000,0,user_16,237,237,
1081,1,6300000,0,user_16,237,237,
1062,2,5000001,0,user_0,237,237,1061
1064,3,5000001,0,user_4,237,237,1061
1065,4,5000001,0,user_4,237,237,1061
1066,5,5000001,0,user_4,237,237,1061
1068,6,5000001,0,user_4,237,237,1061
1072,7,5000001,0,user_13,237,237,1061
1073,8,5000001,0,user_13,237,237,1061
1076,9,5000001,0,user_14,237,237,1061
1077,10,5000001,0,user_14,237,237,1061
1061,11,5000000,128000,user_0,237,237,
1063,12,4999999,0,user_2,237,237,1061
1067,13,4999999,0,user_4,237,237,1061
1069,14,4999999,0,user_5,237,237,1061
1070,15,4999999,0,user_6,237,237,1061
1071,16,4999999,0,user_8,237,237,1061
1074,17,4999999,0,user_14,237,237,1061
1075,18,4999999,0,user_14,237,237,1061
1078,19,4999999,0,user_14,237,237,1061
1090,20,3200000,0,user_23,237,237,
1117,21,2100000,0,user_48,237,237,
1080,22,1900000,0,user_16,237,237,
1087,23,1900000,32900,user_20,237,237,
1097,24,1900000,0,user_28,237,237,
1121,25,1900000,0,user_48,237,237,
1120,26,1600000,0,user_48,237,237,
1099,27,1500000,0,user_29,237,237,
1104,28,1100000,0,user_33,237,237,
1105,29,1100000,0,user_34,237,237,
1112,30,1100000,0,user_43,237,237,
1119,31,1000000,0,user_48,237,237,
1092,32,910000,0,user_26,237,237,
1083,33,660000,0,user_17,237,237,
1096,34,660000,0,user_27,237,237,
1115,35,630000,0,user_45,237,237,
1109,36,600000,0,user_41,237,237,
1086,37,470000,0,user_19,237,237,
1118,38,470000,0,user_48,237,237,
1103,39,370000,0,user_32,237,237,
1093,40,360000,231000,user_27,237,237,
1088,41,310000,0,user_21,237,237,
1091,42,300000,0,user_24,237,237,
1089,43,170000,11200,user_22,237,237,
1102,44,170000,0,user_31,237,237,
1095,45,160000,0,user_27,237,237,
1110,46,160000,0,user_42,237,237,
1094,47,150000,139000,user_27,237,237,
1098,48,150000,0,user_29,237,237,
1100,49,150000,0,user_30,237,237,
1084,50,130000,10700,user_18,237,237,
1085,51,120000,0,user_18,237,237,
1101,52,110000,0,user_31,237,237,
1108,53,110000,0,user_41,237,237,
1113,54,110000,30200,user_43,237,237,
1116,55,110000,0,user_46,237,237,
1082,56,85000,30200,user_16,237,237,
1114,57,80000,0,user_44,237,237,
1111,58,73000,0,user_42,237,237,
1163,0,4500000,959000,user_47,238,238,
1151,1,3500000,12300,user_34,238,238,
1123,2,2400000,0,user_3,238,238,
1153,3,1800000,0,user_36,238,238,
1155,4,1600000,0,user_38,238,238,
1160,5,1600000,0,user_45,238,238,
1139,6,1200000,0,user_20,238,238,
1141,7,1000000,0,user_23,238,238,
1136,8,910000,0,user_17,238,238,
1147,9,870000,0,user_30,238,238,
1143,10,660000,296000,user_26,238,238,
1154,11,630000,0,user_37,238,238,
1142,12,600000,0,user_25,238,238,
1164,13,600000,0,user_48,238,238,
1128,14,530001,0,user_10,238,238,1124
1130,15,530001,0,user_13,238,238,1124
1132,16,530001,0,user_14,238,238,1124
1133,17,530001,0,user_14,238,238,1124
1124,18,530000,594000,user_3,238,238,
1125,19,529999,0,user_5,238,238,1124
1126,20,529999,0,user_6,238,238,1124
1129,21,529999,0,user_12,238,238,1124
1131,22,529999,0,user_14,238,238,1124
1134,23,529999,0,user_15,238,238,1124
1135,24,460000,0,user_16,238,238,
1158,25,460000,0,user_43,238,238,
1162,26,420000,14200,user_46,238,238,
1159,27,360000,296000,user_44,238,238,
1150,28,350000,0,user_34,238,238,
1161,29,320000,0,user_46,238,238,
1146,30,310000,0,user_30,238,238,
1140,31,220000,0,user_22,238,238,
1122,32,170000,0,user_2,238,238,
1165,33,160000,0,user_48,238,238,
1137,34,150000,0,user_18,238,238,
1149,35,150000,0,user_31,238,238,
1157,36,150000,0,user_42,238,238,
1166,37,150000,11200,user_49,238,238,
1138,38,120000,0,user_19,238,238,
1148,39,120000,0,user_31,238,238,
1144,40,84000,73100,user_27,238,238,
1145,41,73000,0,user_28,238,238,
1220,0,30000000,0,user_45,239,239,
1227,1,27000000,49100,user_49,239,239,
1225,2,5200000,0,user_47,239,239,
1216,3,5000000,0,user_41,239,239,
1196,4,4500000,0,user_31,239,239,
1212,5,4500000,33300,user_39,239,239,
1198,6,2600000,17700000,user_32,239,239,
1202,7,2100000,283000,user_35,239,239,
1205,8,2000000,0,user_38,239,239,
1192,9,1900000,0,user_24,239,239,
1215,10,1900000,31700,user_40,239,239,
1190,11,1800000,84800,user_23,239,239,
1186,12,1600000,0,user_19,239,239,
1206,13,1500000,0,user_38,239,239,
1221,14,1400000,350000,user_46,239,239,
1224,15,1100000,0,user_47,239,239,
1201,16,1000000,0,user_34,239,239,
1168,17,870000,0,user_0,239,239,
1191,18,600000,0,user_24,239,239,
1210,19,600000,0,user_39,239,239,
1174,20,460001,0,user_4,239,239,1172
1179,21,460001,0,user_9,239,239,1172
1181,22,460001,0,user_10,239,239,1172
1182,23,460001,0,user_14,239,239,1172
1172,24,460000,12800,user_4,239,239,
1207,25,460000,0,user_38,239,239,
1173,26,459999,0,user_4,239,239,1172
1177,27,459999,0,user_7,239,239,1172
1178,28,459999,0,user_8,239,239,1172
1180,29,459999,0,user_10,239,239,1172
1183,30,459999,0,user_15,239,239,1172
1185,31,420000,21800,user_18,239,239,
1200,32,420000,0,user_34,239,239,
1167,33,370000,0,user_0,239,239,
1169,34,320000,0,user_1,239,239,
1223,35,300000,0,user_46,239,239,
1211,36,260000,0,user_39,239,239,
1189,37,220000,0,user_22,239,239,
1199,38,220000,0,user_33,239,239,
1170,39,190000,0,user_4,239,239,
1171,40,170000,0,user_4,239,239,
1222,41,170000,0,user_46,239,239,
1188,42,150000,0,user_20,239,239,
1219,43,150000,67900,user_45,239,239,
1197,44,120000,14200,user_32,239,239,
1195,45,110000,0,user_30,239,239,
1187,46,98000,43600,user_19,239,239,
1213,47,83000,64600,user_39,239,239,
1214,48,83000,0,user_39,239,239,
1194,49,82000,0,user_29,239,239,
1208,50,82000,195000,user_38,239,239,
1209,51,70000,0,user_38,239,239,
1253,0,5000000,0,user_32,240,240,
1241,1,2300000,0,user_21,240,240,
1250,2,2100000,0,user_27,240,240,
1248,3,2000000,0,user_24,240,240,
1252,4,2000000,0,user_32,240,240,
1258,5,2000000,0,user_36,240,240,
1243,6,1900000,0,user_23,240,240,
1254,7,1800000,13900,user_33,240,240,
1271,8,1800000,0,user_49,240,240,
1266,9,1500000,0,user_43,240,240,
1237,10,1400000,56200,user_16,240,240,
1244,11,1400000,1100000,user_24,240,240,
1232,12,1000001,0,user_7,240,240,1228
1234,13,1000001,0,user_9,240,240,1228
1235,14,1000001,0,user_10,240,240,1228
1228,15,1000000,17000,user_1,240,240,
1229,16,999999,0,user_1,240,240,1228
1230,17,999999,0,user_2,240,240,1228
1233,18,999999,0,user_8,240,240,1228
1236,19,999999,0,user_13,240,240,1228
1269,20,670000,0,user_48,240,240,
1263,21,530000,0,user_43,240,240,
1247,22,460000,0,user_24,240,240,
1255,23,310000,0,user_34,240,240,
1257,24,240000,0,user_35,240,240,
1259,25,240000,0,user_38,240,240,
1261,26,240000,5640,user_40,240,240,
1242,27,190000,0,user_22,240,240,
1238,28,170000,0,user_18,240,240,
1267,29,170000,0,user_44,240,240,
1245,30,150000,0,user_24,240,240,
1265,31,150000,0,user_43,240,240,
1260,32,130000,33100,user_38,240,240,
1246,33,120000,0,user_24,240,240,
1251,34,110000,0,user_30,240,240,
1256,35,87000,47700,user_35,240,240,
1268,36,85000,7840,user_45,240,240,
1240,37,73000,0,user_20,240,240,
1264,38,73000,11200,user_43,240,240,
1270,39,73000,12300,user_49,240,240,
1274,0,43000000,0,user_2,241,241,
1293,1,43000000,0,user_21,241,241,
1300,2,19000000,17000,user_31,241,241,
1312,3,6300000,0,user_42,241,241,
1297,4,6100000,0,user_25,241,241,
1299,5,6100000,0,user_29,241,241,
1296,6,5000000,0,user_24,241,241,
1298,7,5000000,0,user_27,241,241,
1315,8,3200000,0,user_47,241,241,
1284,9,2000000,0,user_13,241,241,
1287,10,2000000,0,user_17,241,241,
1289,11,1700000,0,user_19,241,241,
1281,12,1600000,0,user_11,241,241,
1273,13,1400000,0,user_1,241,241,
1290,14,1400000,0,user_19,241,241,
1272,15,1000000,0,user_0,241,241,
1278,16,1000000,0,user_6,241,241,
1302,17,1000000,0,user_33,241,241,
1291,18,650000,0,user_20,241,241,
1283,19,460000,0,user_12,241,241,
1286,20,460000,0,user_16,241,241,
1285,21,340000,0,user_14,241,241,
1294,22,310000,0,user_22,241,241,
1288,23,260000,0,user_17,241,241,
1305,24,240000,0,user_38,241,241,
1275,25,220000,0,user_3,241,241,
1276,26,220000,0,user_3,241,241,
1292,27,170000,0,user_21,241,241,
1306,28,170000,256000,user_38,241,241,
1277,29,160000,0,user_4,241,241,
1307,30,160000,0,user_39,241,241,
1316,31,150000,0,user_48,241,241,
1295,32,130000,0,user_23,241,241,
1304,33,120000,0,user_37,241,241,
1308,34,120000,0,user_39,241,241,
1301,35,98000,0,user_33,241,241,
1311,36,84000,155000,user_41,241,241,
1282,37,83000,0,user_12,241,241,
1313,38,83000,0,user_45,241,241,
1314,39,77000,0,user_46,241,241,
1348,0,43000000,0,user_31,242,242,
1352,1,19000000,5640,user_33,242,242,
1335,2,6100000,18600,user_18,242,242,
1337,3,5000000,5630,user_20,242,242,
1363,4,3500000,0,user_49,242,242,
1359,5,3200000,0,user_43,242,242,
1342,6,2100000,322000,user_23,242,242,
1320,7,1700000,0,user_3,242,242,
1349,8,1000000,0,user_32,242,242,
1329,9,970001,0,user_11,242,242,1321
1330,10,970001,0,user_12,242,242,1321
1331,11,970001,0,user_13,242,242,1321
1333,12,970001,0,user_15,242,242,1321
1321,13,970000,322000,user_4,242,242,
1338,14,970000,0,user_21,242,242,
1360,15,970000,0,user_44,242,242,
1322,16,969999,0,user_4,242,242,1321
1323,17,969999,0,user_5,242,242,1321
1324,18,969999,0,user_6,242,242,1321
1325,19,969999,0,user_7,242,242,1321
1328,20,969999,0,user_10,242,242,1321
1332,21,969999,0,user_14,242,242,1321
1339,22,650000,64600,user_21,242,242,
1361,23,630000,0,user_47,242,242,
1353,24,470000,0,user_33,242,242,
1347,25,420000,0,user_30,242,242,
1362,26,420000,0,user_48,242,242,
1354,27,350000,0,user_38,242,242,
1358,28,310000,0,user_43,242,242,
1319,29,260000,0,user_1,242,242,
1341,30,220000,0,user_22,242,242,
1318,31,160000,0,user_0,242,242,
1346,32,160000,0,user_30,242,242,
1351,33,150000,322000,user_33,242,242,
1317,34,120000,0,user_0,242,242,
1336,35,120000,0,user_19,242,242,
1357,36,120000,0,user_42,242,242,
1343,37,110000,0,user_25,242,242,
1345,38,110000,369000,user_27,242,242,
1356,39,110000,0,user_41,242,242,
1334,40,84000,34700,user_17,242,242,
1340,41,83000,0,user_22,242,242,
1350,42,82000,0,user_33,242,242,
1344,43,70000,0,user_26,242,242,
1387,0,30000000,0,user_20,243,243,
1397,1,27000000,283000,user_34,243,243,
1394,2,6100000,0,user_29,243,243,
1416,3,6100000,24700,user_48,243,243,
1380,4,5200000,0,user_17,243,243,
1400,5,4200000,0,user_34,243,243,
1383,6,3600000,0,user_19,243,243,
1398,7,3600000,0,user_34,243,243,
1384,8,2000000,0,user_19,243,243,
1404,9,1900000,0,user_37,243,243,
1411,10,1600000,594000,user_44,243,243,
1418,11,1600000,0,user_49,243,243,
1382,12,1500000,0,user_18,243,243,
1417,13,1500000,0,user_49,243,243,
1366,14,1400000,0,user_2,243,243,
1405,15,1300000,0,user_39,243,243,
1389,16,1000000,0,user_24,243,243,
1396,17,1000000,0,user_33,243,243,
1370,18,650001,0,user_10,243,243,1367
1371,19,650001,0,user_10,243,243,1367
1374,20,650001,0,user_11,243,243,1367
1377,21,650001,0,user_14,243,243,1367
1367,22,650000,256000,user_6,243,243,
1388,23,650000,0,user_23,243,243,
1372,24,649999,0,user_11,243,243,1367
1373,25,649999,0,user_11,243,243,1367
1375,26,649999,0,user_12,243,243,1367
1376,27,649999,0,user_13,243,243,1367
1378,28,649999,0,user_14,243,243,1367
1379,29,649999,0,user_15,243,243,1367
1412,30,530000,0,user_45,243,243,
1381,31,460000,67900,user_17,243,243,
1393,32,420000,0,user_27,243,243,
1399,33,360000,0,user_34,243,243,
1364,34,340000,0,user_1,243,243,
1403,35,340000,0,user_37,243,243,
1386,36,260000,0,user_19,243,243,
1395,37,260000,0,user_31,243,243,
1365,38,220000,0,user_2,243,243,
1409,39,190000,0,user_42,243,243,
1413,40,190000,0,user_46,243,243,
1407,41,160000,0,user_41,243,243,
1415,42,160000,0,user_47,243,243,
1401,43,150000,19700,user_34,243,243,
1390,44,120000,0,user_27,243,243,
1408,45,120000,0,user_42,243,243,
1391,46,110000,0,user_27,243,243,
1402,47,110000,0,user_36,243,243,
1392,48,100000,0,user_27,243,243,
1410,49,84000,0,user_44,243,243,
1414,50,79000,0,user_46,243,243,
1385,51,77000,0,user_19,243,243,
1446,0,19000000,0,user_29,244,244,
1440,1,6100000,0,user_18,244,244,
1451,2,5000000,256000,user_34,244,244,
1464,3,5000000,21800,user_44,244,244,
1468,4,4200000,35100,user_47,244,244,
1453,5,2600000,56200,user_37,244,244,
1455,6,2600000,0,user_39,244,244,
1466,7,2600000,0,user_47,244,244,
1444,8,2400000,8520,user_24,244,244,
1462,9,1900000,0,user_42,244,244,
1439,10,1500000,0,user_17,244,244,
1457,11,1300000,594000,user_41,244,244,
1424,12,1100001,0,user_3,244,244,1420
1426,13,1100001,0,user_4,244,244,1420
1427,14,1100001,0,user_4,244,244,1420
1430,15,1100001,0,user_5,244,244,1420
1432,16,1100001,0,user_7,244,244,1420
1433,17,1100001,0,user_10,244,244,1420
1434,18,1100001,0,user_11,244,244,1420
1435,19,1100001,0,user_12,244,244,1420
1420,20,1100000,49100,user_0,244,244,
1421,21,1099999,0,user_0,244,244,1420
1422,22,1099999,0,user_1,244,244,1420
1423,23,1099999,0,user_2,244,244,1420
1425,24,1099999,0,user_3,244,244,1420
1428,25,1099999,0,user_4,244,244,1420
1429,26,1099999,0,user_4,244,244,1420
1431,27,1099999,0,user_6,244,244,1420
1436,28,1099999,0,user_15,244,244,1420
1437,29,1099999,0,user_15,244,244,1420
1463,30,1000000,0,user_43,244,244,
1443,31,970000,0,user_24,244,244,
1460,32,910000,0,user_42,244,244,
1419,33,870000,0,user_0,244,244,
1449,34,870000,0,user_31,244,244,
1438,35,420000,0,user_16,244,244,
1454,36,420000,0,user_37,244,244,
1447,37,150000,0,user_30,244,244,
1445,38,130000,100000,user_27,244,244,
1441,39,120000,8520,user_20,244,244,
1461,40,120000,0,user_42,244,244,
1459,41,110000,0,user_42,244,244,
1467,42,110000,15100,user_47,244,244,
1448,43,87000,0,user_30,244,244,
1450,44,87000,350000,user_32,244,244,
1465,45,87000,0,user_47,244,244,
1458,46,82000,16400,user_42,244,244,
1442,47,73000,0,user_23,244,244,
1469,48,73000,0,user_48,244,244,
1523,0,30000000,0,user_42,245,245,
1496,1,6100000,0,user_16,245,245,
1529,2,5000000,0,user_47,245,245,
1531,3,5000000,0,user_49,245,245,
1497,4,4500000,0,user_17,245,245,
1528,5,3600000,0,user_46,245,245,
1522,6,2500000,0,user_40,245,245,
1525,7,2400000,0,user_44,245,245,
1507,8,1900000,0,user_24,245,245,
1511,9,1600000,0,user_28,245,245,
1499,10,1400000,0,user_19,245,245,
1501,11,1400000,0,user_21,245,245,
1516,12,1300000,510000,user_34,245,245,
1475,13,1200001,0,user_4,245,245,1473
1476,14,1200001,0,user_5,245,245,1473
1477,15,1200001,0,user_6,245,245,1473
1478,16,1200001,0,user_6,245,245,1473
1481,17,1200001,0,user_7,245,245,1473
1484,18,1200001,0,user_8,245,245,1473
1485,19,1200001,0,user_9,245,245,1473
1488,20,1200001,0,user_11,245,245,1473
1489,21,1200001,0,user_12,245,245,1473
1490,22,1200001,0,user_12,245,245,1473
1473,23,1200000,13900,user_2,245,245,
1474,24,1199999,0,user_4,245,245,1473
1479,25,1199999,0,user_7,245,245,1473
1480,26,1199999,0,user_7,245,245,1473
1482,27,1199999,0,user_7,245,245,1473
1483,28,1199999,0,user_7,245,245,1473
1491,29,1199999,0,user_13,245,245,1473
1493,30,1199999,0,user_15,245,245,1473
1515,31,1100000,35100,user_32,245,245,
1503,32,1000000,75000,user_22,245,245,
1506,33,910000,0,user_24,245,245,
1517,34,670000,0,user_35,245,245,
1519,35,670000,0,user_37,245,245,
1510,36,530000,0,user_28,245,245,
1494,37,470000,0,user_16,245,245,
1518,38,470000,0,user_35,245,245,
1502,39,350000,215000,user_22,245,245,
1505,40,300000,0,user_23,245,245,
1520,41,300000,13900,user_38,245,245,
1471,42,260000,0,user_1,245,245,
1498,43,220000,0,user_18,245,245,
1504,44,170000,0,user_23,245,245,
1527,45,170000,0,user_46,245,245,
1526,46,160000,0,user_45,245,245,
1524,47,150000,4320000,user_43,245,245,
1472,48,120000,0,user_1,245,245,
1495,49,79000,0,user_16,245,245,
1508,50,79000,35600,user_24,245,245,
1500,51,77000,0,user_19,245,245,
1514,52,73000,0,user_32,245,245,
1563,0,30000000,12800,user_45,246,246,
1548,1,27000000,0,user_26,246,246,
1549,2,6300000,0,user_27,246,246,
1536,3,4200001,0,user_6,246,246,1535
1540,4,4200001,0,user_14,246,246,1535
1535,5,4200000,10700,user_5,246,246,
1537,6,4199999,0,user_10,246,246,1535
1538,7,4199999,0,user_13,246,246,1535
1539,8,4199999,0,user_13,246,246,1535
1541,9,4199999,0,user_15,246,246,1535
1554,10,3600000,296000,user_32,246,246,
1560,11,2600000,7190000,user_42,246,246,
1570,12,1800000,0,user_48,246,246,
1567,13,1700000,121000,user_45,246,246,
1569,14,1500000,0,user_46,246,246,
1568,15,1100000,0,user_46,246,246,
1571,16,1000000,0,user_48,246,246,
1573,17,670000,0,user_48,246,246,
1574,18,670000,0,user_49,246,246,
1545,19,530000,0,user_25,246,246,
1550,20,530000,0,user_28,246,246,
1564,21,370000,0,user_45,246,246,
1562,22,360000,0,user_43,246,246,
1556,23,340000,0,user_36,246,246,
1558,24,340000,0,user_38,246,246,
1534,25,310000,0,user_2,246,246,
1552,26,300000,0,user_29,246,246,
1572,27,170000,67500,user_48,246,246,
1551,28,160000,0,user_29,246,246,
1566,29,160000,67900,user_45,246,246,
1532,30,150000,0,user_0,246,246,
1555,31,150000,32900,user_34,246,246,
1557,32,150000,0,user_38,246,246,
1547,33,130000,0,user_26,246,246,
1559,34,130000,161000,user_39,246,246,
1533,35,120000,0,user_2,246,246,
1544,36,120000,0,user_21,246,246,
1553,37,120000,0,user_31,246,246,
1565,38,110000,10700,user_45,246,246,
1543,39,87000,0,user_19,246,246,
1542,40,85000,0,user_17,246,246,
1561,41,83000,779000,user_42,246,246,
1546,42,82000,0,user_25,246,246,
1618,0,27000000,0,user_40,247,247,
1607,1,19000000,0,user_31,247,247,
1609,2,5200000,0,user_31,247,247,
1619,3,4500000,0,user_41,247,247,
1620,4,3600000,0,user_42,247,247,
1615,5,3200000,0,user_37,247,247,
1608,6,2500000,23500,user_31,247,247,
1621,7,2300000,0,user_43,247,247,
1595,8,2100000,0,user_20,247,247,
1590,9,1700000,7190000,user_16,247,247,
1630,10,1700000,0,user_48,247,247,
1614,11,1600000,0,user_37,247,247,
1597,12,1500000,12300,user_22,247,247,
1624,13,1500000,256000,user_45,247,247,
1577,14,1400000,0,user_2,247,247,
1575,15,1100000,0,user_1,247,247,
1591,16,1000000,0,user_17,247,247,
1603,17,970000,0,user_27,247,247,
1610,18,870000,0,user_31,247,247,
1589,19,670000,256000,user_16,247,247,
1623,20,630000,161000,user_45,247,247,
1588,21,600000,0,user_16,247,247,
1592,22,420000,0,user_17,247,247,
1617,23,320000,0,user_40,247,247,
1605,24,310000,0,user_30,247,247,
1622,25,310000,0,user_44,247,247,
1625,26,260000,0,user_46,247,247,
1593,27,240000,296000,user_18,247,247,
1604,28,240000,0,user_29,247,247,
1586,29,220000,0,user_16,247,247,
1616,30,190000,19700,user_37,247,247,
1576,31,150000,0,user_2,247,247,
1606,32,150000,64600,user_31,247,247,
1581,33,120001,0,user_9,247,247,1578
1578,34,120000,181000,user_3,247,247,
1587,35,120000,0,user_16,247,247,
1611,36,120000,0,user_32,247,247,
1579,37,119999,0,user_5,247,247,1578
1582,38,119999,0,user_10,247,247,1578
1585,39,119999,0,user_14,247,247,1578
1613,40,98000,0,user_37,247,247,
1612,41,83000,0,user_35,247,247,
1602,42,77000,0,user_27,247,247,
1596,43,70000,0,user_21,247,247,
1660,0,30000000,0,user_20,248,248,
1676,1,5200000,0,user_38,248,248,
1662,2,4500000,0,user_22,248,248,
1677,3,4200000,68100,user_40,248,248,
1655,4,3600000,0,user_19,248,248,
1674,5,3600000,0,user_38,248,248,
1666,6,3500000,8520,user_28,248,248,
1686,7,2500000,0,user_49,248,248,
1667,8,2400000,510000,user_31,248,248,
1680,9,2300000,779000,user_41,248,248,
1661,10,2100000,0,user_20,248,248,
1652,11,1700000,0,user_17,248,248,
1658,12,1400000,0,user_19,248,248,
1673,13,1000000,0,user_38,248,248,
1650,14,870000,0,user_16,248,248,
1657,15,670000,0,user_19,248,248,
1653,16,650000,47700,user_18,248,248,
1681,17,600000,49100,user_42,248,248,
1685,18,460000,0,user_49,248,248,
1654,19,360000,0,user_18,248,248,
1679,20,350000,0,user_41,248,248,
1670,21,340000,0,user_35,248,248,
1672,22,310000,0,user_38,248,248,
1688,23,220000,0,user_49,248,248,
1689,24,190000,21800,user_49,248,248,
1663,25,130000,0,user_25,248,248,
1659,26,120000,0,user_19,248,248,
1664,27,120000,0,user_26,248,248,
1668,28,120000,0,user_33,248,248,
1671,29,120000,0,user_37,248,248,
1682,30,120000,0,user_43,248,248,
1687,31,120000,5180,user_49,248,248,
1656,32,110000,0,user_19,248,248,
1678,33,82000,0,user_40,248,248,
1636,34,77001,0,user_4,248,248,1634
1640,35,77001,0,user_6,248,248,1634
1641,36,77001,0,user_7,248,248,1634
1649,37,77001,0,user_15,248,248,1634
1634,38,77000,12800,user_2,248,248,
1635,39,76999,0,user_2,248,248,1634
1637,40,76999,0,user_4,248,248,1634
1638,41,76999,0,user_5,248,248,1634
1639,42,76999,0,user_5,248,248,1634
1642,43,76999,0,user_8,248,248,1634
1643,44,76999,0,user_9,248,248,1634
1644,45,76999,0,user_10,248,248,1634
1645,46,76999,0,user_11,248,248,1634
1646,47,76999,0,user_11,248,248,1634
1647,48,76999,0,user_12,248,248,1634
1648,49,76999,0,user_15,248,248,1634
1651,50,73000,0,user_17,248,248,
1675,51,73000,0,user_38,248,248,
1720,0,43000000,0,user_33,249,249,
1731,1,30000000,0,user_43,249,249,
1736,2,27000000,0,user_48,249,249,
1737,3,27000000,0,user_49,249,249,
1719,4,5000000,0,user_32,249,249,
1729,5,3500000,0,user_42,249,249,
1723,6,2400000,322000,user_36,249,249,
1710,7,2000000,0,user_22,249,249,
1711,8,2000000,36800,user_23,249,249,
1708,9,1500000,0,user_20,249,249,
1691,10,1100000,0,user_2,249,249,
1717,11,1000000,0,user_30,249,249,
1693,12,970001,0,user_3,249,249,1692
1699,13,970001,0,user_10,249,249,1692
1701,14,970001,0,user_14,249,249,1692
1702,15,970001,0,user_15,249,249,1692
1703,16,970001,0,user_15,249,249,1692
1692,17,970000,369000,user_3,249,249,
1694,18,969999,0,user_5,249,249,1692
1695,19,969999,0,user_6,249,249,1692
1696,20,969999,0,user_7,249,249,1692
1700,21,969999,0,user_12,249,249,1692
1706,22,660000,0,user_19,249,249,
1733,23,660000,0,user_45,249,249,
1716,24,630000,0,user_29,249,249,
1724,25,460000,215000,user_37,249,249,
1715,26,420000,0,user_29,249,249,
1713,27,370000,0,user_23,249,249,
1704,28,310000,4320000,user_18,249,249,
1690,29,220000,0,user_1,249,249,
1721,30,220000,100000,user_34,249,249,
1735,31,170000,0,user_48,249,249,
1707,32,160000,0,user_20,249,249,
1705,33,150000,0,user_18,249,249,
1718,34,150000,0,user_31,249,249,
1730,35,150000,0,user_43,249,249,
1732,36,150000,4320000,user_44,249,249,
1734,37,150000,3130,user_47,249,249,
1725,38,120000,39400,user_38,249,249,
1714,39,110000,0,user_24,249,249,
1709,40,84000,0,user_21,249,249,
1712,41,79000,0,user_23,249,249,
1727,42,73000,0,user_41,249,249,
1728,43,70000,0,user_41,249,249,
1754,0,43000000,0,user_22,250,250,
1742,1,30000001,0,user_8,250,250,1741
1743,2,30000001,0,user_9,250,250,1741
1746,3,30000001,0,user_14,250,250,1741
1741,4,30000000,34700,user_7,250,250,
1744,5,29999999,0,user_11,250,250,1741
1745,6,29999999,0,user_13,250,250,1741
1747,7,29999999,0,user_15,250,250,1741
1775,8,4200000,0,user_44,250,250,
1740,9,2000000,0,user_4,250,250,
1763,10,2000000,34700,user_31,250,250,
1774,11,2000000,0,user_42,250,250,
1780,12,2000000,0,user_46,250,250,
1761,13,1800000,0,user_28,250,250,
1766,14,1800000,0,user_36,250,250,
1767,15,1800000,0,user_36,250,250,
1778,16,1600000,0,user_45,250,250,
1769,17,1500000,296000,user_37,250,250,
1779,18,1100000,0,user_46,250,250,
1755,19,1000000,0,user_23,250,250,
1757,20,970000,181000,user_24,250,250,
1771,21,970000,0,user_39,250,250,
1760,22,650000,0,user_26,250,250,
1765,23,600000,18600,user_34,250,250,
1759,24,260000,0,user_25,250,250,
1772,25,260000,0,user_40,250,250,
1749,26,240000,164000,user_17,250,250,
1776,27,220000,0,user_44,250,250,
1777,28,170000,4320000,user_45,250,250,
1751,29,120000,0,user_20,250,250,
1758,30,120000,0,user_25,250,250,
1768,31,120000,0,user_37,250,250,
1773,32,120000,0,user_40,250,250,
1781,33,110000,0,user_46,250,250,
1782,34,110000,0,user_46,250,250,
1748,35,98000,0,user_16,250,250,
1770,36,98000,128000,user_38,250,250,
1750,37,79000,0,user_17,250,250,
1756,38,79000,13900,user_24,250,250,
1807,0,6100000,0,user_16,251,251,
1814,1,6100000,0,user_22,251,251,
1826,2,6100000,0,user_44,251,251,
1829,3,5000000,0,user_49,251,251,
1823,4,4500000,0,user_32,251,251,
1785,5,4200000,0,user_0,251,251,
1830,6,4200000,0,user_49,251,251,
1809,7,3600000,0,user_17,251,251,
1812,8,3200000,0,user_21,251,251,
1817,9,2400000,0,user_24,251,251,
1824,10,1400000,283000,user_38,251,251,
1818,11,1000000,0,user_25,251,251,
1819,12,1000000,0,user_27,251,251,
1808,13,670000,42000,user_17,251,251,
1822,14,460000,0,user_32,251,251,
1810,15,320000,0,user_19,251,251,
1789,16,310001,0,user_3,251,251,1787
1792,17,310001,0,user_3,251,251,1787
1797,18,310001,0,user_10,251,251,1787
1798,19,310001,0,user_11,251,251,1787
1804,20,310001,0,user_12,251,251,1787
1787,21,310000,35600,user_1,251,251,
1811,22,310000,8520,user_20,251,251,
1788,23,309999,0,user_2,251,251,1787
1790,24,309999,0,user_3,251,251,1787
1791,25,309999,0,user_3,251,251,1787
1793,26,309999,0,user_4,251,251,1787
1794,27,309999,0,user_5,251,251,1787
1795,28,309999,0,user_6,251,251,1787
1799,29,309999,0,user_11,251,251,1787
1800,30,309999,0,user_11,251,251,1787
1801,31,309999,0,user_11,251,251,1787
1802,32,309999,0,user_11,251,251,1787
1803,33,309999,0,user_12,251,251,1787
1805,34,309999,0,user_13,251,251,1787
1806,35,309999,0,user_14,251,251,1787
1827,36,260000,0,user_47,251,251,
1815,37,170000,0,user_22,251,251,
1820,38,170000,0,user_28,251,251,
1831,39,160000,0,user_49,251,251,
1786,40,110000,0,user_1,251,251,
1813,41,110000,161000,user_22,251,251,
1821,42,110000,0,user_30,251,251,
1828,43,110000,381000,user_49,251,251,
1816,44,85000,0,user_23,251,251,
1825,45,79000,10700,user_42,251,251,
1871,0,19000000,0,user_39,252,252,
1855,1,6100000,0,user_18,252,252,
1863,2,4500000,0,user_29,252,252,
1880,3,4500000,0,user_46,252,252,
1837,4,4200000,0,user_3,252,252,
1879,5,3500000,0,user_45,252,252,
1853,6,2400000,0,user_17,252,252,
1877,7,2000000,0,user_45,252,252,
1878,8,2000000,43600,user_45,252,252,
1884,9,2000000,5630,user_48,252,252,
1870,10,1700000,0,user_38,252,252,
1869,11,1600000,0,user_37,252,252,
1852,12,1500000,56200,user_16,252,252,
1854,13,1500000,0,user_18,252,252,
1875,14,1400000,0,user_45,252,252,
1881,15,1400000,0,user_47,252,252,
1832,16,1200000,0,user_0,252,252,
1833,17,1100000,0,user_1,252,252,
1856,18,1100000,0,user_18,252,252,
1868,19,1100000,13800,user_36,252,252,
1851,20,970000,0,user_16,252,252,
1838,21,910000,0,user_5,252,252,
1882,22,910000,0,user_47,252,252,
1842,23,630001,0,user_11,252,252,1839
1843,24,630001,0,user_13,252,252,1839
1845,25,630001,0,user_14,252,252,1839
1849,26,630001,0,user_15,252,252,1839
1839,27,630000,285000,user_7,252,252,
1840,28,629999,0,user_7,252,252,1839
1841,29,629999,0,user_10,252,252,1839
1844,30,629999,0,user_13,252,252,1839
1846,31,629999,0,user_15,252,252,1839
1847,32,629999,0,user_15,252,252,1839
1848,33,629999,0,user_15,252,252,1839
1850,34,629999,0,user_15,252,252,1839
1836,35,460000,0,user_3,252,252,
1864,36,460000,0,user_30,252,252,
1865,37,460000,21800,user_33,252,252,
1835,38,360000,0,user_2,252,252,
1866,39,350000,13900,user_34,252,252,
1876,40,350000,0,user_45,252,252,
1883,41,240000,0,user_48,252,252,
1858,42,220000,17000,user_23,252,252,
1859,43,170000,0,user_26,252,252,
1861,44,160000,0,user_28,252,252,
1834,45,150000,0,user_1,252,252,
1872,46,110000,0,user_41,252,252,
1862,47,84000,0,user_29,252,252,
1860,48,82000,0,user_26,252,252,
1873,49,80000,0,user_43,252,252,
1874,50,80000,0,user_44,252,252,
1857,51,70000,0,user_19,252,252,
1932,0,43000000,0,user_42,253,253,
1903,1,27000000,17000,user_19,253,253,
1924,2,27000000,0,user_33,253,253,
1907,3,6300000,0,user_24,253,253,
1926,4,5000000,0,user_35,253,253,
1905,5,4500000,0,user_23,253,253,
1936,6,3600000,0,user_44,253,253,
1913,7,2600000,0,user_28,253,253,
1920,8,2500000,12800,user_30,253,253,
1901,9,2100000,0,user_17,253,253,
1908,10,2000000,0,user_24,253,253,
1909,11,1800000,0,user_25,253,253,
1922,12,1800000,0,user_31,253,253,
1911,13,1600000,0,user_25,253,253,
1918,14,1600000,769000,user_30,253,253,
1917,15,1400000,16400,user_29,253,253,
1925,16,1300000,18600,user_35,253,253,
1931,17,1000000,0,user_42,253,253,
1933,18,1000000,17000,user_42,253,253,
1902,19,970000,0,user_19,253,253,
1912,20,910000,0,user_25,253,253,
1910,21,660000,0,user_25,253,253,
1927,22,660000,0,user_37,253,253,
1919,23,650000,0,user_30,253,253,
1934,24,530000,0,user_42,253,253,
1914,25,310000,0,user_28,253,253,
1939,26,310000,0,user_48,253,253,
1915,27,260000,0,user_28,253,253,
1921,28,220000,0,user_30,253,253,
1940,29,220000,64600,user_49,253,253,
1929,30,170000,0,user_38,253,253,
1888,31,160001,0,user_4,253,253,1887
1890,32,160001,0,user_7,253,253,1887
1891,33,160001,0,user_7,253,253,1887
1893,34,160001,0,user_9,253,253,1887
1894,35,160001,0,user_9,253,253,1887
1897,36,160001,0,user_11,253,253,1887
1898,37,160001,0,user_12,253,253,1887
1899,38,160001,0,user_14,253,253,1887
1900,39,160001,0,user_15,253,253,1887
1887,40,160000,231000,user_2,253,253,
1906,41,160000,0,user_24,253,253,
1889,42,159999,0,user_5,253,253,1887
1892,43,159999,0,user_8,253,253,1887
1895,44,159999,0,user_10,253,253,1887
1896,45,159999,0,user_11,253,253,1887
1916,46,150000,0,user_28,253,253,
1928,47,120000,0,user_38,253,253,
1904,48,98000,0,user_21,253,253,
1930,49,87000,0,user_41,253,253,
1935,50,87000,0,user_42,253,253,
1937,51,77000,0,user_44,253,253,
1984,0,27000000,12300,user_35,254,254,
1987,1,27000000,0,user_40,254,254,
1976,2,19000000,0,user_25,254,254,
1991,3,19000000,36800,user_44,254,254,
1974,4,6300000,0,user_22,254,254,
1972,5,6100000,33300,user_21,254,254,
1995,6,2600000,17000,user_45,254,254,
1981,7,2500000,0,user_30,254,254,
1970,8,2400000,0,user_18,254,254,
1942,9,2300000,0,user_0,254,254,
1983,10,2000000,0,user_35,254,254,
1985,11,2000000,4320000,user_36,254,254,
1989,12,2000000,0,user_43,254,254,
1969,13,1900000,0,user_16,254,254,
1978,14,1300000,0,user_28,254,254,
1990,15,1000000,0,user_43,254,254,
1992,16,670000,164000,user_45,254,254,
1993,17,670000,381000,user_45,254,254,
1979,18,600000,0,user_28,254,254,
1988,19,600000,0,user_41,254,254,
1941,20,310000,0,user_0,254,254,
1994,21,300000,0,user_45,254,254,
1998,22,300000,0,user_48,254,254,
1996,23,170000,0,user_46,254,254,
1986,24,150000,0,user_37,254,254,
2000,25,150000,0,user_49,254,254,
1980,26,110000,0,user_29,254,254,
1944,27,87001,0,user_2,254,254,1943
1945,28,87001,0,user_4,254,254,1943
1946,29,87001,0,user_6,254,254,1943
1954,30,87001,0,user_11,254,254,1943
1963,31,87001,0,user_14,254,254,1943
1964,32,87001,0,user_14,254,254,1943
1967,33,87001,0,user_14,254,254,1943
1968,34,87001,0,user_15,254,254,1943
1943,35,87000,15700,user_1,254,254,
1951,36,86999,0,user_10,254,254,1943
1952,37,86999,0,user_11,254,254,1943
1953,38,86999,0,user_11,254,254,1943
1955,39,86999,0,user_11,254,254,1943
1956,40,86999,0,user_11,254,254,1943
1965,41,86999,0,user_14,254,254,1943
1966,42,86999,0,user_14,254,254,1943
1999,43,77000,0,user_48,254,254,
1973,44,73000,0,user_22,254,254,
2014,0,19000000,0,user_19,255,255,
2027,1,6300000,0,user_36,255,255,
2029,2,5200000,0,user_37,255,255,
2026,3,5000000,128000,user_34,255,255,
2022,4,4200000,108000,user_28,255,255,
2024,5,4200000,0,user_31,255,255,
2039,6,2600000,0,user_47,255,255,
2015,7,2500000,8520,user_21,255,255,
2030,8,2500000,0,user_39,255,255,
2011,9,2400000,73100,user_17,255,255,
2023,10,2400000,0,user_29,255,255,
2035,11,1800000,0,user_42,255,255,
2018,12,1600000,0,user_23,255,255,
2021,13,1600000,0,user_26,255,255,
2038,14,1500000,4320000,user_45,255,255,
2020,15,1100000,0,user_26,255,255,
2034,16,1000000,0,user_42,255,255,
2032,17,910000,0,user_41,255,255,
2012,18,870000,0,user_17,255,255,
2028,19,460000,0,user_36,255,255,
2040,20,360000,0,user_48,255,255,
2043,21,340000,0,user_49,255,255,
2013,22,320000,0,user_18,255,255,
2033,23,300000,0,user_42,255,255,
2025,24,170000,0,user_33,255,255,
2037,25,170000,0,user_44,255,255,
2017,26,160000,0,user_22,255,255,
2019,27,150000,0,user_24,255,255,
2036,28,150000,0,user_42,255,255,
2042,29,150000,0,user_48,255,255,
2016,30,120000,15100,user_22,255,255,
2041,31,120000,0,user_48,255,255,
2002,32,83001,0,user_5,255,255,2001
2004,33,83001,0,user_6,255,255,2001
2006,34,83001,0,user_10,255,255,2001
2009,35,83001,0,user_12,255,255,2001
2010,36,83001,0,user_14,255,255,2001
2001,37,83000,231000,user_3,255,255,
2003,38,82999,0,user_5,255,255,2001
2007,39,82999,0,user_11,255,255,2001
2008,40,82999,0,user_11,255,255,2001
2059,0,43000000,0,user_16,256,256,
2088,1,6100000,381000,user_40,256,256,
2083,2,5000000,0,user_37,256,256,
2094,3,5000000,0,user_46,256,256,
2090,4,2300000,0,user_42,256,256,
2095,5,2000000,0,user_47,256,256,
2084,6,1900000,0,user_37,256,256,
2067,7,1700000,14200,user_19,256,256,
2062,8,1600000,0,user_16,256,256,
2070,9,1500000,0,user_22,256,256,
2077,10,1500000,6390,user_28,256,256,
2044,11,1100000,0,user_1,256,256,
2079,12,1100000,0,user_32,256,256,
2064,13,970000,0,user_17,256,256,
2063,14,670000,0,user_17,256,256,
2078,15,670000,19700,user_28,256,256,
2047,16,660001,0,user_2,256,256,2046
2049,17,660001,0,user_3,256,256,2046
2050,18,660001,0,user_4,256,256,2046
2051,19,660001,0,user_6,256,256,2046
2052,20,660001,0,user_6,256,256,2046
2054,21,660001,0,user_9,256,256,2046
2057,22,660001,0,user_11,256,256,2046
2058,23,660001,0,user_13,256,256,2046
2046,24,660000,11200,user_2,256,256,
2066,25,660000,0,user_19,256,256,
2091,26,660000,0,user_43,256,256,
2048,27,659999,0,user_2,256,256,2046
2053,28,659999,0,user_8,256,256,2046
2056,29,659999,0,user_11,256,256,2046
2045,30,370000,0,user_2,256,256,
2082,31,360000,0,user_35,256,256,
2060,32,320000,0,user_16,256,256,
2089,33,310000,0,user_42,256,256,
2080,34,260000,0,user_33,256,256,
2081,35,220000,959000,user_35,256,256,
2092,36,170000,0,user_45,256,256,
2065,37,150000,0,user_18,256,256,
2068,38,120000,0,user_21,256,256,
2085,39,87000,0,user_38,256,256,
2061,40,80000,0,user_16,256,256,
2069,41,80000,0,user_21,256,256,
2093,42,70000,30200,user_46,256,256,
2098,0,27000000,0,user_1,257,257,
2118,1,27000000,100000,user_18,257,257,
2125,2,27000000,0,user_26,257,257,
2121,3,19000000,0,user_19,257,257,
2130,4,5000000,164000,user_31,257,257,
2101,5,4500000,0,user_7,257,257,
2122,6,3600000,0,user_23,257,257,
2097,7,2400000,0,user_0,257,257,
2124,8,2000000,0,user_25,257,257,
2143,9,1600000,0,user_47,257,257,
2137,10,1500000,0,user_40,257,257,
2117,11,1400000,0,user_18,257,257,
2142,12,530000,73100,user_45,257,257,
2104,13,420001,0,user_9,257,257,2103
2105,14,420001,0,user_9,257,257,2103
2106,15,420001,0,user_9,257,257,2103
2109,16,420001,0,user_11,257,257,2103
2113,17,420001,0,user_11,257,257,2103
2114,18,420001,0,user_12,257,257,2103
2103,19,420000,164000,user_9,257,257,
2126,20,420000,0,user_27,257,257,
2107,21,419999,0,user_9,257,257,2103
2108,22,419999,0,user_10,257,257,2103
2110,23,419999,0,user_11,257,257,2103
2111,24,419999,0,user_11,257,257,2103
2112,25,419999,0,user_11,257,257,2103
2115,26,419999,0,user_13,257,257,2103
2102,27,310000,0,user_8,257,257,
2129,28,310000,0,user_30,257,257,
2099,29,300000,0,user_2,257,257,
2135,30,300000,42000,user_39,257,257,
2136,31,260000,0,user_40,257,257,
2141,32,190000,0,user_45,257,257,
2123,33,160000,0,user_24,257,257,
2116,34,120000,0,user_17,257,257,
2119,35,110000,0,user_18,257,257,
2138,36,110000,0,user_41,257,257,
2131,37,100000,0,user_33,257,257,
2128,38,84000,0,user_29,257,257,
2120,39,83000,0,user_18,257,257,
2134,40,79000,0,user_38,257,257,
2132,41,77000,0,user_35,257,257,
2174,0,43000000,0,user_26,258,258,
2186,1,43000000,0,user_37,258,258,
2162,2,27000000,0,user_16,258,258,
2187,3,27000000,1100000,user_37,258,258,
2151,4,3500000,0,user_7,258,258,
2148,5,2500000,0,user_5,258,258,
2167,6,2500000,14200,user_18,258,258,
2181,7,2000000,0,user_33,258,258,
2172,8,1900000,0,user_25,258,258,
2153,9,1800000,0,user_9,258,258,
2190,10,1800000,0,user_39,258,258,
2146,11,1600000,0,user_3,258,258,
2189,12,1400000,195000,user_38,258,258,
2203,13,1400000,0,user_48,258,258,
2173,14,1100000,0,user_26,258,258,
2171,15,1000000,0,user_24,258,258,
2175,16,1000000,0,user_26,258,258,
2150,17,600000,0,user_6,258,258,
2197,18,470000,13800,user_42,258,258,
2178,19,350000,0,user_29,258,258,
2191,20,340000,0,user_40,258,258,
2198,21,300000,0,user_43,258,258,
2157,22,260001,0,user_12,258,258,2155
2158,23,260001,0,user_12,258,258,2155
2155,24,260000,33100,user_10,258,258,
2156,25,259999,0,user_11,258,258,2155
2159,26,259999,0,user_12,258,258,2155
2160,27,259999,0,user_14,258,258,2155
2161,28,259999,0,user_15,258,258,2155
2192,29,240000,0,user_40,258,258,
2166,30,220000,0,user_18,258,258,
2168,31,220000,0,user_18,258,258,
2179,32,220000,0,user_30,258,258,
2183,33,220000,0,user_35,258,258,
2188,34,220000,0,user_37,258,258,
2154,35,190000,0,user_10,258,258,
2177,36,190000,0,user_26,258,258,
2185,37,170000,0,user_36,258,258,
2163,38,160000,0,user_17,258,258,
2196,39,160000,0,user_42,258,258,
2176,40,150000,0,user_26,258,258,
2204,41,150000,30200,user_49,258,258,
2147,42,120000,0,user_4,258,258,
2164,43,120000,0,user_17,258,258,
2184,44,120000,0,user_36,258,258,
2149,45,110000,0,user_6,258,258,
2152,46,110000,0,user_8,258,258,
2170,47,110000,0,user_23,258,258,
2180,48,100000,0,user_31,258,258,
2194,49,100000,0,user_40,258,258,
2199,50,100000,0,user_44,258,258,
2169,51,98000,0,user_20,258,258,
2165,52,85000,0,user_18,258,258,
2193,53,80000,0,user_40,258,258,
2195,54,79000,0,user_41,258,258,
2248,0,27000000,5630,user_31,259,259,
2256,1,19000000,0,user_36,259,259,
2224,2,4500000,0,user_18,259,259,
2233,3,3600000,0,user_23,259,259,
2250,4,3600000,73100,user_32,259,259,
2269,5,3500000,0,user_48,259,259,
2232,6,2600000,0,user_23,259,259,
2238,7,2000000,959000,user_28,259,259,
2247,8,2000000,19700,user_30,259,259,
2223,9,1500000,0,user_17,259,259,
2211,10,970001,0,user_4,259,259,2209
2212,11,970001,0,user_5,259,259,2209
2217,12,970001,0,user_10,259,259,2209
2219,13,970001,0,user_13,259,259,2209
2209,14,970000,285000,user_1,259,259,
2210,15,969999,0,user_3,259,259,2209
2213,16,969999,0,user_6,259,259,2209
2214,17,969999,0,user_7,259,259,2209
2218,18,969999,0,user_12,259,259,2209
2220,19,969999,0,user_14,259,259,2209
2221,20,969999,0,user_15,259,259,2209
2261,21,910000,0,user_38,259,259,
2260,22,670000,0,user_38,259,259,
2270,23,670000,0,user_49,259,259,
2263,24,660000,164000,user_43,259,259,
2268,25,650000,0,user_48,259,259,
2228,26,600000,0,user_18,259,259,
2266,27,530000,0,user_47,259,259,
2234,28,470000,350000,user_24,259,259,
2246,29,460000,46500,user_29,259,259,
2253,30,460000,0,user_36,259,259,
2255,31,360000,0,user_36,259,259,
2227,32,350000,0,user_18,259,259,
2267,33,320000,0,user_47,259,259,
2208,34,310000,0,user_1,259,259,
2229,35,300000,0,user_19,259,259,
2237,36,300000,0,user_28,259,259,
2257,37,260000,0,user_38,259,259,
2262,38,260000,34700,user_42,259,259,
2265,39,260000,0,user_45,259,259,
2235,40,220000,33300,user_24,259,259,
2258,41,220000,510000,user_38,259,259,
2259,42,220000,47700,user_38,259,259,
2225,43,190000,0,user_18,259,259,
2226,44,170000,0,user_18,259,259,
2207,45,150000,0,user_1,259,259,
2222,46,150000,146000,user_16,259,259,
2231,47,150000,0,user_21,259,259,
2244,48,130000,0,user_29,259,259,
2206,49,120000,0,user_1,259,259,
2230,50,120000,0,user_20,259,259,
2239,51,120000,0,user_28,259,259,
2240,52,120000,0,user_28,259,259,
2249,53,120000,0,user_32,259,259,
2242,54,110000,15700,user_29,259,259,
2245,55,100000,0,user_29,259,259,
2254,56,98000,0,user_36,259,259,
2205,57,87000,0,user_1,259,259,
2243,58,84000,0,user_29,259,259,
2241,59,83000,0,user_28,259,259,
2264,60,83000,296000,user_44,259,259,
2236,61,82000,0,user_26,259,259,
2298,0,43000000,0,user_27,260,260,
2294,1,19000000,0,user_21,260,260,
2295,2,19000000,0,user_22,260,260,
2304,3,5200000,0,user_33,260,260,
2272,4,4200001,0,user_1,260,260,2271
2273,5,4200001,0,user_2,260,260,2271
2276,6,4200001,0,user_6,260,260,2271
2281,7,4200001,0,user_9,260,260,2271
2286,8,4200001,0,user_12,260,260,2271
2289,9,4200001,0,user_15,260,260,2271
2271,10,4200000,12800,user_0,260,260,
2275,11,4199999,0,user_6,260,260,2271
2277,12,4199999,0,user_7,260,260,2271
2278,13,4199999,0,user_7,260,260,2271
2279,14,4199999,0,user_8,260,260,2271
2280,15,4199999,0,user_8,260,260,2271
2282,16,4199999,0,user_9,260,260,2271
2283,17,4199999,0,user_10,260,260,2271
2284,18,4199999,0,user_10,260,260,2271
2285,19,4199999,0,user_11,260,260,2271
2287,20,4199999,0,user_13,260,260,2271
2288,21,4199999,0,user_14,260,260,2271
2310,22,2600000,296000,user_39,260,260,
2301,23,1700000,35600,user_30,260,260,
2312,24,1600000,0,user_39,260,260,
2311,25,1500000,0,user_39,260,260,
2292,26,1100000,0,user_18,260,260,
2317,27,910000,0,user_43,260,260,
2315,28,470000,0,user_41,260,260,
2308,29,420000,0,user_36,260,260,
2290,30,370000,0,user_16,260,260,
2302,31,370000,0,user_31,260,260,
2314,32,310000,0,user_40,260,260,
2319,33,310000,0,user_43,260,260,
2318,34,300000,0,user_43,260,260,
2300,35,220000,0,user_30,260,260,
2303,36,220000,0,user_33,260,260,
2307,37,160000,381000,user_35,260,260,
2323,38,100000,36800,user_47,260,260,
2293,39,87000,0,user_19,260,260,
2320,40,83000,0,user_43,260,260,
2313,41,80000,0,user_39,260,260,
2325,0,30000000,0,user_3,261,261,
2343,1,30000000,0,user_19,261,261,
2372,2,30000000,0,user_45,261,261,
2329,3,5200001,0,user_8,261,261,2327
2333,4,5200001,0,user_11,261,261,2327
2334,5,5200001,0,user_11,261,261,2327
2327,6,5200000,779000,user_4,261,261,
2330,7,5199999,0,user_9,261,261,2327
2331,8,5199999,0,user_10,261,261,2327
2332,9,5199999,0,user_10,261,261,2327
2335,10,5199999,0,user_12,261,261,2327
2336,11,5199999,0,user_14,261,261,2327
2352,12,5000000,0,user_27,261,261,
2363,13,4500000,146000,user_41,261,261,
2337,14,4200000,0,user_16,261,261,
2369,15,4200000,0,user_44,261,261,
2357,16,2500000,35600,user_31,261,261,
2341,17,2000000,0,user_18,261,261,
2366,18,2000000,0,user_43,261,261,
2356,19,1900000,0,user_30,261,261,
2362,20,1900000,0,user_39,261,261,
2339,21,1600000,0,user_18,261,261,
2342,22,1100000,381000,user_18,261,261,
2371,23,870000,0,user_44,261,261,
2344,24,660000,0,user_22,261,261,
2345,25,650000,0,user_23,261,261,
2338,26,630000,0,user_18,261,261,
2367,27,470000,381000,user_43,261,261,
2340,28,420000,36800,user_18,261,261,
2348,29,420000,121000,user_25,261,261,
2373,30,420000,0,user_45,261,261,
2326,31,300000,0,user_3,261,261,
2364,32,260000,0,user_42,261,261,
2355,33,240000,24700,user_30,261,261,
2358,34,220000,0,user_32,261,261,
2365,35,220000,0,user_42,261,261,
2351,36,170000,0,user_25,261,261,
2324,37,150000,0,user_1,261,261,
2359,38,150000,0,user_33,261,261,
2349,39,120000,0,user_25,261,261,
2368,40,110000,0,user_44,261,261,
2370,41,100000,0,user_44,261,261,
2350,42,87000,71800,user_25,261,261,
2354,43,82000,0,user_29,261,261,
2347,44,80000,0,user_25,261,261,
2407,0,5000000,0,user_29,262,262,
2412,1,5000000,12800,user_39,262,262,
2408,2,4500000,769000,user_30,262,262,
2396,3,2600000,0,user_16,262,262,
2417,4,2600000,0,user_42,262,262,
2398,5,2300000,10700,user_17,262,262,
2404,6,2000000,0,user_25,262,262,
2415,7,2000000,0,user_42,262,262,
2413,8,1600000,0,user_40,262,262,
2419,9,1600000,322000,user_45,262,262,
2409,10,650000,0,user_31,262,262,
2411,11,460000,0,user_35,262,262,
2400,12,370000,0,user_20,262,262,
2397,13,360000,0,user_16,262,262,
2401,14,360000,0,user_21,262,262,
2418,15,360000,161000,user_44,262,262,
2403,16,340000,60700,user_23,262,262,
2410,17,340000,0,user_34,262,262,
2423,18,310000,0,user_49,262,262,
2420,19,260000,0,user_46,262,262,
2406,20,220000,0,user_28,262,262,
2422,21,160000,0,user_49,262,262,
2402,22,150000,42000,user_22,262,262,
2414,23,130000,0,user_41,262,262,
2416,24,120000,0,user_42,262,262,
2375,25,110001,0,user_1,262,262,2374
2376,26,110001,0,user_2,262,262,2374
2377,27,110001,0,user_3,262,262,2374
2378,28,110001,0,user_4,262,262,2374
2385,29,110001,0,user_9,262,262,2374
2386,30,110001,0,user_10,262,262,2374
2387,31,110001,0,user_11,262,262,2374
2388,32,110001,0,user_11,262,262,2374
2389,33,110001,0,user_11,262,262,2374
2390,34,110001,0,user_11,262,262,2374
2391,35,110001,0,user_11,262,262,2374
2394,36,110001,0,user_14,262,262,2374
2374,37,110000,15300,user_0,262,262,
2421,38,110000,0,user_48,262,262,
2379,39,109999,0,user_5,262,262,2374
2395,40,109999,0,user_15,262,262,2374
2405,41,87000,296000,user_27,262,262,
2429,0,43000001,0,user_2,263,263,2426
2431,1,43000001,0,user_4,263,263,2426
2435,2,43000001,0,user_6,263,263,2426
2436,3,43000001,0,user_7,263,263,2426
2438,4,43000001,0,user_8,263,263,2426
2440,5,43000001,0,user_9,263,263,2426
2441,6,43000001,0,user_11,263,263,2426
2443,7,43000001,0,user_13,263,263,2426
2444,8,43000001,0,user_14,263,263,2426
2426,9,43000000,7840,user_2,263,263,
2427,10,42999999,0,user_2,263,263,2426
2428,11,42999999,0,user_2,263,263,2426
2432,12,42999999,0,user_4,263,263,2426
2433,13,42999999,0,user_6,263,263,2426
2434,14,42999999,0,user_6,263,263,2426
2437,15,42999999,0,user_7,263,263,2426
2439,16,42999999,0,user_8,263,263,2426
2442,17,42999999,0,user_12,263,263,2426
2445,18,42999999,0,user_14,263,263,2426
2446,19,42999999,0,user_15,263,263,2426
2482,20,6300000,0,user_41,263,263,
2491,21,6100000,0,user_48,263,263,
2451,22,5200000,0,user_21,263,263,
2476,23,5000000,0,user_37,263,263,
2450,24,4500000,0,user_21,263,263,
2468,25,4500000,0,user_33,263,263,
2466,26,3600000,0,user_31,263,263,
2490,27,2400000,47700,user_47,263,263,
2425,28,1400000,0,user_1,263,263,
2449,29,1400000,0,user_19,263,263,
2483,30,1400000,100000,user_41,263,263,
2474,31,1300000,0,user_36,263,263,
2477,32,1100000,0,user_37,263,263,
2448,33,1000000,0,user_18,263,263,
2447,34,970000,0,user_16,263,263,
2463,35,670000,0,user_28,263,263,
2493,36,670000,256000,user_48,263,263,
2484,37,650000,0,user_41,263,263,
2494,38,630000,0,user_48,263,263,
2462,39,530000,0,user_28,263,263,
2424,40,470000,0,user_0,263,263,
2452,41,460000,0,user_22,263,263,
2481,42,460000,0,user_41,263,263,
2480,43,320000,36800,user_41,263,263,
2461,44,310000,0,user_26,263,263,
2479,45,300000,0,user_39,263,263,
2460,46,220000,0,user_26,263,263,
2492,47,220000,0,user_48,263,263,
2488,48,160000,0,user_46,263,263,
2454,49,150000,0,user_24,263,263,
2465,50,120000,779000,user_31,263,263,
2475,51,120000,0,user_37,263,263,
2487,52,110000,5630,user_46,263,263,
2489,53,84000,0,user_46,263,263,
2495,54,70000,0,user_49,263,263,
2524,0,43000000,0,user_30,264,264,
2541,1,6300000,0,user_46,264,264,
2532,2,5000000,32900,user_37,264,264,
2540,3,4500000,0,user_45,264,264,
2539,4,2600000,0,user_44,264,264,
2496,5,2000000,0,user_0,264,264,
2515,6,2000000,0,user_22,264,264,
2538,7,2000000,42000,user_42,264,264,
2511,8,1600000,0,user_17,264,264,
2512,9,1600000,0,user_18,264,264,
2522,10,1600000,0,user_27,264,264,
2513,11,1500000,84800,user_20,264,264,
2527,12,1500000,0,user_34,264,264,
2531,13,1500000,0,user_36,264,264,
2516,14,1400000,0,user_24,264,264,
2525,15,1200000,0,user_31,264,264,
2497,16,1100000,0,user_2,264,264,
2535,17,1000000,68100,user_40,264,264,
2519,18,910000,0,user_27,264,264,
2530,19,370000,0,user_35,264,264,
2536,20,350000,0,user_40,264,264,
2521,21,320000,0,user_27,264,264,
2526,22,310000,0,user_33,264,264,
2514,23,260000,0,user_21,264,264,
2523,24,260000,0,user_30,264,264,
2529,25,240000,128000,user_35,264,264,
2533,26,160000,64600,user_39,264,264,
2542,27,160000,0,user_49,264,264,
2503,28,120001,0,user_10,264,264,2498
2506,29,120001,0,user_12,264,264,2498
2507,30,120001,0,user_12,264,264,2498
2509,31,120001,0,user_13,264,264,2498
2498,32,120000,164000,user_3,264,264,
2501,33,119999,0,user_7,264,264,2498
2502,34,119999,0,user_10,264,264,2498
2508,35,119999,0,user_13,264,264,2498
2510,36,119999,0,user_14,264,264,2498
2528,37,98000,0,user_35,264,264,
2520,38,79000,0,user_27,264,264,
2534,39,79000,0,user_39,264,264,
2570,0,30000000,0,user_30,265,265,
2567,1,2600000,0,user_29,265,265,
2582,2,2500000,71800,user_46,265,265,
2577,3,2400000,0,user_38,265,265,
2562,4,2000000,0,user_20,265,265,
2560,5,1900000,0,user_19,265,265,
2557,6,1600000,0,user_18,265,265,
2576,7,1500000,0,user_37,265,265,
2573,8,1200000,161000,user_32,265,265,
2555,9,1100000,0,user_16,265,265,
2558,10,1100000,0,user_19,265,265,
2569,11,670000,296000,user_30,265,265,
2583,12,600000,0,user_47,265,265,
2556,13,530000,0,user_17,265,265,
2566,14,530000,0,user_28,265,265,
2561,15,470000,0,user_19,265,265,
2580,16,470000,0,user_43,265,265,
2559,17,420000,0,user_19,265,265,
2565,18,420000,0,user_26,265,265,
2564,19,370000,36800,user_23,265,265,
2545,20,360001,0,user_2,265,265,2544
2546,21,360001,0,user_3,265,265,2544
2547,22,360001,0,user_4,265,265,2544
2549,23,360001,0,user_8,265,265,2544
2550,24,360001,0,user_8,265,265,2544
2551,25,360001,0,user_10,265,265,2544
2544,26,360000,49100,user_1,265,265,
2548,27,359999,0,user_5,265,265,2544
2553,28,359999,0,user_13,265,265,2544
2554,29,350000,0,user_16,265,265,
2568,30,220000,0,user_30,265,265,
2571,31,220000,0,user_30,265,265,
2563,32,160000,35600,user_21,265,265,
2581,33,150000,13900,user_44,265,265,
2584,34,130000,0,user_49,265,265,
2543,35,110000,0,user_0,265,265,
2572,36,110000,0,user_31,265,265,
2574,37,110000,0,user_33,265,265,
2579,38,98000,0,user_42,265,265,
2621,0,19000000,0,user_38,266,266,
2632,1,6100000,0,user_46,266,266,
2612,2,5200000,60700,user_27,266,266,
2624,3,4500000,0,user_39,266,266,
2587,4,3200001,0,user_2,266,266,2585
2588,5,3200001,0,user_3,266,266,2585
2592,6,3200001,0,user_7,266,266,2585
2593,7,3200001,0,user_7,266,266,2585
2594,8,3200001,0,user_7,266,266,2585
2600,9,3200001,0,user_10,266,266,2585
2603,10,3200001,0,user_10,266,266,2585
2605,11,3200001,0,user_12,266,266,2585
2585,12,3200000,30200,user_1,266,266,
2586,13,3199999,0,user_1,266,266,2585
2589,14,3199999,0,user_4,266,266,2585
2590,15,3199999,0,user_5,266,266,2585
2591,16,3199999,0,user_6,266,266,2585
2595,17,3199999,0,user_7,266,266,2585
2596,18,3199999,0,user_7,266,266,2585
2599,19,3199999,0,user_10,266,266,2585
2601,20,3199999,0,user_10,266,266,2585
2602,21,3199999,0,user_10,266,266,2585
2604,22,3199999,0,user_11,266,266,2585
2606,23,3199999,0,user_14,266,266,2585
2607,24,3199999,0,user_15,266,266,2585
2633,25,2500000,0,user_47,266,266,
2631,26,2400000,0,user_46,266,266,
2616,27,2000000,0,user_30,266,266,
2620,28,2000000,0,user_36,266,266,
2630,29,2000000,283000,user_43,266,266,
2634,30,2000000,0,user_48,266,266,
2611,31,1600000,0,user_25,266,266,
2609,32,1400000,0,user_22,266,266,
2613,33,1200000,0,user_29,266,266,
2636,34,670000,0,user_48,266,266,
2617,35,470000,0,user_32,266,266,
2622,36,460000,7190000,user_39,266,266,
2625,37,420000,0,user_39,266,266,
2626,38,360000,0,user_39,266,266,
2635,39,220000,0,user_48,266,266,
2623,40,170000,195000,user_39,266,266,
2608,41,130000,0,user_21,266,266,
2618,42,130000,0,user_34,266,266,
2614,43,110000,10700,user_30,266,266,
2615,44,110000,0,user_30,266,266,
2629,45,98000,779000,user_42,266,266,
2610,46,84000,0,user_22,266,266,
2682,0,30000000,0,user_46,267,267,
2666,1,6100000,0,user_28,267,267,
2658,2,5200000,4320000,user_20,267,267,
2663,3,5000000,0,user_24,267,267,
2685,4,5000000,0,user_48,267,267,
2683,5,4500000,0,user_47,267,267,
2644,6,3500000,0,user_10,267,267,
2677,7,3500000,0,user_43,267,267,
2684,8,2500000,0,user_48,267,267,
2669,9,2100000,0,user_32,267,267,
2642,10,2000000,0,user_7,267,267,
2665,11,2000000,0,user_27,267,267,
2671,12,2000000,0,user_34,267,267,
2659,13,1700000,0,user_22,267,267,
2653,14,1500000,0,user_16,267,267,
2652,15,1400000,0,user_16,267,267,
2680,16,1300000,0,user_45,267,267,
2667,17,1000000,0,user_29,267,267,
2672,18,670000,0,user_36,267,267,
2640,19,650000,0,user_5,267,267,
2678,20,650000,0,user_44,267,267,
2655,21,530000,0,user_18,267,267,
2679,22,530000,0,user_44,267,267,
2657,23,460000,10700,user_20,267,267,
2662,24,420000,39400,user_24,267,267,
2668,25,240000,0,user_30,267,267,
2673,26,220000,0,user_37,267,267,
2660,27,170000,0,user_23,267,267,
2664,28,170000,0,user_25,267,267,
2661,29,150000,0,user_24,267,267,
2638,30,120000,0,user_3,267,267,
2654,31,120000,35600,user_17,267,267,
2637,32,110000,0,user_1,267,267,
2646,33,85001,0,user_11,267,267,2645
2647,34,85001,0,user_12,267,267,2645
2649,35,85001,0,user_13,267,267,2645
2651,36,85001,0,user_15,267,267,2645
2641,37,85000,0,user_6,267,267,
2645,38,85000,779000,user_10,267,267,
2648,39,84999,0,user_13,267,267,2645
2650,40,84999,0,user_15,267,267,2645
2656,41,79000,64600,user_19,267,267,
2681,42,79000,0,user_45,267,267,
2639,43,77000,0,user_4,267,267,
2675,44,77000,0,user_41,267,267,
2670,45,70000,0,user_32,267,267,
2676,46,70000,0,user_41,267,267,
2729,0,43000000,0,user_45,268,268,
2702,1,3500000,0,user_19,268,268,
2700,2,2400000,0,user_17,268,268,
2703,3,2300000,16400,user_19,268,268,
2725,4,2100000,231000,user_42,268,268,
2732,5,1400000,283000,user_48,268,268,
2719,6,1100000,0,user_32,268,268,
2720,7,910000,0,user_34,268,268,
2730,8,870000,0,user_46,268,268,
2713,9,630000,0,user_28,268,268,
2714,10,630000,75000,user_29,268,268,
2716,11,460000,322000,user_30,268,268,
2707,12,370000,0,user_23,268,268,
2710,13,340000,33300,user_25,268,268,
2727,14,320000,0,user_44,268,268,
2728,15,310000,0,user_44,268,268,
2701,16,260000,594000,user_18,268,268,
2708,17,260000,161000,user_23,268,268,
2718,18,170000,0,user_31,268,268,
2712,19,160000,594000,user_27,268,268,
2709,20,150000,0,user_24,268,268,
2704,21,120000,0,user_20,268,268,
2706,22,120000,0,user_22,268,268,
2726,23,120000,0,user_43,268,268,
2731,24,120000,21800,user_47,268,268,
2705,25,110000,24700,user_21,268,268,
2711,26,110000,84800,user_26,268,268,
2715,27,110000,0,user_30,268,268,
2686,28,98000,0,user_0,268,268,
2691,29,83001,0,user_4,268,268,2687
2693,30,83001,0,user_6,268,268,2687
2694,31,83001,0,user_10,268,268,2687
2696,32,83001,0,user_12,268,268,2687
2697,33,83001,0,user_13,268,268,2687
2687,34,83000,42000,user_1,268,268,
2688,35,82999,0,user_3,268,268,2687
2689,36,82999,0,user_3,268,268,2687
2690,37,82999,0,user_3,268,268,2687
2692,38,82999,0,user_4,268,268,2687
2695,39,82999,0,user_12,268,268,2687
2698,40,82999,0,user_13,268,268,2687
2699,41,82999,0,user_15,268,268,2687
2717,42,82000,0,user_31,268,268,
2733,43,73000,0,user_48,268,268,
2734,44,73000,381000,user_49,268,268,
2755,0,43000000,0,user_16,269,269,
2775,1,30000000,0,user_38,269,269,
2782,2,6300000,0,user_40,269,269,
2735,3,6100000,0,user_0,269,269,
2756,4,5000000,0,user_18,269,269,
2780,5,4200000,0,user_39,269,269,
2761,6,3600000,0,user_25,269,269,
2790,7,2600000,0,user_44,269,269,
2758,8,2500000,16400,user_22,269,269,
2779,9,2500000,5630,user_39,269,269,
2772,10,2300000,0,user_37,269,269,
2773,11,2000000,215000,user_37,269,269,
2784,12,2000000,256000,user_42,269,269,
2763,13,1700000,0,user_27,269,269,
2776,14,1600000,0,user_38,269,269,
2785,15,1600000,0,user_42,269,269,
2767,16,970000,0,user_32,269,269,
2777,17,970000,0,user_38,269,269,
2774,18,650000,410000,user_38,269,269,
2788,19,630000,0,user_42,269,269,
2765,20,600000,0,user_31,269,269,
2766,21,460000,0,user_31,269,269,
2792,22,420000,0,user_46,269,269,
2778,23,310000,0,user_38,269,269,
2771,24,190000,35600,user_36,269,269,
2794,25,170000,47700,user_48,269,269,
2781,26,160000,0,user_40,269,269,
2786,27,160000,0,user_42,269,269,
2760,28,150000,0,user_23,269,269,
2764,29,150000,0,user_28,269,269,
2759,30,120000,0,user_23,269,269,
2770,31,120000,285000,user_35,269,269,
2757,32,98000,0,user_19,269,269,
2762,33,98000,0,user_26,269,269,
2787,34,85000,0,user_42,269,269,
2791,35,83000,0,user_45,269,269,
2737,36,77001,0,user_2,269,269,2736
2740,37,77001,0,user_4,269,269,2736
2741,38,77001,0,user_5,269,269,2736
2745,39,77001,0,user_8,269,269,2736
2747,40,77001,0,user_9,269,269,2736
2748,41,77001,0,user_10,269,269,2736
2754,42,77001,0,user_14,269,269,2736
2738,43,76999,0,user_2,269,269,2736
2742,44,76999,0,user_6,269,269,2736
2743,45,76999,0,user_7,269,269,2736
2744,46,76999,0,user_7,269,269,2736
2746,47,76999,0,user_9,269,269,2736
2749,48,76999,0,user_11,269,269,2736
2750,49,76999,0,user_11,269,269,2736
2751,50,76999,0,user_11,269,269,2736
2752,51,76999,0,user_12,269,269,2736
2753,52,76999,0,user_13,269,269,2736
2769,53,73000,0,user_34,269,269,
2822,0,30000000,0,user_20,270,270,
2838,1,19000000,13900,user_39,270,270,
2834,2,3200000,0,user_36,270,270,
2819,3,2000000,33300,user_20,270,270,
2843,4,2000000,0,user_46,270,270,
2832,5,1600000,0,user_34,270,270,
2839,6,1600000,11200,user_39,270,270,
2821,7,1500000,21800,user_20,270,270,
2823,8,1500000,0,user_21,270,270,
2827,9,1500000,0,user_28,270,270,
2796,10,1400000,0,user_0,270,270,
2836,11,1400000,0,user_37,270,270,
2818,12,1100000,68100,user_19,270,270,
2846,13,1100000,0,user_49,270,270,
2829,14,870000,0,user_30,270,270,
2844,15,660000,0,user_48,270,270,
2842,16,650000,0,user_44,270,270,
2825,17,460000,0,user_25,270,270,
2820,18,420000,0,user_20,270,270,
2815,19,350000,0,user_16,270,270,
2824,20,220000,4320000,user_22,270,270,
2826,21,220000,0,user_27,270,270,
2837,22,160000,0,user_39,270,270,
2799,23,150001,0,user_3,270,270,2798
2801,24,150001,0,user_5,270,270,2798
2802,25,150001,0,user_5,270,270,2798
2804,26,150001,0,user_5,270,270,2798
2805,27,150001,0,user_6,270,270,2798
2806,28,150001,0,user_7,270,270,2798
2810,29,150001,0,user_11,270,270,2798
2811,30,150001,0,user_12,270,270,2798
2812,31,150001,0,user_13,270,270,2798
2813,32,150001,0,user_15,270,270,2798
2798,33,150000,84800,user_3,270,270,
2830,34,150000,0,user_31,270,270,
2800,35,149999,0,user_4,270,270,2798
2803,36,149999,0,user_5,270,270,2798
2807,37,149999,0,user_7,270,270,2798
2809,38,149999,0,user_10,270,270,2798
2814,39,149999,0,user_15,270,270,2798
2816,40,130000,0,user_17,270,270,
2797,41,110000,0,user_2,270,270,
2835,42,100000,14200,user_37,270,270,
2845,43,85000,0,user_48,270,270,
2828,44,82000,0,user_29,270,270,
2831,45,79000,0,user_33,270,270,
2817,46,77000,0,user_18,270,270,
2869,0,30000000,0,user_23,271,271,
2875,1,6100000,18600,user_27,271,271,
2847,2,5000000,0,user_3,271,271,
2872,3,5000000,215000,user_25,271,271,
2891,4,5000000,0,user_41,271,271,
2892,5,5000000,0,user_44,271,271,
2882,6,4500000,0,user_33,271,271,
2880,7,3200000,0,user_33,271,271,
2866,8,2100000,5630,user_20,271,271,
2883,9,2100000,0,user_34,271,271,
2865,10,2000000,33300,user_20,271,271,
2848,11,1900000,0,user_4,271,271,
2877,12,1700000,0,user_30,271,271,
2871,13,1600000,0,user_24,271,271,
2862,14,1500000,0,user_18,271,271,
2879,15,1500000,75000,user_33,271,271,
2881,16,1500000,0,user_33,271,271,
2851,17,1200001,0,user_6,271,271,2849
2852,18,1200001,0,user_7,271,271,2849
2858,19,1200001,0,user_14,271,271,2849
2859,20,1200001,0,user_15,271,271,2849
2860,21,1200001,0,user_15,271,271,2849
2849,22,1200000,33100,user_5,271,271,
2867,23,1200000,47700,user_21,271,271,
2850,24,1199999,0,user_6,271,271,2849
2853,25,1199999,0,user_8,271,271,2849
2855,26,1199999,0,user_10,271,271,2849
2856,27,1199999,0,user_12,271,271,2849
2857,28,1199999,0,user_14,271,271,2849
2878,29,970000,0,user_31,271,271,
2874,30,910000,12300,user_26,271,271,
2893,31,910000,0,user_45,271,271,
2886,32,870000,15300,user_38,271,271,
2870,33,660000,0,user_23,271,271,
2864,34,630000,42000,user_19,271,271,
2876,35,420000,0,user_28,271,271,
2861,36,320000,0,user_17,271,271,
2894,37,320000,0,user_47,271,271,
2873,38,310000,7190000,user_25,271,271,
2885,39,220000,0,user_38,271,271,
2868,40,150000,0,user_22,271,271,
2890,41,150000,0,user_41,271,271,
2863,42,84000,0,user_18,271,271,
2887,43,82000,13900,user_38,271,271,
2895,44,80000,0,user_48,271,271,
2929,0,43000000,0,user_31,272,272,
2901,1,4500000,0,user_5,272,272,
2896,2,2400000,0,user_0,272,272,
2924,3,2100000,0,user_26,272,272,
2917,4,1500000,0,user_18,272,272,
2943,5,1500000,0,user_46,272,272,
2948,6,1500000,0,user_47,272,272,
2950,7,1500000,0,user_49,272,272,
2919,8,1400000,0,user_20,272,272,
2921,9,1100000,0,user_23,272,272,
2930,10,1000000,0,user_31,272,272,
2940,11,1000000,19700,user_42,272,272,
2914,12,910000,0,user_16,272,272,
2916,13,870000,15700,user_17,272,272,
2918,14,670000,0,user_19,272,272,
2946,15,670000,0,user_47,272,272,
2947,16,650000,0,user_47,272,272,
2942,17,630000,0,user_44,272,272,
2922,18,600000,15100,user_25,272,272,
2931,19,600000,21800,user_31,272,272,
2932,20,470000,7840,user_31,272,272,
2899,21,370000,0,user_4,272,272,
2949,22,370000,0,user_48,272,272,
2897,23,360000,0,user_2,272,272,
2920,24,320000,0,user_22,272,272,
2939,25,310000,0,user_42,272,272,
2941,26,310000,0,user_43,272,272,
2902,27,300000,0,user_6,272,272,
2934,28,220000,47700,user_38,272,272,
2944,29,220000,0,user_47,272,272,
2906,30,190001,0,user_10,272,272,2904
2908,31,190001,0,user_12,272,272,2904
2909,32,190001,0,user_13,272,272,2904
2910,33,190001,0,user_14,272,272,2904
2904,34,190000,7190000,user_8,272,272,
2907,35,189999,0,user_12,272,272,2904
2911,36,189999,0,user_14,272,272,2904
2912,37,189999,0,user_15,272,272,2904
2945,38,170000,0,user_47,272,272,
2903,39,150000,0,user_7,272,272,
2913,40,150000,0,user_16,272,272,
2923,41,120000,0,user_26,272,272,
2915,42,110000,18600,user_17,272,272,
2925,43,110000,0,user_28,272,272,
2927,44,110000,0,user_29,272,272,
2928,45,110000,43600,user_30,272,272,
2898,46,100000,0,user_4,272,272,
2926,47,85000,0,user_29,272,272,
2938,48,82000,0,user_42,272,272,
2937,49,80000,0,user_41,272,272,
2935,50,77000,155000,user_38,272,272,
2900,51,73000,0,user_5,272,272,
2981,0,43000000,0,user_36,273,273,
2974,1,27000000,0,user_26,273,273,
2979,2,6100000,0,user_34,273,273,
2978,3,5000000,0,user_33,273,273,
2969,4,4500000,0,user_21,273,273,
2962,5,2600000,0,user_16,273,273,
2992,6,2600000,0,user_44,273,273,
2988,7,2500000,0,user_39,273,273,
2952,8,2000001,0,user_4,273,273,2951
2954,9,2000001,0,user_6,273,273,2951
2957,10,2000001,0,user_12,273,273,2951
2958,11,2000001,0,user_13,273,273,2951
2959,12,2000001,0,user_13,273,273,2951
2960,13,2000001,0,user_15,273,273,2951
2951,14,2000000,66100,user_0,273,273,
2953,15,1999999,0,user_4,273,273,2951
2955,16,1999999,0,user_7,273,273,2951
2956,17,1999999,0,user_10,273,273,2951
2961,18,1999999,0,user_15,273,273,2951
2967,19,1600000,0,user_19,273,273,
2973,20,1400000,0,user_24,273,273,
2997,21,1100000,0,user_46,273,273,
2971,22,1000000,0,user_23,273,273,
2972,23,870000,0,user_23,273,273,
2999,24,870000,0,user_48,273,273,
2982,25,670000,21800,user_36,273,273,
3002,26,670000,0,user_48,273,273,
2977,27,660000,0,user_31,273,273,
2996,28,660000,545000,user_46,273,273,
2987,29,600000,0,user_38,273,273,
2985,30,460000,545000,user_37,273,273,
2963,31,420000,0,user_17,273,273,
2986,32,320000,0,user_37,273,273,
2976,33,240000,0,user_28,273,273,
2966,34,220000,23500,user_19,273,273,
3004,35,220000,0,user_49,273,273,
3000,36,190000,0,user_48,273,273,
2991,37,170000,0,user_43,273,273,
2993,38,170000,0,user_45,273,273,
2995,39,170000,0,user_46,273,273,
2965,40,160000,195000,user_18,273,273,
2968,41,160000,0,user_20,273,273,
2970,42,160000,21800,user_22,273,273,
3001,43,160000,0,user_48,273,273,
2964,44,150000,32900,user_18,273,273,
2975,45,150000,0,user_27,273,273,
2994,46,150000,164000,user_46,273,273,
2983,47,120000,0,user_37,273,273,
2984,48,120000,0,user_37,273,273,
2998,49,120000,0,user_46,273,273,
3003,50,82000,0,user_48,273,273,
2990,51,79000,0,user_42,273,273,
3035,0,27000000,0,user_39,274,274,
3022,1,4200000,0,user_20,274,274,
3018,2,3500000,0,user_16,274,274,
3041,3,1800000,0,user_44,274,274,
3026,4,1700000,0,user_26,274,274,
3025,5,1500000,0,user_23,274,274,
3005,6,1200000,0,user_2,274,274,
3027,7,910000,21800,user_26,274,274,
3040,8,670000,0,user_43,274,274,
3046,9,670000,32900,user_48,274,274,
3028,10,630000,0,user_30,274,274,
3034,11,630000,0,user_35,274,274,
3029,12,460000,0,user_31,274,274,
3020,13,420000,0,user_17,274,274,
3037,14,360000,0,user_41,274,274,
3036,15,310000,0,user_40,274,274,
3016,16,260000,0,user_16,274,274,
3038,17,220000,0,user_41,274,274,
3024,18,160000,0,user_22,274,274,
3017,19,120000,0,user_16,274,274,
3019,20,120000,0,user_16,274,274,
3023,21,120000,0,user_21,274,274,
3021,22,110000,0,user_19,274,274,
3009,23,80001,0,user_9,274,274,3007
3011,24,80001,0,user_11,274,274,3007
3015,25,80001,0,user_14,274,274,3007
3006,26,80000,0,user_3,274,274,
3007,27,80000,155000,user_6,274,274,
3039,28,80000,0,user_42,274,274,
3008,29,79999,0,user_8,274,274,3007
3010,30,79999,0,user_10,274,274,3007
3012,31,79999,0,user_11,274,274,3007
3013,32,79999,0,user_11,274,274,3007
3030,33,70000,0,user_31,274,274,
3087,0,30000000,0,user_33,275,275,
3105,1,6100000,0,user_48,275,275,
3073,2,5000000,0,user_22,275,275,
3082,3,5000000,0,user_32,275,275,
3089,4,5000000,34700,user_33,275,275,
3072,5,2400000,0,user_20,275,275,
3076,6,2400000,75000,user_26,275,275,
3069,7,2000000,0,user_18,275,275,
3081,8,1900000,0,user_31,275,275,
3079,9,1800000,0,user_28,275,275,
3075,10,1600000,15100,user_25,275,275,
3067,11,1500000,0,user_18,275,275,
3086,12,1500000,0,user_32,275,275,
3093,13,1500000,0,user_36,275,275,
3102,14,1500000,13800,user_45,275,275,
3101,15,1100000,0,user_44,275,275,
3090,16,1000000,21800,user_33,275,275,
3066,17,970000,0,user_17,275,275,
3065,18,910000,0,user_16,275,275,
3070,19,910000,0,user_19,275,275,
3083,20,910000,0,user_32,275,275,
3048,21,630001,0,user_1,275,275,3047
3049,22,630001,0,user_2,275,275,3047
3050,23,630001,0,user_3,275,275,3047
3051,24,630001,0,user_4,275,275,3047
3052,25,630001,0,user_5,275,275,3047
3055,26,630001,0,user_5,275,275,3047
3058,27,630001,0,user_6,275,275,3047
3061,28,630001,0,user_10,275,275,3047
3062,29,630001,0,user_11,275,275,3047
3047,30,630000,33300,user_0,275,275,
3053,31,629999,0,user_5,275,275,3047
3054,32,629999,0,user_5,275,275,3047
3056,33,629999,0,user_5,275,275,3047
3057,34,629999,0,user_6,275,275,3047
3059,35,629999,0,user_6,275,275,3047
3063,36,629999,0,user_12,275,275,3047
3064,37,629999,0,user_14,275,275,3047
3104,38,370000,0,user_47,275,275,
3103,39,310000,0,user_46,275,275,
3094,40,300000,0,user_37,275,275,
3099,41,300000,0,user_42,275,275,
3080,42,240000,0,user_29,275,275,
3091,43,220000,0,user_34,275,275,
3071,44,160000,0,user_20,275,275,
3074,45,160000,0,user_22,275,275,
3077,46,160000,0,user_27,275,275,
3078,47,150000,0,user_28,275,275,
3084,48,150000,0,user_32,275,275,
3100,49,150000,0,user_43,275,275,
3095,50,130000,0,user_38,275,275,
3106,51,110000,0,user_49,275,275,
3068,52,100000,0,user_18,275,275,
3098,53,83000,67900,user_42,275,275,
3085,54,70000,0,user_32,275,275,
3088,55,70000,0,user_33,275,275,
3125,0,43000000,0,user_18,276,276,
3135,1,30000000,0,user_30,276,276,
3129,2,19000000,0,user_26,276,276,
3134,3,5000000,0,user_30,276,276,
3132,4,4500000,0,user_28,276,276,
3151,5,3500000,0,user_47,276,276,
3126,6,2500000,0,user_23,276,276,
3131,7,1600000,0,user_27,276,276,
3152,8,1100000,0,user_48,276,276,
3110,9,1000000,0,user_4,276,276,
3145,10,650000,215000,user_41,276,276,
3146,11,650000,6390,user_44,276,276,
3141,12,630000,24700,user_37,276,276,
3139,13,530000,0,user_34,276,276,
3124,14,470000,0,user_17,276,276,
3114,15,460001,0,user_5,276,276,3112
3116,16,460001,0,user_6,276,276,3112
3119,17,460001,0,user_10,276,276,3112
3121,18,460001,0,user_15,276,276,3112
3112,19,460000,35600,user_4,276,276,
3113,20,459999,0,user_5,276,276,3112
3115,21,459999,0,user_6,276,276,3112
3117,22,459999,0,user_7,276,276,3112
3120,23,459999,0,user_13,276,276,3112
3122,24,459999,0,user_15,276,276,3112
3136,25,370000,0,user_30,276,276,
3149,26,370000,0,user_46,276,276,
3128,27,320000,0,user_24,276,276,
3138,28,260000,0,user_34,276,276,
3127,29,220000,0,user_23,276,276,
3150,30,170000,0,user_46,276,276,
3123,31,160000,17000,user_16,276,276,
3147,32,160000,15100,user_44,276,276,
3108,33,150000,0,user_2,276,276,
3107,34,130000,0,user_1,276,276,
3140,35,120000,0,user_36,276,276,
3143,36,120000,0,user_38,276,276,
3148,37,120000,0,user_45,276,276,
3109,38,87000,0,user_3,276,276,
3137,39,85000,0,user_30,276,276,
3133,40,84000,46500,user_28,276,276,
3111,41,82000,0,user_4,276,276,
3130,42,79000,0,user_26,276,276,
3142,43,79000,0,user_38,276,276,
3182,0,43000000,16400,user_31,277,277,
3176,1,30000000,0,user_25,277,277,
3157,2,27000000,0,user_2,277,277,
3159,3,5000000,0,user_3,277,277,
3185,4,5000000,959000,user_34,277,277,
3191,5,4200000,15300,user_39,277,277,
3195,6,4200000,0,user_42,277,277,
3155,7,3500000,0,user_1,277,277,
3165,8,1900001,0,user_9,277,277,3164
3167,9,1900001,0,user_9,277,277,3164
3170,10,1900001,0,user_15,277,277,3164
3164,11,1900000,5180,user_8,277,277,
3190,12,1900000,0,user_39,277,277,
3166,13,1899999,0,user_9,277,277,3164
3169,14,1899999,0,user_13,277,277,3164
3178,15,1600000,0,user_26,277,277,
3173,16,1500000,0,user_21,277,277,
3186,17,1500000,0,user_35,277,277,
3189,18,1500000,0,user_38,277,277,
3199,19,1100000,21800,user_46,277,277,
3160,20,970000,0,user_4,277,277,
3202,21,970000,5630,user_46,277,277,
3161,22,870000,0,user_5,277,277,
3196,23,670000,0,user_44,277,277,
3158,24,650000,0,user_3,277,277,
3154,25,600000,0,user_0,277,277,
3198,26,530000,0,user_46,277,277,
3174,27,420000,0,user_22,277,277,
3187,28,420000,0,user_37,277,277,
3175,29,370000,0,user_23,277,277,
3203,30,360000,0,user_47,277,277,
3177,31,260000,0,user_26,277,277,
3179,32,260000,0,user_26,277,277,
3184,33,260000,0,user_33,277,277,
3156,34,220000,0,user_1,277,277,
3163,35,220000,0,user_6,277,277,
3188,36,220000,410000,user_38,277,277,
3200,37,220000,0,user_46,277,277,
3181,38,170000,0,user_31,277,277,
3205,39,170000,0,user_49,277,277,
3171,40,160000,0,user_18,277,277,
3180,41,160000,0,user_28,277,277,
3194,42,120000,0,user_41,277,277,
3197,43,120000,0,user_44,277,277,
3201,44,120000,0,user_46,277,277,
3162,45,110000,0,user_5,277,277,
3153,46,85000,0,user_0,277,277,
3172,47,83000,0,user_20,277,277,
3229,0,19000000,0,user_23,278,278,
3238,1,4500000,0,user_31,278,278,
3253,2,4500000,0,user_47,278,278,
3232,3,1700000,100000,user_26,278,278,
3242,4,1600000,35600,user_35,278,278,
3225,5,1500000,0,user_18,278,278,
3244,6,1500000,0,user_37,278,278,
3251,7,1500000,0,user_43,278,278,
3240,8,1100000,0,user_33,278,278,
3231,9,1000000,121000,user_26,278,278,
3226,10,420000,0,user_20,278,278,
3243,11,420000,0,user_36,278,278,
3246,12,420000,0,user_40,278,278,
3233,13,350000,23500,user_27,278,278,
3254,14,310000,35600,user_48,278,278,
3235,15,220000,0,user_28,278,278,
3237,16,220000,71800,user_30,278,278,
3210,17,160001,0,user_3,278,278,3206
3211,18,160001,0,user_3,278,278,3206
3215,19,160001,0,user_7,278,278,3206
3218,20,160001,0,user_9,278,278,3206
3222,21,160001,0,user_13,278,278,3206
3206,22,160000,381000,user_0,278,278,
3241,23,160000,30200,user_33,278,278,
3245,24,160000,0,user_39,278,278,
3207,25,159999,0,user_1,278,278,3206
3208,26,159999,0,user_1,278,278,3206
3209,27,159999,0,user_2,278,278,3206
3213,28,159999,0,user_7,278,278,3206
3214,29,159999,0,user_7,278,278,3206
3216,30,159999,0,user_7,278,278,3206
3217,31,159999,0,user_8,278,278,3206
3221,32,159999,0,user_12,278,278,3206
3223,33,159999,0,user_15,278,278,3206
3228,34,120000,0,user_21,278,278,
3239,35,120000,0,user_32,278,278,
3252,36,120000,0,user_44,278,278,
3234,37,100000,0,user_28,278,278,
3255,38,100000,0,user_49,278,278,
3224,39,98000,0,user_16,278,278,
3227,40,85000,0,user_21,278,278,
3236,41,77000,17000,user_29,278,278,
3292,0,43000000,0,user_30,279,279,
3302,1,30000000,0,user_39,279,279,
3293,2,5200000,0,user_31,279,279,
3283,3,5000000,0,user_28,279,279,
3284,4,5000000,0,user_28,279,279,
3289,5,5000000,0,user_29,279,279,
3261,6,3500001,0,user_2,279,279,3259
3262,7,3500001,0,user_2,279,279,3259
3263,8,3500001,0,user_2,279,279,3259
3264,9,3500001,0,user_2,279,279,3259
3265,10,3500001,0,user_4,279,279,3259
3268,11,3500001,0,user_9,279,279,3259
3269,12,3500001,0,user_9,279,279,3259
3259,13,3500000,959000,user_1,279,279,
3273,14,3500000,0,user_16,279,279,
3281,15,3500000,35600,user_26,279,279,
3260,16,3499999,0,user_1,279,279,3259
3266,17,3499999,0,user_6,279,279,3259
3267,18,3499999,0,user_8,279,279,3259
3270,19,3499999,0,user_11,279,279,3259
3272,20,3499999,0,user_13,279,279,3259
3296,21,3200000,0,user_34,279,279,
3308,22,2600000,32900,user_45,279,279,
3300,23,2100000,0,user_37,279,279,
3290,24,2000000,30200,user_29,279,279,
3309,25,1900000,0,user_46,279,279,
3297,26,1500000,0,user_35,279,279,
3310,27,910000,0,user_47,279,279,
3286,28,460000,15100,user_28,279,279,
3298,29,460000,0,user_36,279,279,
3278,30,370000,0,user_23,279,279,
3256,31,310000,0,user_0,279,279,
3299,32,260000,0,user_36,279,279,
3282,33,220000,369000,user_27,279,279,
3291,34,220000,0,user_29,279,279,
3306,35,170000,0,user_43,279,279,
3313,36,170000,0,user_49,279,279,
3257,37,160000,0,user_1,279,279,
3295,38,150000,0,user_33,279,279,
3287,39,100000,0,user_28,279,279,
3307,40,100000,0,user_44,279,279,
3258,41,98000,0,user_1,279,279,
3305,42,98000,0,user_42,279,279,
3285,43,87000,100000,user_28,279,279,
3301,44,84000,108000,user_37,279,279,
3277,45,80000,100000,user_22,279,279,
3288,46,80000,0,user_29,279,279,
3276,47,79000,410000,user_22,279,279,
3275,48,73000,0,user_21,279,279,
3342,0,27000000,0,user_27,280,280,
3340,1,5000000,0,user_24,280,280,
3353,2,5000000,0,user_42,280,280,
3343,3,3600000,15700,user_28,280,280,
3346,4,2600000,0,user_31,280,280,
3332,5,2100000,0,user_16,280,280,
3348,6,2000000,0,user_32,280,280,
3334,7,1400000,0,user_17,280,280,
3337,8,1400000,0,user_21,280,280,
3351,9,1400000,0,user_37,280,280,
3333,10,1000000,0,user_17,280,280,
3336,11,1000000,0,user_19,280,280,
3341,12,650000,0,user_25,280,280,
3344,13,650000,0,user_29,280,280,
3349,14,360000,0,user_33,280,280,
3345,15,310000,0,user_30,280,280,
3347,16,310000,0,user_31,280,280,
3354,17,310000,0,user_44,280,280,
3338,18,170000,0,user_22,280,280,
3339,19,170000,0,user_23,280,280,
3315,20,150001,0,user_2,280,280,3314
3317,21,150001,0,user_3,280,280,3314
3320,22,150001,0,user_3,280,280,3314
3322,23,150001,0,user_5,280,280,3314
3324,24,150001,0,user_6,280,280,3314
3325,25,150001,0,user_7,280,280,3314
3326,26,150001,0,user_8,280,280,3314
3328,27,150001,0,user_10,280,280,3314
3329,28,150001,0,user_12,280,280,3314
3314,29,150000,75000,user_0,280,280,
3355,30,150000,0,user_46,280,280,
3316,31,149999,0,user_2,280,280,3314
3318,32,149999,0,user_3,280,280,3314
3319,33,149999,0,user_3,280,280,3314
3321,34,149999,0,user_3,280,280,3314
3323,35,149999,0,user_6,280,280,3314
3330,36,149999,0,user_14,280,280,3314
3331,37,149999,0,user_15,280,280,3314
3335,38,98000,0,user_18,280,280,
3400,0,30000000,0,user_46,281,281,
3375,1,5000000,0,user_16,281,281,
3392,2,3200000,18600,user_38,281,281,
3357,3,2600001,0,user_1,281,281,3356
3360,4,2600001,0,user_3,281,281,3356
3363,5,2600001,0,user_8,281,281,3356
3364,6,2600001,0,user_8,281,281,3356
3365,7,2600001,0,user_8,281,281,3356
3371,8,2600001,0,user_13,281,281,3356
3372,9,2600001,0,user_13,281,281,3356
3373,10,2600001,0,user_14,281,281,3356
3374,11,2600001,0,user_15,281,281,3356
3356,12,2600000,68100,user_0,281,281,
3358,13,2599999,0,user_2,281,281,3356
3359,14,2599999,0,user_3,281,281,3356
3361,15,2599999,0,user_4,281,281,3356
3362,16,2599999,0,user_4,281,281,3356
3366,17,2599999,0,user_9,281,281,3356
3367,18,2599999,0,user_9,281,281,3356
3368,19,2599999,0,user_10,281,281,3356
3369,20,2599999,0,user_10,281,281,3356
3390,21,1900000,215000,user_36,281,281,
3388,22,1800000,0,user_35,281,281,
3380,23,1700000,0,user_22,281,281,
3397,24,1700000,0,user_43,281,281,
3377,25,1400000,0,user_17,281,281,
3385,26,1000000,0,user_31,281,281,
3396,27,870000,73100,user_42,281,281,
3398,28,600000,0,user_44,281,281,
3399,29,600000,0,user_46,281,281,
3395,30,350000,0,user_41,281,281,
3384,31,340000,0,user_30,281,281,
3387,32,300000,0,user_33,281,281,
3389,33,260000,594000,user_35,281,281,
3379,34,160000,0,user_21,281,281,
3381,35,120000,0,user_23,281,281,
3376,36,87000,0,user_17,281,281,
3383,37,87000,0,user_29,281,281,
3391,38,87000,0,user_36,281,281,
3401,39,80000,0,user_47,281,281,
3450,0,43000000,128000,user_42,282,282,
3454,1,19000000,164000,user_49,282,282,
3431,2,6300000,14200,user_28,282,282,
3434,3,6300000,35600,user_28,282,282,
3437,4,5000000,0,user_29,282,282,
3408,5,2500000,0,user_4,282,282,
3451,6,2400000,121000,user_44,282,282,
3439,7,2100000,0,user_29,282,282,
3405,8,2000000,0,user_2,282,282,
3429,9,2000000,0,user_25,282,282,
3445,10,2000000,0,user_36,282,282,
3428,11,1900000,0,user_25,282,282,
3440,12,1600000,0,user_30,282,282,
3426,13,1400000,0,user_22,282,282,
3453,14,1400000,75000,user_48,282,282,
3427,15,1300000,4320000,user_25,282,282,
3442,16,1000000,0,user_31,282,282,
3422,17,970000,35100,user_18,282,282,
3446,18,670000,0,user_37,282,282,
3436,19,660000,0,user_29,282,282,
3447,20,660000,73100,user_37,282,282,
3412,21,630001,0,user_6,282,282,3410
3415,22,630001,0,user_9,282,282,3410
3420,23,630001,0,user_15,282,282,3410
3410,24,630000,12300,user_5,282,282,
3411,25,629999,0,user_6,282,282,3410
3413,26,629999,0,user_6,282,282,3410
3414,27,629999,0,user_7,282,282,3410
3416,28,629999,0,user_10,282,282,3410
3417,29,629999,0,user_11,282,282,3410
3418,30,629999,0,user_12,282,282,3410
3419,31,629999,0,user_14,282,282,3410
3424,32,530000,0,user_20,282,282,
3435,33,370000,0,user_29,282,282,
3441,34,350000,13900,user_31,282,282,
3421,35,190000,0,user_16,282,282,
3406,36,170000,0,user_3,282,282,
3444,37,160000,0,user_35,282,282,
3409,38,150000,0,user_5,282,282,
3423,39,130000,0,user_19,282,282,
3407,40,120000,0,user_4,282,282,
3430,41,120000,121000,user_26,282,282,
3425,42,98000,0,user_22,282,282,
3438,43,98000,0,user_29,282,282,
3433,44,87000,0,user_28,282,282,
3449,45,85000,0,user_40,282,282,
3448,46,82000,64600,user_38,282,282,
3432,47,79000,64600,user_28,282,282,
3487,0,30000000,0,user_34,283,283,
3455,1,2000000,0,user_0,283,283,
3489,2,2000000,0,user_37,283,283,
3475,3,1800000,0,user_21,283,283,
3473,4,1600000,545000,user_19,283,283,
3471,5,1300000,34700,user_16,283,283,
3486,6,1100000,0,user_34,283,283,
3474,7,970000,0,user_21,283,283,
3491,8,670000,17700000,user_37,283,283,
3490,9,460000,0,user_37,283,283,
3476,10,360000,17000,user_22,283,283,
3482,11,360000,0,user_31,283,283,
3498,12,350000,0,user_44,283,283,
3458,13,310001,0,user_1,283,283,3456
3460,14,310001,0,user_2,283,283,3456
3464,15,310001,0,user_8,283,283,3456
3465,16,310001,0,user_8,283,283,3456
3466,17,310001,0,user_10,283,283,3456
3469,18,310001,0,user_14,283,283,3456
3456,19,310000,7840,user_0,283,283,
3457,20,309999,0,user_0,283,283,3456
3459,21,309999,0,user_2,283,283,3456
3461,22,309999,0,user_3,283,283,3456
3462,23,309999,0,user_3,283,283,3456
3463,24,309999,0,user_4,283,283,3456
3468,25,309999,0,user_12,283,283,3456
3470,26,309999,0,user_15,283,283,3456
3485,27,170000,0,user_34,283,283,
3472,28,160000,0,user_18,283,283,
3479,29,150000,0,user_25,283,283,
3480,30,120000,0,user_26,283,283,
3502,31,120000,17700000,user_49,283,283,
3481,32,110000,0,user_27,283,283,
3503,33,110000,0,user_49,283,283,
3483,34,100000,0,user_32,283,283,
3477,35,87000,7840,user_22,283,283,
3499,36,87000,34700,user_47,283,283,
3478,37,85000,0,user_24,283,283,
3497,38,83000,0,user_43,283,283,
3484,39,79000,0,user_33,283,283,
3500,40,77000,0,user_48,283,283,
3501,41,73000,0,user_49,283,283,
3534,0,30000000,0,user_30,284,284,
3531,1,2300000,0,user_21,284,284,
3536,2,2300000,0,user_34,284,284,
3519,3,2100000,0,user_16,284,284,
3540,4,2000000,5640,user_42,284,284,
3506,5,1900000,0,user_1,284,284,
3508,6,1800001,0,user_6,284,284,3507
3509,7,1800001,0,user_6,284,284,3507
3512,8,1800001,0,user_11,284,284,3507
3515,9,1800001,0,user_13,284,284,3507
3516,10,1800001,0,user_14,284,284,3507
3517,11,1800001,0,user_15,284,284,3507
3507,12,1800000,6390,user_4,284,284,
3510,13,1799999,0,user_7,284,284,3507
3513,14,1799999,0,user_11,284,284,3507
3514,15,1799999,0,user_12,284,284,3507
3526,16,1700000,12800,user_18,284,284,
3532,17,1600000,0,user_21,284,284,
3504,18,1500000,0,user_1,284,284,
3521,19,1500000,0,user_17,284,284,
3530,20,1500000,7840,user_21,284,284,
3524,21,1400000,0,user_17,284,284,
3541,22,1400000,35100,user_43,284,284,
3537,23,1100000,0,user_36,284,284,
3518,24,1000000,15700,user_16,284,284,
3543,25,1000000,0,user_43,284,284,
3547,26,1000000,0,user_45,284,284,
3542,27,660000,0,user_43,284,284,
3529,28,460000,0,user_21,284,284,
3533,29,460000,0,user_22,284,284,
3505,30,370000,0,user_1,284,284,
3535,31,300000,0,user_31,284,284,
3549,32,240000,0,user_48,284,284,
3523,33,220000,0,user_17,284,284,
3527,34,220000,181000,user_19,284,284,
3544,35,220000,10700,user_44,284,284,
3520,36,190000,0,user_17,284,284,
3538,37,130000,0,user_38,284,284,
3525,38,120000,43600,user_18,284,284,
3546,39,120000,0,user_45,284,284,
3522,40,110000,0,user_17,284,284,
3548,41,100000,0,user_47,284,284,
3528,42,87000,0,user_20,284,284,
3545,43,87000,1100000,user_44,284,284,
3573,0,43000000,0,user_26,285,285,
3575,1,43000000,0,user_29,285,285,
3583,2,19000000,0,user_41,285,285,
3587,3,19000000,0,user_46,285,285,
3574,4,6300000,0,user_27,285,285,
3577,5,5000000,0,user_37,285,285,
3585,6,3200000,0,user_43,285,285,
3572,7,2400000,32900,user_24,285,285,
3588,8,2100000,71800,user_46,285,285,
3554,9,2000001,0,user_5,285,285,3553
3558,10,2000001,0,user_11,285,285,3553
3560,11,2000001,0,user_14,285,285,3553
3561,12,2000001,0,user_14,285,285,3553
3562,13,2000001,0,user_14,285,285,3553
3552,14,2000000,0,user_2,285,285,
3553,15,2000000,24700,user_4,285,285,
3556,16,1999999,0,user_10,285,285,3553
3557,17,1999999,0,user_10,285,285,3553
3559,18,1999999,0,user_14,285,285,3553
3563,19,1900000,17000,user_18,285,285,
3581,20,1900000,0,user_39,285,285,
3584,21,1800000,779000,user_42,285,285,
3565,22,1700000,0,user_19,285,285,
3570,23,1500000,0,user_23,285,285,
3579,24,660000,0,user_38,285,285,
3592,25,630000,0,user_47,285,285,
3580,26,530000,68100,user_38,285,285,
3567,27,470000,15700,user_19,285,285,
3576,28,460000,0,user_36,285,285,
3551,29,310000,0,user_0,285,285,
3550,30,300000,0,user_0,285,285,
3571,31,240000,0,user_24,285,285,
3568,32,170000,84800,user_21,285,285,
3589,33,170000,0,user_46,285,285,
3564,34,160000,0,user_18,285,285,
3586,35,150000,0,user_46,285,285,
3590,36,150000,0,user_46,285,285,
3594,37,130000,0,user_49,285,285,
3569,38,120000,545000,user_22,285,285,
3593,39,120000,0,user_49,285,285,
3566,40,110000,0,user_19,285,285,
3591,41,87000,17000,user_47,285,285,
3578,42,85000,0,user_38,285,285,
3624,0,27000000,322000,user_32,286,286,
3643,1,27000000,0,user_46,286,286,
3628,2,6300000,0,user_34,286,286,
3616,3,6100000,24700,user_21,286,286,
3595,4,5000000,0,user_0,286,286,
3615,5,5000000,0,user_20,286,286,
3629,6,4500000,0,user_36,286,286,
3634,7,3600000,594000,user_42,286,286,
3603,8,2500000,0,user_7,286,286,
3619,9,2300000,0,user_28,286,286,
3598,10,2000000,0,user_3,286,286,
3599,11,2000000,0,user_4,286,286,
3613,12,1500000,0,user_19,286,286,
3601,13,1400000,0,user_5,286,286,
3625,14,1400000,0,user_32,286,286,
3612,15,1100000,0,user_17,286,286,
3630,16,1100000,0,user_37,286,286,
3641,17,1100000,0,user_46,286,286,
3626,18,910000,67500,user_33,286,286,
3636,19,910000,0,user_44,286,286,
3622,20,630000,0,user_30,286,286,
3637,21,530000,0,user_44,286,286,
3621,22,420000,769000,user_30,286,286,
3645,23,360000,0,user_48,286,286,
3642,24,340000,0,user_46,286,286,
3602,25,320000,0,user_6,286,286,
3597,26,300000,0,user_2,286,286,
3635,27,240000,0,user_43,286,286,
3644,28,240000,0,user_47,286,286,
3631,29,220000,0,user_38,286,286,
3618,30,190000,0,user_26,286,286,
3620,31,170000,0,user_29,286,286,
3633,32,150000,0,user_41,286,286,
3638,33,150000,0,user_44,286,286,
3639,34,130000,0,user_44,286,286,
3608,35,120001,0,user_15,286,286,3604
3611,36,120001,0,user_15,286,286,3604
3606,37,119999,0,user_11,286,286,3604
3607,38,119999,0,user_12,286,286,3604
3609,39,119999,0,user_15,286,286,3604
3610,40,119999,0,user_15,286,286,3604
3600,41,110000,0,user_5,286,286,
3614,42,110000,0,user_19,286,286,
3623,43,85000,5180,user_32,286,286,
3640,44,83000,13900,user_44,286,286,
3596,45,80000,0,user_1,286,286,
3627,46,79000,18600,user_34,286,286,
3646,47,77000,0,user_48,286,286,
3617,48,73000,0,user_21,286,286,
3689,0,27000000,10700,user_40,287,287,
3686,1,19000000,0,user_37,287,287,
3673,2,3600000,0,user_25,287,287,
3649,3,2300000,0,user_2,287,287,
3671,4,2100000,0,user_20,287,287,
3660,5,1900000,0,user_8,287,287,
3659,6,1600000,0,user_8,287,287,
3672,7,1500000,0,user_24,287,287,
3675,8,1500000,0,user_27,287,287,
3684,9,1000000,0,user_34,287,287,
3663,10,910000,0,user_11,287,287,
3676,11,650000,0,user_28,287,287,
3658,12,630000,0,user_8,287,287,
3662,13,630000,0,user_10,287,287,
3680,14,600000,0,user_32,287,287,
3677,15,470000,0,user_29,287,287,
3651,16,460000,0,user_4,287,287,
3669,17,460000,0,user_20,287,287,
3679,18,420000,0,user_31,287,287,
3685,19,420000,0,user_36,287,287,
3661,20,370000,0,user_9,287,287,
3653,21,350000,0,user_5,287,287,
3693,22,350000,0,user_45,287,287,
3666,23,320000,0,user_15,287,287,
3678,24,320000,0,user_29,287,287,
3665,25,310000,0,user_15,287,287,
3691,26,300000,33100,user_42,287,287,
3655,27,220000,0,user_6,287,287,
3674,28,170000,34700,user_25,287,287,
3687,29,170000,14200,user_38,287,287,
3654,30,160000,0,user_6,287,287,
3657,31,150000,0,user_8,287,287,
3688,32,150000,0,user_38,287,287,
3647,33,120000,0,user_0,287,287,
3656,34,120000,0,user_8,287,287,
3670,35,120000,0,user_20,287,287,
3664,36,110000,0,user_12,287,287,
3652,37,100000,0,user_4,287,287,
3667,38,85000,0,user_16,287,287,
3668,39,73000,0,user_19,287,287,
3681,40,73000,0,user_32,287,287,
1871,0,19000000,0,user_39,288,288,
1855,1,6100000,0,user_18,288,288,
1863,2,4500000,0,user_29,288,288,
1880,3,4500000,0,user_46,288,288,
1837,4,4200000,0,user_3,288,288,
1879,5,3500000,0,user_45,288,288,
1853,6,2400000,0,user_17,288,288,
1877,7,2000000,0,user_45,288,288,
1878,8,2000000,43600,user_45,288,288,
1884,9,2000000,5630,user_48,288,288,
1870,10,1700000,0,user_38,288,288,
1869,11,1600000,0,user_37,288,288,
1852,12,1500000,56200,user_16,288,288,
1854,13,1500000,0,user_18,288,288,
1875,14,1400000,0,user_45,288,288,
1881,15,1400000,0,user_47,288,288,
1832,16,1200000,0,user_0,288,288,
1833,17,1100000,0,user_1,288,288,
1856,18,1100000,0,user_18,288,288,
1868,19,1100000,13800,user_36,288,288,
1851,20,970000,0,user_16,288,288,
1838,21,910000,0,user_5,288,288,
1882,22,910000,0,user_47,288,288,
1842,23,630001,0,user_11,288,288,1839
1843,24,630001,0,user_13,288,288,1839
1845,25,630001,0,user_14,288,288,1839
1849,26,630001,0,user_15,288,288,1839
1839,27,630000,285000,user_7,288,288,
1840,28,629999,0,user_7,288,288,1839
1841,29,629999,0,user_10,288,288,1839
1844,30,629999,0,user_13,288,288,1839
1846,31,629999,0,user_15,288,288,1839
1847,32,629999,0,user_15,288,288,1839
1848,33,629999,0,user_15,288,288,1839
1850,34,629999,0,user_15,288,288,1839
1836,35,460000,0,user_3,288,288,
1864,36,460000,0,user_30,288,288,
1865,37,460000,21800,user_33,288,288,
1835,38,360000,0,user_2,288,288,
1866,39,350000,13900,user_34,288,288,
1876,40,350000,0,user_45,288,288,
1883,41,240000,0,user_48,288,288,
1858,42,220000,17000,user_23,288,288,
1859,43,170000,0,user_26,288,288,
1861,44,160000,0,user_28,288,288,
1834,45,150000,0,user_1,288,288,
1872,46,110000,0,user_41,288,288,
1862,47,84000,0,user_29,288,288,
1860,48,82000,0,user_26,288,288,
1873,49,80000,0,user_43,288,288,
1874,50,80000,0,user_44,288,288,
1857,51,70000,0,user_19,288,288,
1932,0,43000000,0,user_42,289,289,
1903,1,27000000,17000,user_19,289,289,
1924,2,27000000,0,user_33,289,289,
1907,3,6300000,0,user_24,289,289,
1926,4,5000000,0,user_35,289,289,
1905,5,4500000,0,user_23,289,289,
1936,6,3600000,0,user_44,289,289,
1913,7,2600000,0,user_28,289,289,
1920,8,2500000,12800,user_30,289,289,
1901,9,2100000,0,user_17,289,289,
1908,10,2000000,0,user_24,289,289,
1909,11,1800000,0,user_25,289,289,
1922,12,1800000,0,user_31,289,289,
1911,13,1600000,0,user_25,289,289,
1918,14,1600000,769000,user_30,289,289,
1917,15,1400000,16400,user_29,289,289,
1925,16,1300000,18600,user_35,289,289,
1931,17,1000000,0,user_42,289,289,
1933,18,1000000,17000,user_42,289,289,
1902,19,970000,0,user_19,289,289,
1912,20,910000,0,user_25,289,289,
1910,21,660000,0,user_25,289,289,
1927,22,660000,0,user_37,289,289,
1919,23,650000,0,user_30,289,289,
1934,24,530000,0,user_42,289,289,
1914,25,310000,0,user_28,289,289,
1939,26,310000,0,user_48,289,289,
1915,27,260000,0,user_28,289,289,
1921,28,220000,0,user_30,289,289,
1940,29,220000,64600,user_49,289,289,
1929,30,170000,0,user_38,289,289,
1888,31,160001,0,user_4,289,289,1887
1890,32,160001,0,user_7,289,289,1887
1891,33,160001,0,user_7,289,289,1887
1893,34,160001,0,user_9,289,289,1887
1894,35,160001,0,user_9,289,289,1887
1897,36,160001,0,user_11,289,289,1887
1898,37,160001,0,user_12,289,289,1887
1899,38,160001,0,user_14,289,289,1887
1900,39,160001,0,user_15,289,289,1887
1887,40,160000,231000,user_2,289,289,
1906,41,160000,0,user_24,289,289,
1889,42,159999,0,user_5,289,289,1887
1892,43,159999,0,user_8,289,289,1887
1895,44,159999,0,user_10,289,289,1887
1896,45,159999,0,user_11,289,289,1887
1916,46,150000,0,user_28,289,289,
1928,47,120000,0,user_38,289,289,
1904,48,98000,0,user_21,289,289,
1930,49,87000,0,user_41,289,289,
1935,50,87000,0,user_42,289,289,
1937,51,77000,0,user_44,289,289,
1984,0,27000000,12300,user_35,290,290,
1987,1,27000000,0,user_40,290,290,
1976,2,19000000,0,user_25,290,290,
1991,3,19000000,36800,user_44,290,290,
1974,4,6300000,0,user_22,290,290,
1972,5,6100000,33300,user_21,290,290,
1995,6,2600000,17000,user_45,290,290,
1981,7,2500000,0,user_30,290,290,
1970,8,2400000,0,user_18,290,290,
1942,9,2300000,0,user_0,290,290,
1983,10,2000000,0,user_35,290,290,
1985,11,2000000,4320000,user_36,290,290,
1989,12,2000000,0,user_43,290,290,
1969,13,1900000,0,user_16,290,290,
1978,14,1300000,0,user_28,290,290,
1990,15,1000000,0,user_43,290,290,
1992,16,670000,164000,user_45,290,290,
1993,17,670000,381000,user_45,290,290,
1979,18,600000,0,user_28,290,290,
1988,19,600000,0,user_41,290,290,
1941,20,310000,0,user_0,290,290,
1994,21,300000,0,user_45,290,290,
1998,22,300000,0,user_48,290,290,
1996,23,170000,0,user_46,290,290,
1986,24,150000,0,user_37,290,290,
2000,25,150000,0,user_49,290,290,
1980,26,110000,0,user_29,290,290,
1944,27,87001,0,user_2,290,290,1943
1945,28,87001,0,user_4,290,290,1943
1946,29,87001,0,user_6,290,290,1943
1954,30,87001,0,user_11,290,290,1943
1963,31,87001,0,user_14,290,290,1943
1964,32,87001,0,user_14,290,290,1943
1967,33,87001,0,user_14,290,290,1943
1968,34,87001,0,user_15,290,290,1943
1943,35,87000,15700,user_1,290,290,
1951,36,86999,0,user_10,290,290,1943
1952,37,86999,0,user_11,290,290,1943
1953,38,86999,0,user_11,290,290,1943
1955,39,86999,0,user_11,290,290,1943
1956,40,86999,0,user_11,290,290,1943
1965,41,86999,0,user_14,290,290,1943
1966,42,86999,0,user_14,290,290,1943
1999,43,77000,0,user_48,290,290,
1973,44,73000,0,user_22,290,290,
2014,0,19000000,0,user_19,291,291,
2027,1,6300000,0,user_36,291,291,
2029,2,5200000,0,user_37,291,291,
2026,3,5000000,128000,user_34,291,291,
2022,4,4200000,108000,user_28,291,291,
2024,5,4200000,0,user_31,291,291,
2039,6,2600000,0,user_47,291,291,
2015,7,2500000,8520,user_21,291,291,
2030,8,2500000,0,user_39,291,291,
2011,9,2400000,73100,user_17,291,291,
2023,10,2400000,0,user_29,291,291,
2035,11,1800000,0,user_42,291,291,
2018,12,1600000,0,user_23,291,291,
2021,13,1600000,0,user_26,291,291,
2038,14,1500000,4320000,user_45,291,291,
2020,15,1100000,0,user_26,291,291,
2034,16,1000000,0,user_42,291,291,
2032,17,910000,0,user_41,291,291,
2012,18,870000,0,user_17,291,291,
2028,19,460000,0,user_36,291,291,
2040,20,360000,0,user_48,291,291,
2043,21,340000,0,user_49,291,291,
2013,22,320000,0,user_18,291,291,
2033,23,300000,0,user_42,291,291,
2025,24,170000,0,user_33,291,291,
2037,25,170000,0,user_44,291,291,
2017,26,160000,0,user_22,291,291,
2019,27,150000,0,user_24,291,291,
2036,28,150000,0,user_42,291,291,
2042,29,150000,0,user_48,291,291,
2016,30,120000,15100,user_22,291,291,
2041,31,120000,0,user_48,291,291,
2002,32,83001,0,user_5,291,291,2001
2004,33,83001,0,user_6,291,291,2001
2006,34,83001,0,user_10,291,291,2001
2009,35,83001,0,user_12,291,291,2001
2010,36,83001,0,user_14,291,291,2001
2001,37,83000,231000,user_3,291,291,
2003,38,82999,0,user_5,291,291,2001
2007,39,82999,0,user_11,291,291,2001
2008,40,82999,0,user_11,291,291,2001
2059,0,43000000,0,user_16,292,292,
2088,1,6100000,381000,user_40,292,292,
2083,2,5000000,0,user_37,292,292,
2094,3,5000000,0,user_46,292,292,
2090,4,2300000,0,user_42,292,292,
2095,5,2000000,0,user_47,292,292,
2084,6,1900000,0,user_37,292,292,
2067,7,1700000,14200,user_19,292,292,
2062,8,1600000,0,user_16,292,292,
2070,9,1500000,0,user_22,292,292,
2077,10,1500000,6390,user_28,292,292,
2044,11,1100000,0,user_1,292,292,
2079,12,1100000,0,user_32,292,292,
2064,13,970000,0,user_17,292,292,
2063,14,670000,0,user_17,292,292,
2078,15,670000,19700,user_28,292,292,
2047,16,660001,0,user_2,292,292,2046
2049,17,660001,0,user_3,292,292,2046
2050,18,660001,0,user_4,292,292,2046
2051,19,660001,0,user_6,292,292,2046
2052,20,660001,0,user_6,292,292,2046
2054,21,660001,0,user_9,292,292,2046
2057,22,660001,0,user_11,292,292,2046
2058,23,660001,0,user_13,292,292,2046
2046,24,660000,11200,user_2,292,292,
2066,25,660000,0,user_19,292,292,
2091,26,660000,0,user_43,292,292,
2048,27,659999,0,user_2,292,292,2046
2053,28,659999,0,user_8,292,292,2046
2056,29,659999,0,user_11,292,292,2046
2045,30,370000,0,user_2,292,292,
2082,31,360000,0,user_35,292,292,
2060,32,320000,0,user_16,292,292,
2089,33,310000,0,user_42,292,292,
2080,34,260000,0,user_33,292,292,
2081,35,220000,959000,user_35,292,292,
2092,36,170000,0,user_45,292,292,
2065,37,150000,0,user_18,292,292,
2068,38,120000,0,user_21,292,292,
2085,39,87000,0,user_38,292,292,
2061,40,80000,0,user_16,292,292,
2069,41,80000,0,user_21,292,292,
2093,42,70000,30200,user_46,292,292,
2098,0,27000000,0,user_1,293,293,
2118,1,27000000,100000,user_18,293,293,
2125,2,27000000,0,user_26,293,293,
2121,3,19000000,0,user_19,293,293,
2130,4,5000000,164000,user_31,293,293,
2101,5,4500000,0,user_7,293,293,
2122,6,3600000,0,user_23,293,293,
2097,7,2400000,0,user_0,293,293,
2124,8,2000000,0,user_25,293,293,
2143,9,1600000,0,user_47,293,293,
2137,10,1500000,0,user_40,293,293,
2117,11,1400000,0,user_18,293,293,
2142,12,530000,73100,user_45,293,293,
2104,13,420001,0,user_9,293,293,2103
2105,14,420001,0,user_9,293,293,2103
2106,15,420001,0,user_9,293,293,2103
2109,16,420001,0,user_11,293,293,2103
2113,17,420001,0,user_11,293,293,2103
2114,18,420001,0,user_12,293,293,2103
2103,19,420000,164000,user_9,293,293,
2126,20,420000,0,user_27,293,293,
2107,21,419999,0,user_9,293,293,2103
2108,22,419999,0,user_10,293,293,2103
2110,23,419999,0,user_11,293,293,2103
2111,24,419999,0,user_11,293,293,2103
2112,25,419999,0,user_11,293,293,2103
2115,26,419999,0,user_13,293,293,2103
2102,27,310000,0,user_8,293,293,
2129,28,310000,0,user_30,293,293,
2099,29,300000,0,user_2,293,293,
2135,30,300000,42000,user_39,293,293,
2136,31,260000,0,user_40,293,293,
2141,32,190000,0,user_45,293,293,
2123,33,160000,0,user_24,293,293,
2116,34,120000,0,user_17,293,293,
2119,35,110000,0,user_18,293,293,
2138,36,110000,0,user_41,293,293,
2131,37,100000,0,user_33,293,293,
2128,38,84000,0,user_29,293,293,
2120,39,83000,0,user_18,293,293,
2134,40,79000,0,user_38,293,293,
2132,41,77000,0,user_35,293,293,
2174,0,43000000,0,user_26,294,294,
2186,1,43000000,0,user_37,294,294,
2162,2,27000000,0,user_16,294,294,
2187,3,27000000,1100000,user_37,294,294,
2151,4,3500000,0,user_7,294,294,
2148,5,2500000,0,user_5,294,294,
2167,6,2500000,14200,user_18,294,294,
2181,7,2000000,0,user_33,294,294,
2172,8,1900000,0,user_25,294,294,
2153,9,1800000,0,user_9,294,294,
2190,10,1800000,0,user_39,294,294,
2146,11,1600000,0,user_3,294,294,
2189,12,1400000,195000,user_38,294,294,
2203,13,1400000,0,user_48,294,294,
2173,14,1100000,0,user_26,294,294,
2171,15,1000000,0,user_24,294,294,
2175,16,1000000,0,user_26,294,294,
2150,17,600000,0,user_6,294,294,
2197,18,470000,13800,user_42,294,294,
2178,19,350000,0,user_29,294,294,
2191,20,340000,0,user_40,294,294,
2198,21,300000,0,user_43,294,294,
2157,22,260001,0,user_12,294,294,2155
2158,23,260001,0,user_12,294,294,2155
2155,24,260000,33100,user_10,294,294,
2156,25,259999,0,user_11,294,294,2155
2159,26,259999,0,user_12,294,294,2155
2160,27,259999,0,user_14,294,294,2155
2161,28,259999,0,user_15,294,294,2155
2192,29,240000,0,user_40,294,294,
2166,30,220000,0,user_18,294,294,
2168,31,220000,0,user_18,294,294,
2179,32,220000,0,user_30,294,294,
2183,33,220000,0,user_35,294,294,
2188,34,220000,0,user_37,294,294,
2154,35,190000,0,user_10,294,294,
2177,36,190000,0,user_26,294,294,
2185,37,170000,0,user_36,294,294,
2163,38,160000,0,user_17,294,294,
2196,39,160000,0,user_42,294,294,
2176,40,150000,0,user_26,294,294,
2204,41,150000,30200,user_49,294,294,
2147,42,120000,0,user_4,294,294,
2164,43,120000,0,user_17,294,294,
2184,44,120000,0,user_36,294,294,
2149,45,110000,0,user_6,294,294,
2152,46,110000,0,user_8,294,294,
2170,47,110000,0,user_23,294,294,
2180,48,100000,0,user_31,294,294,
2194,49,100000,0,user_40,294,294,
2199,50,100000,0,user_44,294,294,
2169,51,98000,0,user_20,294,294,
2165,52,85000,0,user_18,294,294,
2193,53,80000,0,user_40,294,294,
2195,54,79000,0,user_41,294,294,
2248,0,27000000,5630,user_31,295,295,
2256,1,19000000,0,user_36,295,295,
2224,2,4500000,0,user_18,295,295,
2233,3,3600000,0,user_23,295,295,
2250,4,3600000,73100,user_32,295,295,
2269,5,3500000,0,user_48,295,295,
2232,6,2600000,0,user_23,295,295,
2238,7,2000000,959000,user_28,295,295,
2247,8,2000000,19700,user_30,295,295,
2223,9,1500000,0,user_17,295,295,
2211,10,970001,0,user_4,295,295,2209
2212,11,970001,0,user_5,295,295,2209
2217,12,970001,0,user_10,295,295,2209
2219,13,970001,0,user_13,295,295,2209
2209,14,970000,285000,user_1,295,295,
2210,15,969999,0,user_3,295,295,2209
2213,16,969999,0,user_6,295,295,2209
2214,17,969999,0,user_7,295,295,2209
2218,18,969999,0,user_12,295,295,2209
2220,19,969999,0,user_14,295,295,2209
2221,20,969999,0,user_15,295,295,2209
2261,21,910000,0,user_38,295,295,
2260,22,670000,0,user_38,295,295,
2270,23,670000,0,user_49,295,295,
2263,24,660000,164000,user_43,295,295,
2268,25,650000,0,user_48,295,295,
2228,26,600000,0,user_18,295,295,
2266,27,530000,0,user_47,295,295,
2234,28,470000,350000,user_24,295,295,
2246,29,460000,46500,user_29,295,295,
2253,30,460000,0,user_36,295,295,
2255,31,360000,0,user_36,295,295,
2227,32,350000,0,user_18,295,295,
2267,33,320000,0,user_47,295,295,
2208,34,310000,0,user_1,295,295,
2229,35,300000,0,user_19,295,295,
2237,36,300000,0,user_28,295,295,
2257,37,260000,0,user_38,295,295,
2262,38,260000,34700,user_42,295,295,
2265,39,260000,0,user_45,295,295,
2235,40,220000,33300,user_24,295,295,
2258,41,220000,510000,user_38,295,295,
2259,42,220000,47700,user_38,295,295,
2225,43,190000,0,user_18,295,295,
2226,44,170000,0,user_18,295,295,
2207,45,150000,0,user_1,295,295,
2222,46,150000,146000,user_16,295,295,
2231,47,150000,0,user_21,295,295,
2244,48,130000,0,user_29,295,295,
2206,49,120000,0,user_1,295,295,
2230,50,120000,0,user_20,295,295,
2239,51,120000,0,user_28,295,295,
2240,52,120000,0,user_28,295,295,
2249,53,120000,0,user_32,295,295,
2242,54,110000,15700,user_29,295,295,
2245,55,100000,0,user_29,295,295,
2254,56,98000,0,user_36,295,295,
2205,57,87000,0,user_1,295,295,
2243,58,84000,0,user_29,295,295,
2241,59,83000,0,user_28,295,295,
2264,60,83000,296000,user_44,295,295,
2236,61,82000,0,user_26,295,295,
2298,0,43000000,0,user_27,296,296,
2294,1,19000000,0,user_21,296,296,
2295,2,19000000,0,user_22,296,296,
2304,3,5200000,0,user_33,296,296,
2272,4,4200001,0,user_1,296,296,2271
2273,5,4200001,0,user_2,296,296,2271
2276,6,4200001,0,user_6,296,296,2271
2281,7,4200001,0,user_9,296,296,2271
2286,8,4200001,0,user_12,296,296,2271
2289,9,4200001,0,user_15,296,296,2271
2271,10,4200000,12800,user_0,296,296,
2275,11,4199999,0,user_6,296,296,2271
2277,12,4199999,0,user_7,296,296,2271
2278,13,4199999,0,user_7,296,296,2271
2279,14,4199999,0,user_8,296,296,2271
2280,15,4199999,0,user_8,296,296,2271
2282,16,4199999,0,user_9,296,296,2271
2283,17,4199999,0,user_10,296,296,2271
2284,18,4199999,0,user_10,296,296,2271
2285,19,4199999,0,user_11,296,296,2271
2287,20,4199999,0,user_13,296,296,2271
2288,21,4199999,0,user_14,296,296,2271
2310,22,2600000,296000,user_39,296,296,
2301,23,1700000,35600,user_30,296,296,
2312,24,1600000,0,user_39,296,296,
2311,25,1500000,0,user_39,296,296,
2292,26,1100000,0,user_18,296,296,
2317,27,910000,0,user_43,296,296,
2315,28,470000,0,user_41,296,296,
2308,29,420000,0,user_36,296,296,
2290,30,370000,0,user_16,296,296,
2302,31,370000,0,user_31,296,296,
2314,32,310000,0,user_40,296,296,
2319,33,310000,0,user_43,296,296,
2318,34,300000,0,user_43,296,296,
2300,35,220000,0,user_30,296,296,
2303,36,220000,0,user_33,296,296,
2307,37,160000,381000,user_35,296,296,
2323,38,100000,36800,user_47,296,296,
2293,39,87000,0,user_19,296,296,
2320,40,83000,0,user_43,296,296,
2313,41,80000,0,user_39,296,296,
2325,0,30000000,0,user_3,297,297,
2343,1,30000000,0,user_19,297,297,
2372,2,30000000,0,user_45,297,297,
2329,3,5200001,0,user_8,297,297,2327
2333,4,5200001,0,user_11,297,297,2327
2334,5,5200001,0,user_11,297,297,2327
2327,6,5200000,779000,user_4,297,297,
2330,7,5199999,0,user_9,297,297,2327
2331,8,5199999,0,user_10,297,297,2327
2332,9,5199999,0,user_10,297,297,2327
2335,10,5199999,0,user_12,297,297,2327
2336,11,5199999,0,user_14,297,297,2327
2352,12,5000000,0,user_27,297,297,
2363,13,4500000,146000,user_41,297,297,
2337,14,4200000,0,user_16,297,297,
2369,15,4200000,0,user_44,297,297,
2357,16,2500000,35600,user_31,297,297,
2341,17,2000000,0,user_18,297,297,
2366,18,2000000,0,user_43,297,297,
2356,19,1900000,0,user_30,297,297,
2362,20,1900000,0,user_39,297,297,
2339,21,1600000,0,user_18,297,297,
2342,22,1100000,381000,user_18,297,297,
2371,23,870000,0,user_44,297,297,
2344,24,660000,0,user_22,297,297,
2345,25,650000,0,user_23,297,297,
2338,26,630000,0,user_18,297,297,
2367,27,470000,381000,user_43,297,297,
2340,28,420000,36800,user_18,297,297,
2348,29,420000,121000,user_25,297,297,
2373,30,420000,0,user_45,297,297,
2326,31,300000,0,user_3,297,297,
2364,32,260000,0,user_42,297,297,
2355,33,240000,24700,user_30,297,297,
2358,34,220000,0,user_32,297,297,
2365,35,220000,0,user_42,297,297,
2351,36,170000,0,user_25,297,297,
2324,37,150000,0,user_1,297,297,
2359,38,150000,0,user_33,297,297,
2349,39,120000,0,user_25,297,297,
2368,40,110000,0,user_44,297,297,
2370,41,100000,0,user_44,297,297,
2350,42,87000,71800,user_25,297,297,
2354,43,82000,0,user_29,297,297,
2347,44,80000,0,user_25,297,297,
2407,0,5000000,0,user_29,298,298,
2412,1,5000000,12800,user_39,298,298,
2408,2,4500000,769000,user_30,298,298,
2396,3,2600000,0,user_16,298,298,
2417,4,2600000,0,user_42,298,298,
2398,5,2300000,10700,user_17,298,298,
2404,6,2000000,0,user_25,298,298,
2415,7,2000000,0,user_42,298,298,
2413,8,1600000,0,user_40,298,298,
2419,9,1600000,322000,user_45,298,298,
2409,10,650000,0,user_31,298,298,
2411,11,460000,0,user_35,298,298,
2400,12,370000,0,user_20,298,298,
2397,13,360000,0,user_16,298,298,
2401,14,360000,0,user_21,298,298,
2418,15,360000,161000,user_44,298,298,
2403,16,340000,60700,user_23,298,298,
2410,17,340000,0,user_34,298,298,
2423,18,310000,0,user_49,298,298,
2420,19,260000,0,user_46,298,298,
2406,20,220000,0,user_28,298,298,
2422,21,160000,0,user_49,298,298,
2402,22,150000,42000,user_22,298,298,
2414,23,130000,0,user_41,298,298,
2416,24,120000,0,user_42,298,298,
2375,25,110001,0,user_1,298,298,2374
2376,26,110001,0,user_2,298,298,2374
2377,27,110001,0,user_3,298,298,2374
2378,28,110001,0,user_4,298,298,2374
2385,29,110001,0,user_9,298,298,2374
2386,30,110001,0,user_10,298,298,2374
2387,31,110001,0,user_11,298,298,2374
2388,32,110001,0,user_11,298,298,2374
2389,33,110001,0,user_11,298,298,2374
2390,34,110001,0,user_11,298,298,2374
2391,35,110001,0,user_11,298,298,2374
2394,36,110001,0,user_14,298,298,2374
2374,37,110000,15300,user_0,298,298,
2421,38,110000,0,user_48,298,298,
2379,39,109999,0,user_5,298,298,2374
2395,40,109999,0,user_15,298,298,2374
2405,41,87000,296000,user_27,298,298,
2429,0,43000001,0,user_2,299,299,2426
2431,1,43000001,0,user_4,299,299,2426
2435,2,43000001,0,user_6,299,299,2426
2436,3,43000001,0,user_7,299,299,2426
2438,4,43000001,0,user_8,299,299,2426
2440,5,43000001,0,user_9,299,299,2426
2441,6,43000001,0,user_11,299,299,2426
2443,7,43000001,0,user_13,299,299,2426
2444,8,43000001,0,user_14,299,299,2426
2426,9,43000000,7840,user_2,299,299,
2427,10,42999999,0,user_2,299,299,2426
2428,11,42999999,0,user_2,299,299,2426
2432,12,42999999,0,user_4,299,299,2426
2433,13,42999999,0,user_6,299,299,2426
2434,14,42999999,0,user_6,299,299,2426
2437,15,42999999,0,user_7,299,299,2426
2439,16,42999999,0,user_8,299,299,2426
2442,17,42999999,0,user_12,299,299,2426
2445,18,42999999,0,user_14,299,299,2426
2446,19,42999999,0,user_15,299,299,2426
2482,20,6300000,0,user_41,299,299,
2491,21,6100000,0,user_48,299,299,
2451,22,5200000,0,user_21,299,299,
2476,23,5000000,0,user_37,299,299,
2450,24,4500000,0,user_21,299,299,
2468,25,4500000,0,user_33,299,299,
2466,26,3600000,0,user_31,299,299,
2490,27,2400000,47700,user_47,299,299,
2425,28,1400000,0,user_1,299,299,
2449,29,1400000,0,user_19,299,299,
2483,30,1400000,100000,user_41,299,299,
2474,31,1300000,0,user_36,299,299,
2477,32,1100000,0,user_37,299,299,
2448,33,1000000,0,user_18,299,299,
2447,34,970000,0,user_16,299,299,
2463,35,670000,0,user_28,299,299,
2493,36,670000,256000,user_48,299,299,
2484,37,650000,0,user_41,299,299,
2494,38,630000,0,user_48,299,299,
2462,39,530000,0,user_28,299,299,
2424,40,470000,0,user_0,299,299,
2452,41,460000,0,user_22,299,299,
2481,42,460000,0,user_41,299,299,
2480,43,320000,36800,user_41,299,299,
2461,44,310000,0,user_26,299,299,
2479,45,300000,0,user_39,299,299,
2460,46,220000,0,user_26,299,299,
2492,47,220000,0,user_48,299,299,
2488,48,160000,0,user_46,299,299,
2454,49,150000,0,user_24,299,299,
2465,50,120000,779000,user_31,299,299,
2475,51,120000,0,user_37,299,299,
2487,52,110000,5630,user_46,299,299,
2489,53,84000,0,user_46,299,299,
2495,54,70000,0,user_49,299,299,
2524,0,43000000,0,user_30,300,300,
2541,1,6300000,0,user_46,300,300,
2532,2,5000000,32900,user_37,300,300,
2540,3,4500000,0,user_45,300,300,
2539,4,2600000,0,user_44,300,300,
2496,5,2000000,0,user_0,300,300,
2515,6,2000000,0,user_22,300,300,
2538,7,2000000,42000,user_42,300,300,
2511,8,1600000,0,user_17,300,300,
2512,9,1600000,0,user_18,300,300,
2522,10,1600000,0,user_27,300,300,
2513,11,1500000,84800,user_20,300,300,
2527,12,1500000,0,user_34,300,300,
2531,13,1500000,0,user_36,300,300,
2516,14,1400000,0,user_24,300,300,
2525,15,1200000,0,user_31,300,300,
2497,16,1100000,0,user_2,300,300,
2535,17,1000000,68100,user_40,300,300,
2519,18,910000,0,user_27,300,300,
2530,19,370000,0,user_35,300,300,
2536,20,350000,0,user_40,300,300,
2521,21,320000,0,user_27,300,300,
2526,22,310000,0,user_33,300,300,
2514,23,260000,0,user_21,300,300,
2523,24,260000,0,user_30,300,300,
2529,25,240000,128000,user_35,300,300,
2533,26,160000,64600,user_39,300,300,
2542,27,160000,0,user_49,300,300,
2503,28,120001,0,user_10,300,300,2498
2506,29,120001,0,user_12,300,300,2498
2507,30,120001,0,user_12,300,300,2498
2509,31,120001,0,user_13,300,300,2498
2498,32,120000,164000,user_3,300,300,
2501,33,119999,0,user_7,300,300,2498
2502,34,119999,0,user_10,300,300,2498
2508,35,119999,0,user_13,300,300,2498
2510,36,119999,0,user_14,300,300,2498
2528,37,98000,0,user_35,300,300,
2520,38,79000,0,user_27,300,300,
2534,39,79000,0,user_39,300,300,
2570,0,30000000,0,user_30,301,301,
2567,1,2600000,0,user_29,301,301,
2582,2,2500000,71800,user_46,301,301,
2577,3,2400000,0,user_38,301,301,
2562,4,2000000,0,user_20,301,301,
2560,5,1900000,0,user_19,301,301,
2557,6,1600000,0,user_18,301,301,
2576,7,1500000,0,user_37,301,301,
2573,8,1200000,161000,user_32,301,301,
2555,9,1100000,0,user_16,301,301,
2558,10,1100000,0,user_19,301,301,
2569,11,670000,296000,user_30,301,301,
2583,12,600000,0,user_47,301,301,
2556,13,530000,0,user_17,301,301,
2566,14,530000,0,user_28,301,301,
2561,15,470000,0,user_19,301,301,
2580,16,470000,0,user_43,301,301,
2559,17,420000,0,user_19,301,301,
2565,18,420000,0,user_26,301,301,
2564,19,370000,36800,user_23,301,301,
2545,20,360001,0,user_2,301,301,2544
2546,21,360001,0,user_3,301,301,2544
2547,22,360001,0,user_4,301,301,2544
2549,23,360001,0,user_8,301,301,2544
2550,24,360001,0,user_8,301,301,2544
2551,25,360001,0,user_10,301,301,2544
2544,26,360000,49100,user_1,301,301,
2548,27,359999,0,user_5,301,301,2544
2553,28,359999,0,user_13,301,301,2544
2554,29,350000,0,user_16,301,301,
2568,30,220000,0,user_30,301,301,
2571,31,220000,0,user_30,301,301,
2563,32,160000,35600,user_21,301,301,
2581,33,150000,13900,user_44,301,301,
2584,34,130000,0,user_49,301,301,
2543,35,110000,0,user_0,301,301,
2572,36,110000,0,user_31,301,301,
2574,37,110000,0,user_33,301,301,
2579,38,98000,0,user_42,301,301,
2621,0,19000000,0,user_38,302,302,
2632,1,6100000,0,user_46,302,302,
2612,2,5200000,60700,user_27,302,302,
2624,3,4500000,0,user_39,302,302,
2587,4,3200001,0,user_2,302,302,2585
2588,5,3200001,0,user_3,302,302,2585
2592,6,3200001,0,user_7,302,302,2585
2593,7,3200001,0,user_7,302,302,2585
2594,8,3200001,0,user_7,302,302,2585
2600,9,3200001,0,user_10,302,302,2585
2603,10,3200001,0,user_10,302,302,2585
2605,11,3200001,0,user_12,302,302,2585
2585,12,3200000,30200,user_1,302,302,
2586,13,3199999,0,user_1,302,302,2585
2589,14,3199999,0,user_4,302,302,2585
2590,15,3199999,0,user_5,302,302,2585
2591,16,3199999,0,user_6,302,302,2585
2595,17,3199999,0,user_7,302,302,2585
2596,18,3199999,0,user_7,302,302,2585
2599,19,3199999,0,user_10,302,302,2585
2601,20,3199999,0,user_10,302,302,2585
2602,21,3199999,0,user_10,302,302,2585
2604,22,3199999,0,user_11,302,302,2585
2606,23,3199999,0,user_14,302,302,2585
2607,24,3199999,0,user_15,302,302,2585
2633,25,2500000,0,user_47,302,302,
2631,26,2400000,0,user_46,302,302,
2616,27,2000000,0,user_30,302,302,
2620,28,2000000,0,user_36,302,302,
2630,29,2000000,283000,user_43,302,302,
2634,30,2000000,0,user_48,302,302,
2611,31,1600000,0,user_25,302,302,
2609,32,1400000,0,user_22,302,302,
2613,33,1200000,0,user_29,302,302,
2636,34,670000,0,user_48,302,302,
2617,35,470000,0,user_32,302,302,
2622,36,460000,7190000,user_39,302,302,
2625,37,420000,0,user_39,302,302,
2626,38,360000,0,user_39,302,302,
2635,39,220000,0,user_48,302,302,
2623,40,170000,195000,user_39,302,302,
2608,41,130000,0,user_21,302,302,
2618,42,130000,0,user_34,302,302,
2614,43,110000,10700,user_30,302,302,
2615,44,110000,0,user_30,302,302,
2629,45,98000,779000,user_42,302,302,
2610,46,84000,0,user_22,302,302,
2682,0,30000000,0,user_46,303,303,
2666,1,6100000,0,user_28,303,303,
2658,2,5200000,4320000,user_20,303,303,
2663,3,5000000,0,user_24,303,303,
2685,4,5000000,0,user_48,303,303,
2683,5,4500000,0,user_47,303,303,
2644,6,3500000,0,user_10,303,303,
2677,7,3500000,0,user_43,303,303,
2684,8,2500000,0,user_48,303,303,
2669,9,2100000,0,user_32,303,303,
2642,10,2000000,0,user_7,303,303,
2665,11,2000000,0,user_27,303,303,
2671,12,2000000,0,user_34,303,303,
2659,13,1700000,0,user_22,303,303,
2653,14,1500000,0,user_16,303,303,
2652,15,1400000,0,user_16,303,303,
2680,16,1300000,0,user_45,303,303,
2667,17,1000000,0,user_29,303,303,
2672,18,670000,0,user_36,303,303,
2640,19,650000,0,user_5,303,303,
2678,20,650000,0,user_44,303,303,
2655,21,530000,0,user_18,303,303,
2679,22,530000,0,user_44,303,303,
2657,23,460000,10700,user_20,303,303,
2662,24,420000,39400,user_24,303,303,
2668,25,240000,0,user_30,303,303,
2673,26,220000,0,user_37,303,303,
2660,27,170000,0,user_23,303,303,
2664,28,170000,0,user_25,303,303,
2661,29,150000,0,user_24,303,303,
2638,30,120000,0,user_3,303,303,
2654,31,120000,35600,user_17,303,303,
2637,32,110000,0,user_1,303,303,
2646,33,85001,0,user_11,303,303,2645
2647,34,85001,0,user_12,303,303,2645
2649,35,85001,0,user_13,303,303,2645
2651,36,85001,0,user_15,303,303,2645
2641,37,85000,0,user_6,303,303,
2645,38,85000,779000,user_10,303,303,
2648,39,84999,0,user_13,303,303,2645
2650,40,84999,0,user_15,303,303,2645
2656,41,79000,64600,user_19,303,303,
2681,42,79000,0,user_45,303,303,
2639,43,77000,0,user_4,303,303,
2675,44,77000,0,user_41,303,303,
2670,45,70000,0,user_32,303,303,
2676,46,70000,0,user_41,303,303,
2729,0,43000000,0,user_45,304,304,
2702,1,3500000,0,user_19,304,304,
2700,2,2400000,0,user_17,304,304,
2703,3,2300000,16400,user_19,304,304,
2725,4,2100000,231000,user_42,304,304,
2732,5,1400000,283000,user_48,304,304,
2719,6,1100000,0,user_32,304,304,
2720,7,910000,0,user_34,304,304,
2730,8,870000,0,user_46,304,304,
2713,9,630000,0,user_28,304,304,
2714,10,630000,75000,user_29,304,304,
2716,11,460000,322000,user_30,304,304,
2707,12,370000,0,user_23,304,304,
2710,13,340000,33300,user_25,304,304,
2727,14,320000,0,user_44,304,304,
2728,15,310000,0,user_44,304,304,
2701,16,260000,594000,user_18,304,304,
2708,17,260000,161000,user_23,304,304,
2718,18,170000,0,user_31,304,304,
2712,19,160000,594000,user_27,304,304,
2709,20,150000,0,user_24,304,304,
2704,21,120000,0,user_20,304,304,
2706,22,120000,0,user_22,304,304,
2726,23,120000,0,user_43,304,304,
2731,24,120000,21800,user_47,304,304,
2705,25,110000,24700,user_21,304,304,
2711,26,110000,84800,user_26,304,304,
2715,27,110000,0,user_30,304,304,
2686,28,98000,0,user_0,304,304,
2691,29,83001,0,user_4,304,304,2687
2693,30,83001,0,user_6,304,304,2687
2694,31,83001,0,user_10,304,304,2687
2696,32,83001,0,user_12,304,304,2687
2697,33,83001,0,user_13,304,304,2687
2687,34,83000,42000,user_1,304,304,
2688,35,82999,0,user_3,304,304,2687
2689,36,82999,0,user_3,304,304,2687
2690,37,82999,0,user_3,304,304,2687
2692,38,82999,0,user_4,304,304,2687
2695,39,82999,0,user_12,304,304,2687
2698,40,82999,0,user_13,304,304,2687
2699,41,82999,0,user_15,304,304,2687
2717,42,82000,0,user_31,304,304,
2733,43,73000,0,user_48,304,304,
2734,44,73000,381000,user_49,304,304,
2755,0,43000000,0,user_16,305,305,
2775,1,30000000,0,user_38,305,305,
2782,2,6300000,0,user_40,305,305,
2735,3,6100000,0,user_0,305,305,
2756,4,5000000,0,user_18,305,305,
2780,5,4200000,0,user_39,305,305,
2761,6,3600000,0,user_25,305,305,
2790,7,2600000,0,user_44,305,305,
2758,8,2500000,16400,user_22,305,305,
2779,9,2500000,5630,user_39,305,305,
2772,10,2300000,0,user_37,305,305,
2773,11,2000000,215000,user_37,305,305,
2784,12,2000000,256000,user_42,305,305,
2763,13,1700000,0,user_27,305,305,
2776,14,1600000,0,user_38,305,305,
2785,15,1600000,0,user_42,305,305,
2767,16,970000,0,user_32,305,305,
2777,17,970000,0,user_38,305,305,
2774,18,650000,410000,user_38,305,305,
2788,19,630000,0,user_42,305,305,
2765,20,600000,0,user_31,305,305,
2766,21,460000,0,user_31,305,305,
2792,22,420000,0,user_46,305,305,
2778,23,310000,0,user_38,305,305,
2771,24,190000,35600,user_36,305,305,
2794,25,170000,47700,user_48,305,305,
2781,26,160000,0,user_40,305,305,
2786,27,160000,0,user_42,305,305,
2760,28,150000,0,user_23,305,305,
2764,29,150000,0,user_28,305,305,
2759,30,120000,0,user_23,305,305,
2770,31,120000,285000,user_35,305,305,
2757,32,98000,0,user_19,305,305,
2762,33,98000,0,user_26,305,305,
2787,34,85000,0,user_42,305,305,
2791,35,83000,0,user_45,305,305,
2737,36,77001,0,user_2,305,305,2736
2740,37,77001,0,user_4,305,305,2736
2741,38,77001,0,user_5,305,305,2736
2745,39,77001,0,user_8,305,305,2736
2747,40,77001,0,user_9,305,305,2736
2748,41,77001,0,user_10,305,305,2736
2754,42,77001,0,user_14,305,305,2736
2738,43,76999,0,user_2,305,305,2736
2742,44,76999,0,user_6,305,305,2736
2743,45,76999,0,user_7,305,305,2736
2744,46,76999,0,user_7,305,305,2736
2746,47,76999,0,user_9,305,305,2736
2749,48,76999,0,user_11,305,305,2736
2750,49,76999,0,user_11,305,305,2736
2751,50,76999,0,user_11,305,305,2736
2752,51,76999,0,user_12,305,305,2736
2753,52,76999,0,user_13,305,305,2736
2769,53,73000,0,user_34,305,305,
2822,0,30000000,0,user_20,306,306,
2838,1,19000000,13900,user_39,306,306,
2834,2,3200000,0,user_36,306,306,
2819,3,2000000,33300,user_20,306,306,
2843,4,2000000,0,user_46,306,306,
2832,5,1600000,0,user_34,306,306,
2839,6,1600000,11200,user_39,306,306,
2821,7,1500000,21800,user_20,306,306,
2823,8,1500000,0,user_21,306,306,
2827,9,1500000,0,user_28,306,306,
2796,10,1400000,0,user_0,306,306,
2836,11,1400000,0,user_37,306,306,
2818,12,1100000,68100,user_19,306,306,
2846,13,1100000,0,user_49,306,306,
2829,14,870000,0,user_30,306,306,
2844,15,660000,0,user_48,306,306,
2842,16,650000,0,user_44,306,306,
2825,17,460000,0,user_25,306,306,
2820,18,420000,0,user_20,306,306,
2815,19,350000,0,user_16,306,306,
2824,20,220000,4320000,user_22,306,306,
2826,21,220000,0,user_27,306,306,
2837,22,160000,0,user_39,306,306,
2799,23,150001,0,user_3,306,306,2798
2801,24,150001,0,user_5,306,306,2798
2802,25,150001,0,user_5,306,306,2798
2804,26,150001,0,user_5,306,306,2798
2805,27,150001,0,user_6,306,306,2798
2806,28,150001,0,user_7,306,306,2798
2810,29,150001,0,user_11,306,306,2798
2811,30,150001,0,user_12,306,306,2798
2812,31,150001,0,user_13,306,306,2798
2813,32,150001,0,user_15,306,306,2798
2798,33,150000,84800,user_3,306,306,
2830,34,150000,0,user_31,306,306,
2800,35,149999,0,user_4,306,306,2798
2803,36,149999,0,user_5,306,306,2798
2807,37,149999,0,user_7,306,306,2798
2809,38,149999,0,user_10,306,306,2798
2814,39,149999,0,user_15,306,306,2798
2816,40,130000,0,user_17,306,306,
2797,41,110000,0,user_2,306,306,
2835,42,100000,14200,user_37,306,306,
2845,43,85000,0,user_48,306,306,
2828,44,82000,0,user_29,306,306,
2831,45,79000,0,user_33,306,306,
2817,46,77000,0,user_18,306,306,
2869,0,30000000,0,user_23,307,307,
2875,1,6100000,18600,user_27,307,307,
2847,2,5000000,0,user_3,307,307,
2872,3,5000000,215000,user_25,307,307,
2891,4,5000000,0,user_41,307,307,
2892,5,5000000,0,user_44,307,307,
2882,6,4500000,0,user_33,307,307,
2880,7,3200000,0,user_33,307,307,
2866,8,2100000,5630,user_20,307,307,
2883,9,2100000,0,user_34,307,307,
2865,10,2000000,33300,user_20,307,307,
2848,11,1900000,0,user_4,307,307,
2877,12,1700000,0,user_30,307,307,
2871,13,1600000,0,user_24,307,307,
2862,14,1500000,0,user_18,307,307,
2879,15,1500000,75000,user_33,307,307,
2881,16,1500000,0,user_33,307,307,
2851,17,1200001,0,user_6,307,307,2849
2852,18,1200001,0,user_7,307,307,2849
2858,19,1200001,0,user_14,307,307,2849
2859,20,1200001,0,user_15,307,307,2849
2860,21,1200001,0,user_15,307,307,2849
2849,22,1200000,33100,user_5,307,307,
2867,23,1200000,47700,user_21,307,307,
2850,24,1199999,0,user_6,307,307,2849
2853,25,1199999,0,user_8,307,307,2849
2855,26,1199999,0,user_10,307,307,2849
2856,27,1199999,0,user_12,307,307,2849
2857,28,1199999,0,user_14,307,307,2849
2878,29,970000,0,user_31,307,307,
2874,30,910000,12300,user_26,307,307,
2893,31,910000,0,user_45,307,307,
2886,32,870000,15300,user_38,307,307,
2870,33,660000,0,user_23,307,307,
2864,34,630000,42000,user_19,307,307,
2876,35,420000,0,user_28,307,307,
2861,36,320000,0,user_17,307,307,
2894,37,320000,0,user_47,307,307,
2873,38,310000,7190000,user_25,307,307,
2885,39,220000,0,user_38,307,307,
2868,40,150000,0,user_22,307,307,
2890,41,150000,0,user_41,307,307,
2863,42,84000,0,user_18,307,307,
2887,43,82000,13900,user_38,307,307,
2895,44,80000,0,user_48,307,307,
2929,0,43000000,0,user_31,308,308,
2901,1,4500000,0,user_5,308,308,
2896,2,2400000,0,user_0,308,308,
2924,3,2100000,0,user_26,308,308,
2917,4,1500000,0,user_18,308,308,
2943,5,1500000,0,user_46,308,308,
2948,6,1500000,0,user_47,308,308,
2950,7,1500000,0,user_49,308,308,
2919,8,1400000,0,user_20,308,308,
2921,9,1100000,0,user_23,308,308,
2930,10,1000000,0,user_31,308,308,
2940,11,1000000,19700,user_42,308,308,
2914,12,910000,0,user_16,308,308,
2916,13,870000,15700,user_17,308,308,
2918,14,670000,0,user_19,308,308,
2946,15,670000,0,user_47,308,308,
2947,16,650000,0,user_47,308,308,
2942,17,630000,0,user_44,308,308,
2922,18,600000,15100,user_25,308,308,
2931,19,600000,21800,user_31,308,308,
2932,20,470000,7840,user_31,308,308,
2899,21,370000,0,user_4,308,308,
2949,22,370000,0,user_48,308,308,
2897,23,360000,0,user_2,308,308,
2920,24,320000,0,user_22,308,308,
2939,25,310000,0,user_42,308,308,
2941,26,310000,0,user_43,308,308,
2902,27,300000,0,user_6,308,308,
2934,28,220000,47700,user_38,308,308,
2944,29,220000,0,user_47,308,308,
2906,30,190001,0,user_10,308,308,2904
2908,31,190001,0,user_12,308,308,2904
2909,32,190001,0,user_13,308,308,2904
2910,33,190001,0,user_14,308,308,2904
2904,34,190000,7190000,user_8,308,308,
2907,35,189999,0,user_12,308,308,2904
2911,36,189999,0,user_14,308,308,2904
2912,37,189999,0,user_15,308,308,2904
2945,38,170000,0,user_47,308,308,
2903,39,150000,0,user_7,308,308,
2913,40,150000,0,user_16,308,308,
2923,41,120000,0,user_26,308,308,
2915,42,110000,18600,user_17,308,308,
2925,43,110000,0,user_28,308,308,
2927,44,110000,0,user_29,308,308,
2928,45,110000,43600,user_30,308,308,
2898,46,100000,0,user_4,308,308,
2926,47,85000,0,user_29,308,308,
2938,48,82000,0,user_42,308,308,
2937,49,80000,0,user_41,308,308,
2935,50,77000,155000,user_38,308,308,
2900,51,73000,0,user_5,308,308,
2981,0,43000000,0,user_36,309,309,
2974,1,27000000,0,user_26,309,309,
2979,2,6100000,0,user_34,309,309,
2978,3,5000000,0,user_33,309,309,
2969,4,4500000,0,user_21,309,309,
2962,5,2600000,0,user_16,309,309,
2992,6,2600000,0,user_44,309,309,
2988,7,2500000,0,user_39,309,309,
2952,8,2000001,0,user_4,309,309,2951
2954,9,2000001,0,user_6,309,309,2951
2957,10,2000001,0,user_12,309,309,2951
2958,11,2000001,0,user_13,309,309,2951
2959,12,2000001,0,user_13,309,309,2951
2960,13,2000001,0,user_15,309,309,2951
2951,14,2000000,66100,user_0,309,309,
2953,15,1999999,0,user_4,309,309,2951
2955,16,1999999,0,user_7,309,309,2951
2956,17,1999999,0,user_10,309,309,2951
2961,18,1999999,0,user_15,309,309,2951
2967,19,1600000,0,user_19,309,309,
2973,20,1400000,0,user_24,309,309,
2997,21,1100000,0,user_46,309,309,
2971,22,1000000,0,user_23,309,309,
2972,23,870000,0,user_23,309,309,
2999,24,870000,0,user_48,309,309,
2982,25,670000,21800,user_36,309,309,
3002,26,670000,0,user_48,309,309,
2977,27,660000,0,user_31,309,309,
2996,28,660000,545000,user_46,309,309,
2987,29,600000,0,user_38,309,309,
2985,30,460000,545000,user_37,309,309,
2963,31,420000,0,user_17,309,309,
2986,32,320000,0,user_37,309,309,
2976,33,240000,0,user_28,309,309,
2966,34,220000,23500,user_19,309,309,
3004,35,220000,0,user_49,309,309,
3000,36,190000,0,user_48,309,309,
2991,37,170000,0,user_43,309,309,
2993,38,170000,0,user_45,309,309,
2995,39,170000,0,user_46,309,309,
2965,40,160000,195000,user_18,309,309,
2968,41,160000,0,user_20,309,309,
2970,42,160000,21800,user_22,309,309,
3001,43,160000,0,user_48,309,309,
2964,44,150000,32900,user_18,309,309,
2975,45,150000,0,user_27,309,309,
2994,46,150000,164000,user_46,309,309,
2983,47,120000,0,user_37,309,309,
2984,48,120000,0,user_37,309,309,
2998,49,120000,0,user_46,309,309,
3003,50,82000,0,user_48,309,309,
2990,51,79000,0,user_42,309,309,
3035,0,27000000,0,user_39,310,310,
3022,1,4200000,0,user_20,310,310,
3018,2,3500000,0,user_16,310,310,
3041,3,1800000,0,user_44,310,310,
3026,4,1700000,0,user_26,310,310,
3025,5,1500000,0,user_23,310,310,
3005,6,1200000,0,user_2,310,310,
3027,7,910000,21800,user_26,310,310,
3040,8,670000,0,user_43,310,310,
3046,9,670000,32900,user_48,310,310,
3028,10,630000,0,user_30,310,310,
3034,11,630000,0,user_35,310,310,
3029,12,460000,0,user_31,310,310,
3020,13,420000,0,user_17,310,310,
3037,14,360000,0,user_41,310,310,
3036,15,310000,0,user_40,310,310,
3016,16,260000,0,user_16,310,310,
3038,17,220000,0,user_41,310,310,
3024,18,160000,0,user_22,310,310,
3017,19,120000,0,user_16,310,310,
3019,20,120000,0,user_16,310,310,
3023,21,120000,0,user_21,310,310,
3021,22,110000,0,user_19,310,310,
3009,23,80001,0,user_9,310,310,3007
3011,24,80001,0,user_11,310,310,3007
3015,25,80001,0,user_14,310,310,3007
3006,26,80000,0,user_3,310,310,
3007,27,80000,155000,user_6,310,310,
3039,28,80000,0,user_42,310,310,
3008,29,79999,0,user_8,310,310,3007
3010,30,79999,0,user_10,310,310,3007
3012,31,79999,0,user_11,310,310,3007
3013,32,79999,0,user_11,310,310,3007
3030,33,70000,0,user_31,310,310,
3087,0,30000000,0,user_33,311,311,
3105,1,6100000,0,user_48,311,311,
3073,2,5000000,0,user_22,311,311,
3082,3,5000000,0,user_32,311,311,
3089,4,5000000,34700,user_33,311,311,
3072,5,2400000,0,user_20,311,311,
3076,6,2400000,75000,user_26,311,311,
3069,7,2000000,0,user_18,311,311,
3081,8,1900000,0,user_31,311,311,
3079,9,1800000,0,user_28,311,311,
3075,10,1600000,15100,user_25,311,311,
3067,11,1500000,0,user_18,311,311,
3086,12,1500000,0,user_32,311,311,
3093,13,1500000,0,user_36,311,311,
3102,14,1500000,13800,user_45,311,311,
3101,15,1100000,0,user_44,311,311,
3090,16,1000000,21800,user_33,311,311,
3066,17,970000,0,user_17,311,311,
3065,18,910000,0,user_16,311,311,
3070,19,910000,0,user_19,311,311,
3083,20,910000,0,user_32,311,311,
3048,21,630001,0,user_1,311,311,3047
3049,22,630001,0,user_2,311,311,3047
3050,23,630001,0,user_3,311,311,3047
3051,24,630001,0,user_4,311,311,3047
3052,25,630001,0,user_5,311,311,3047
3055,26,630001,0,user_5,311,311,3047
3058,27,630001,0,user_6,311,311,3047
3061,28,630001,0,user_10,311,311,3047
3062,29,630001,0,user_11,311,311,3047
3047,30,630000,33300,user_0,311,311,
3053,31,629999,0,user_5,311,311,3047
3054,32,629999,0,user_5,311,311,3047
3056,33,629999,0,user_5,311,311,3047
3057,34,629999,0,user_6,311,311,3047
3059,35,629999,0,user_6,311,311,3047
3063,36,629999,0,user_12,311,311,3047
3064,37,629999,0,user_14,311,311,3047
3104,38,370000,0,user_47,311,311,
3103,39,310000,0,user_46,311,311,
3094,40,300000,0,user_37,311,311,
3099,41,300000,0,user_42,311,311,
3080,42,240000,0,user_29,311,311,
3091,43,220000,0,user_34,311,311,
3071,44,160000,0,user_20,311,311,
3074,45,160000,0,user_22,311,311,
3077,46,160000,0,user_27,311,311,
3078,47,150000,0,user_28,311,311,
3084,48,150000,0,user_32,311,311,
3100,49,150000,0,user_43,311,311,
3095,50,130000,0,user_38,311,311,
3106,51,110000,0,user_49,311,311,
3068,52,100000,0,user_18,311,311,
3098,53,83000,67900,user_42,311,311,
3085,54,70000,0,user_32,311,311,
3088,55,70000,0,user_33,311,311,
3125,0,43000000,0,user_18,312,312,
3135,1,30000000,0,user_30,312,312,
3129,2,19000000,0,user_26,312,312,
3134,3,5000000,0,user_30,312,312,
3132,4,4500000,0,user_28,312,312,
3151,5,3500000,0,user_47,312,312,
3126,6,2500000,0,user_23,312,312,
3131,7,1600000,0,user_27,312,312,
3152,8,1100000,0,user_48,312,312,
3110,9,1000000,0,user_4,312,312,
3145,10,650000,215000,user_41,312,312,
3146,11,650000,6390,user_44,312,312,
3141,12,630000,24700,user_37,312,312,
3139,13,530000,0,user_34,312,312,
3124,14,470000,0,user_17,312,312,
3114,15,460001,0,user_5,312,312,3112
3116,16,460001,0,user_6,312,312,3112
3119,17,460001,0,user_10,312,312,3112
3121,18,460001,0,user_15,312,312,3112
3112,19,460000,35600,user_4,312,312,
3113,20,459999,0,user_5,312,312,3112
3115,21,459999,0,user_6,312,312,3112
3117,22,459999,0,user_7,312,312,3112
3120,23,459999,0,user_13,312,312,3112
3122,24,459999,0,user_15,312,312,3112
3136,25,370000,0,user_30,312,312,
3149,26,370000,0,user_46,312,312,
3128,27,320000,0,user_24,312,312,
3138,28,260000,0,user_34,312,312,
3127,29,220000,0,user_23,312,312,
3150,30,170000,0,user_46,312,312,
3123,31,160000,17000,user_16,312,312,
3147,32,160000,15100,user_44,312,312,
3108,33,150000,0,user_2,312,312,
3107,34,130000,0,user_1,312,312,
3140,35,120000,0,user_36,312,312,
3143,36,120000,0,user_38,312,312,
3148,37,120000,0,user_45,312,312,
3109,38,87000,0,user_3,312,312,
3137,39,85000,0,user_30,312,312,
3133,40,84000,46500,user_28,312,312,
3111,41,82000,0,user_4,312,312,
3130,42,79000,0,user_26,312,312,
3142,43,79000,0,user_38,312,312,
3182,0,43000000,16400,user_31,313,313,
3176,1,30000000,0,user_25,313,313,
3157,2,27000000,0,user_2,313,313,
3159,3,5000000,0,user_3,313,313,
3185,4,5000000,959000,user_34,313,313,
3191,5,4200000,15300,user_39,313,313,
3195,6,4200000,0,user_42,313,313,
3155,7,3500000,0,user_1,313,313,
3165,8,1900001,0,user_9,313,313,3164
3167,9,1900001,0,user_9,313,313,3164
3170,10,1900001,0,user_15,313,313,3164
3164,11,1900000,5180,user_8,313,313,
3190,12,1900000,0,user_39,313,313,
3166,13,1899999,0,user_9,313,313,3164
3169,14,1899999,0,user_13,313,313,3164
3178,15,1600000,0,user_26,313,313,
3173,16,1500000,0,user_21,313,313,
3186,17,1500000,0,user_35,313,313,
3189,18,1500000,0,user_38,313,313,
3199,19,1100000,21800,user_46,313,313,
3160,20,970000,0,user_4,313,313,
3202,21,970000,5630,user_46,313,313,
3161,22,870000,0,user_5,313,313,
3196,23,670000,0,user_44,313,313,
3158,24,650000,0,user_3,313,313,
3154,25,600000,0,user_0,313,313,
3198,26,530000,0,user_46,313,313,
3174,27,420000,0,user_22,313,313,
3187,28,420000,0,user_37,313,313,
3175,29,370000,0,user_23,313,313,
3203,30,360000,0,user_47,313,313,
3177,31,260000,0,user_26,313,313,
3179,32,260000,0,user_26,313,313,
3184,33,260000,0,user_33,313,313,
3156,34,220000,0,user_1,313,313,
3163,35,220000,0,user_6,313,313,
3188,36,220000,410000,user_38,313,313,
3200,37,220000,0,user_46,313,313,
3181,38,170000,0,user_31,313,313,
3205,39,170000,0,user_49,313,313,
3171,40,160000,0,user_18,313,313,
3180,41,160000,0,user_28,313,313,
3194,42,120000,0,user_41,313,313,
3197,43,120000,0,user_44,313,313,
3201,44,120000,0,user_46,313,313,
3162,45,110000,0,user_5,313,313,
3153,46,85000,0,user_0,313,313,
3172,47,83000,0,user_20,313,313,
3229,0,19000000,0,user_23,314,314,
3238,1,4500000,0,user_31,314,314,
3253,2,4500000,0,user_47,314,314,
3232,3,1700000,100000,user_26,314,314,
3242,4,1600000,35600,user_35,314,314,
3225,5,1500000,0,user_18,314,314,
3244,6,1500000,0,user_37,314,314,
3251,7,1500000,0,user_43,314,314,
3240,8,1100000,0,user_33,314,314,
3231,9,1000000,121000,user_26,314,314,
3226,10,420000,0,user_20,314,314,
3243,11,420000,0,user_36,314,314,
3246,12,420000,0,user_40,314,314,
3233,13,350000,23500,user_27,314,314,
3254,14,310000,35600,user_48,314,314,
3235,15,220000,0,user_28,314,314,
3237,16,220000,71800,user_30,314,314,
3210,17,160001,0,user_3,314,314,3206
3211,18,160001,0,user_3,314,314,3206
3215,19,160001,0,user_7,314,314,3206
3218,20,160001,0,user_9,314,314,3206
3222,21,160001,0,user_13,314,314,3206
3206,22,160000,381000,user_0,314,314,
3241,23,160000,30200,user_33,314,314,
3245,24,160000,0,user_39,314,314,
3207,25,159999,0,user_1,314,314,3206
3208,26,159999,0,user_1,314,314,3206
3209,27,159999,0,user_2,314,314,3206
3213,28,159999,0,user_7,314,314,3206
3214,29,159999,0,user_7,314,314,3206
3216,30,159999,0,user_7,314,314,3206
3217,31,159999,0,user_8,314,314,3206
3221,32,159999,0,user_12,314,314,3206
3223,33,159999,0,user_15,314,314,3206
3228,34,120000,0,user_21,314,314,
3239,35,120000,0,user_32,314,314,
3252,36,120000,0,user_44,314,314,
3234,37,100000,0,user_28,314,314,
3255,38,100000,0,user_49,314,314,
3224,39,98000,0,user_16,314,314,
3227,40,85000,0,user_21,314,314,
3236,41,77000,17000,user_29,314,314,
3292,0,43000000,0,user_30,315,315,
3302,1,30000000,0,user_39,315,315,
3293,2,5200000,0,user_31,315,315,
3283,3,5000000,0,user_28,315,315,
3284,4,5000000,0,user_28,315,315,
3289,5,5000000,0,user_29,315,315,
3261,6,3500001,0,user_2,315,315,3259
3262,7,3500001,0,user_2,315,315,3259
3263,8,3500001,0,user_2,315,315,3259
3264,9,3500001,0,user_2,315,315,3259
3265,10,3500001,0,user_4,315,315,3259
3268,11,3500001,0,user_9,315,315,3259
3269,12,3500001,0,user_9,315,315,3259
3259,13,3500000,959000,user_1,315,315,
3273,14,3500000,0,user_16,315,315,
3281,15,3500000,35600,user_26,315,315,
3260,16,3499999,0,user_1,315,315,3259
3266,17,3499999,0,user_6,315,315,3259
3267,18,3499999,0,user_8,315,315,3259
3270,19,3499999,0,user_11,315,315,3259
3272,20,3499999,0,user_13,315,315,3259
3296,21,3200000,0,user_34,315,315,
3308,22,2600000,32900,user_45,315,315,
3300,23,2100000,0,user_37,315,315,
3290,24,2000000,30200,user_29,315,315,
3309,25,1900000,0,user_46,315,315,
3297,26,1500000,0,user_35,315,315,
3310,27,910000,0,user_47,315,315,
3286,28,460000,15100,user_28,315,315,
3298,29,460000,0,user_36,315,315,
3278,30,370000,0,user_23,315,315,
3256,31,310000,0,user_0,315,315,
3299,32,260000,0,user_36,315,315,
3282,33,220000,369000,user_27,315,315,
3291,34,220000,0,user_29,315,315,
3306,35,170000,0,user_43,315,315,
3313,36,170000,0,user_49,315,315,
3257,37,160000,0,user_1,315,315,
3295,38,150000,0,user_33,315,315,
3287,39,100000,0,user_28,315,315,
3307,40,100000,0,user_44,315,315,
3258,41,98000,0,user_1,315,315,
3305,42,98000,0,user_42,315,315,
3285,43,87000,100000,user_28,315,315,
3301,44,84000,108000,user_37,315,315,
3277,45,80000,100000,user_22,315,315,
3288,46,80000,0,user_29,315,315,
3276,47,79000,410000,user_22,315,315,
3275,48,73000,0,user_21,315,315,
3342,0,27000000,0,user_27,316,316,
3340,1,5000000,0,user_24,316,316,
3353,2,5000000,0,user_42,316,316,
3343,3,3600000,15700,user_28,316,316,
3346,4,2600000,0,user_31,316,316,
3332,5,2100000,0,user_16,316,316,
3348,6,2000000,0,user_32,316,316,
3334,7,1400000,0,user_17,316,316,
3337,8,1400000,0,user_21,316,316,
3351,9,1400000,0,user_37,316,316,
3333,10,1000000,0,user_17,316,316,
3336,11,1000000,0,user_19,316,316,
3341,12,650000,0,user_25,316,316,
3344,13,650000,0,user_29,316,316,
3349,14,360000,0,user_33,316,316,
3345,15,310000,0,user_30,316,316,
3347,16,310000,0,user_31,316,316,
3354,17,310000,0,user_44,316,316,
3338,18,170000,0,user_22,316,316,
3339,19,170000,0,user_23,316,316,
3315,20,150001,0,user_2,316,316,3314
3317,21,150001,0,user_3,316,316,3314
3320,22,150001,0,user_3,316,316,3314
3322,23,150001,0,user_5,316,316,3314
3324,24,150001,0,user_6,316,316,3314
3325,25,150001,0,user_7,316,316,3314
3326,26,150001,0,user_8,316,316,3314
3328,27,150001,0,user_10,316,316,3314
3329,28,150001,0,user_12,316,316,3314
3314,29,150000,75000,user_0,316,316,
3355,30,150000,0,user_46,316,316,
3316,31,149999,0,user_2,316,316,3314
3318,32,149999,0,user_3,316,316,3314
3319,33,149999,0,user_3,316,316,3314
3321,34,149999,0,user_3,316,316,3314
3323,35,149999,0,user_6,316,316,3314
3330,36,149999,0,user_14,316,316,3314
3331,37,149999,0,user_15,316,316,3314
3335,38,98000,0,user_18,316,316,
3400,0,30000000,0,user_46,317,317,
3375,1,5000000,0,user_16,317,317,
3392,2,3200000,18600,user_38,317,317,
3357,3,2600001,0,user_1,317,317,3356
3360,4,2600001,0,user_3,317,317,3356
3363,5,2600001,0,user_8,317,317,3356
3364,6,2600001,0,user_8,317,317,3356
3365,7,2600001,0,user_8,317,317,3356
3371,8,2600001,0,user_13,317,317,3356
3372,9,2600001,0,user_13,317,317,3356
3373,10,2600001,0,user_14,317,317,3356
3374,11,2600001,0,user_15,317,317,3356
3356,12,2600000,68100,user_0,317,317,
3358,13,2599999,0,user_2,317,317,3356
3359,14,2599999,0,user_3,317,317,3356
3361,15,2599999,0,user_4,317,317,3356
3362,16,2599999,0,user_4,317,317,3356
3366,17,2599999,0,user_9,317,317,3356
3367,18,2599999,0,user_9,317,317,3356
3368,19,2599999,0,user_10,317,317,3356
3369,20,2599999,0,user_10,317,317,3356
3390,21,1900000,215000,user_36,317,317,
3388,22,1800000,0,user_35,317,317,
3380,23,1700000,0,user_22,317,317,
3397,24,1700000,0,user_43,317,317,
3377,25,1400000,0,user_17,317,317,
3385,26,1000000,0,user_31,317,317,
3396,27,870000,73100,user_42,317,317,
3398,28,600000,0,user_44,317,317,
3399,29,600000,0,user_46,317,317,
3395,30,350000,0,user_41,317,317,
3384,31,340000,0,user_30,317,317,
3387,32,300000,0,user_33,317,317,
3389,33,260000,594000,user_35,317,317,
3379,34,160000,0,user_21,317,317,
3381,35,120000,0,user_23,317,317,
3376,36,87000,0,user_17,317,317,
3383,37,87000,0,user_29,317,317,
3391,38,87000,0,user_36,317,317,
3401,39,80000,0,user_47,317,317,
3450,0,43000000,128000,user_42,318,318,
3454,1,19000000,164000,user_49,318,318,
3431,2,6300000,14200,user_28,318,318,
3434,3,6300000,35600,user_28,318,318,
3437,4,5000000,0,user_29,318,318,
3408,5,2500000,0,user_4,318,318,
3451,6,2400000,121000,user_44,318,318,
3439,7,2100000,0,user_29,318,318,
3405,8,2000000,0,user_2,318,318,
3429,9,2000000,0,user_25,318,318,
3445,10,2000000,0,user_36,318,318,
3428,11,1900000,0,user_25,318,318,
3440,12,1600000,0,user_30,318,318,
3426,13,1400000,0,user_22,318,318,
3453,14,1400000,75000,user_48,318,318,
3427,15,1300000,4320000,user_25,318,318,
3442,16,1000000,0,user_31,318,318,
3422,17,970000,35100,user_18,318,318,
3446,18,670000,0,user_37,318,318,
3436,19,660000,0,user_29,318,318,
3447,20,660000,73100,user_37,318,318,
3412,21,630001,0,user_6,318,318,3410
3415,22,630001,0,user_9,318,318,3410
3420,23,630001,0,user_15,318,318,3410
3410,24,630000,12300,user_5,318,318,
3411,25,629999,0,user_6,318,318,3410
3413,26,629999,0,user_6,318,318,3410
3414,27,629999,0,user_7,318,318,3410
3416,28,629999,0,user_10,318,318,3410
3417,29,629999,0,user_11,318,318,3410
3418,30,629999,0,user_12,318,318,3410
3419,31,629999,0,user_14,318,318,3410
3424,32,530000,0,user_20,318,318,
3435,33,370000,0,user_29,318,318,
3441,34,350000,13900,user_31,318,318,
3421,35,190000,0,user_16,318,318,
3406,36,170000,0,user_3,318,318,
3444,37,160000,0,user_35,318,318,
3409,38,150000,0,user_5,318,318,
3423,39,130000,0,user_19,318,318,
3407,40,120000,0,user_4,318,318,
3430,41,120000,121000,user_26,318,318,
3425,42,98000,0,user_22,318,318,
3438,43,98000,0,user_29,318,318,
3433,44,87000,0,user_28,318,318,
3449,45,85000,0,user_40,318,318,
3448,46,82000,64600,user_38,318,318,
3432,47,79000,64600,user_28,318,318,
3487,0,30000000,0,user_34,319,319,
3455,1,2000000,0,user_0,319,319,
3489,2,2000000,0,user_37,319,319,
3475,3,1800000,0,user_21,319,319,
3473,4,1600000,545000,user_19,319,319,
3471,5,1300000,34700,user_16,319,319,
3486,6,1100000,0,user_34,319,319,
3474,7,970000,0,user_21,319,319,
3491,8,670000,17700000,user_37,319,319,
3490,9,460000,0,user_37,319,319,
3476,10,360000,17000,user_22,319,319,
3482,11,360000,0,user_31,319,319,
3498,12,350000,0,user_44,319,319,
3458,13,310001,0,user_1,319,319,3456
3460,14,310001,0,user_2,319,319,3456
3464,15,310001,0,user_8,319,319,3456
3465,16,310001,0,user_8,319,319,3456
3466,17,310001,0,user_10,319,319,3456
3469,18,310001,0,user_14,319,319,3456
3456,19,310000,7840,user_0,319,319,
3457,20,309999,0,user_0,319,319,3456
3459,21,309999,0,user_2,319,319,3456
3461,22,309999,0,user_3,319,319,3456
3462,23,309999,0,user_3,319,319,3456
3463,24,309999,0,user_4,319,319,3456
3468,25,309999,0,user_12,319,319,3456
3470,26,309999,0,user_15,319,319,3456
3485,27,170000,0,user_34,319,319,
3472,28,160000,0,user_18,319,319,
3479,29,150000,0,user_25,319,319,
3480,30,120000,0,user_26,319,319,
3502,31,120000,17700000,user_49,319,319,
3481,32,110000,0,user_27,319,319,
3503,33,110000,0,user_49,319,319,
3483,34,100000,0,user_32,319,319,
3477,35,87000,7840,user_22,319,319,
3499,36,87000,34700,user_47,319,319,
3478,37,85000,0,user_24,319,319,
3497,38,83000,0,user_43,319,319,
3484,39,79000,0,user_33,319,319,
3500,40,77000,0,user_48,319,319,
3501,41,73000,0,user_49,319,319,
3534,0,30000000,0,user_30,320,320,
3531,1,2300000,0,user_21,320,320,
3536,2,2300000,0,user_34,320,320,
3519,3,2100000,0,user_16,320,320,
3540,4,2000000,5640,user_42,320,320,
3506,5,1900000,0,user_1,320,320,
3508,6,1800001,0,user_6,320,320,3507
3509,7,1800001,0,user_6,320,320,3507
3512,8,1800001,0,user_11,320,320,3507
3515,9,1800001,0,user_13,320,320,3507
3516,10,1800001,0,user_14,320,320,3507
3517,11,1800001,0,user_15,320,320,3507
3507,12,1800000,6390,user_4,320,320,
3510,13,1799999,0,user_7,320,320,3507
3513,14,1799999,0,user_11,320,320,3507
3514,15,1799999,0,user_12,320,320,3507
3526,16,1700000,12800,user_18,320,320,
3532,17,1600000,0,user_21,320,320,
3504,18,1500000,0,user_1,320,320,
3521,19,1500000,0,user_17,320,320,
3530,20,1500000,7840,user_21,320,320,
3524,21,1400000,0,user_17,320,320,
3541,22,1400000,35100,user_43,320,320,
3537,23,1100000,0,user_36,320,320,
3518,24,1000000,15700,user_16,320,320,
3543,25,1000000,0,user_43,320,320,
3547,26,1000000,0,user_45,320,320,
3542,27,660000,0,user_43,320,320,
3529,28,460000,0,user_21,320,320,
3533,29,460000,0,user_22,320,320,
3505,30,370000,0,user_1,320,320,
3535,31,300000,0,user_31,320,320,
3549,32,240000,0,user_48,320,320,
3523,33,220000,0,user_17,320,320,
3527,34,220000,181000,user_19,320,320,
3544,35,220000,10700,user_44,320,320,
3520,36,190000,0,user_17,320,320,
3538,37,130000,0,user_38,320,320,
3525,38,120000,43600,user_18,320,320,
3546,39,120000,0,user_45,320,320,
3522,40,110000,0,user_17,320,320,
3548,41,100000,0,user_47,320,320,
3528,42,87000,0,user_20,320,320,
3545,43,87000,1100000,user_44,320,320,
3573,0,43000000,0,user_26,321,321,
3575,1,43000000,0,user_29,321,321,
3583,2,19000000,0,user_41,321,321,
3587,3,19000000,0,user_46,321,321,
3574,4,6300000,0,user_27,321,321,
3577,5,5000000,0,user_37,321,321,
3585,6,3200000,0,user_43,321,321,
3572,7,2400000,32900,user_24,321,321,
3588,8,2100000,71800,user_46,321,321,
3554,9,2000001,0,user_5,321,321,3553
3558,10,2000001,0,user_11,321,321,3553
3560,11,2000001,0,user_14,321,321,3553
3561,12,2000001,0,user_14,321,321,3553
3562,13,2000001,0,user_14,321,321,3553
3552,14,2000000,0,user_2,321,321,
3553,15,2000000,24700,user_4,321,321,
3556,16,1999999,0,user_10,321,321,3553
3557,17,1999999,0,user_10,321,321,3553
3559,18,1999999,0,user_14,321,321,3553
3563,19,1900000,17000,user_18,321,321,
3581,20,1900000,0,user_39,321,321,
3584,21,1800000,779000,user_42,321,321,
3565,22,1700000,0,user_19,321,321,
3570,23,1500000,0,user_23,321,321,
3579,24,660000,0,user_38,321,321,
3592,25,630000,0,user_47,321,321,
3580,26,530000,68100,user_38,321,321,
3567,27,470000,15700,user_19,321,321,
3576,28,460000,0,user_36,321,321,
3551,29,310000,0,user_0,321,321,
3550,30,300000,0,user_0,321,321,
3571,31,240000,0,user_24,321,321,
3568,32,170000,84800,user_21,321,321,
3589,33,170000,0,user_46,321,321,
3564,34,160000,0,user_18,321,321,
3586,35,150000,0,user_46,321,321,
3590,36,150000,0,user_46,321,321,
3594,37,130000,0,user_49,321,321,
3569,38,120000,545000,user_22,321,321,
3593,39,120000,0,user_49,321,321,
3566,40,110000,0,user_19,321,321,
3591,41,87000,17000,user_47,321,321,
3578,42,85000,0,user_38,321,321,
3624,0,27000000,322000,user_32,322,322,
3643,1,27000000,0,user_46,322,322,
3628,2,6300000,0,user_34,322,322,
3616,3,6100000,24700,user_21,322,322,
3595,4,5000000,0,user_0,322,322,
3615,5,5000000,0,user_20,322,322,
3629,6,4500000,0,user_36,322,322,
3634,7,3600000,594000,user_42,322,322,
3603,8,2500000,0,user_7,322,322,
3619,9,2300000,0,user_28,322,322,
3598,10,2000000,0,user_3,322,322,
3599,11,2000000,0,user_4,322,322,
3613,12,1500000,0,user_19,322,322,
3601,13,1400000,0,user_5,322,322,
3625,14,1400000,0,user_32,322,322,
3612,15,1100000,0,user_17,322,322,
3630,16,1100000,0,user_37,322,322,
3641,17,1100000,0,user_46,322,322,
3626,18,910000,67500,user_33,322,322,
3636,19,910000,0,user_44,322,322,
3622,20,630000,0,user_30,322,322,
3637,21,530000,0,user_44,322,322,
3621,22,420000,769000,user_30,322,322,
3645,23,360000,0,user_48,322,322,
3642,24,340000,0,user_46,322,322,
3602,25,320000,0,user_6,322,322,
3597,26,300000,0,user_2,322,322,
3635,27,240000,0,user_43,322,322,
3644,28,240000,0,user_47,322,322,
3631,29,220000,0,user_38,322,322,
3618,30,190000,0,user_26,322,322,
3620,31,170000,0,user_29,322,322,
3633,32,150000,0,user_41,322,322,
3638,33,150000,0,user_44,322,322,
3639,34,130000,0,user_44,322,322,
3608,35,120001,0,user_15,322,322,3604
3611,36,120001,0,user_15,322,322,3604
3606,37,119999,0,user_11,322,322,3604
3607,38,119999,0,user_12,322,322,3604
3609,39,119999,0,user_15,322,322,3604
3610,40,119999,0,user_15,322,322,3604
3600,41,110000,0,user_5,322,322,
3614,42,110000,0,user_19,322,322,
3623,43,85000,5180,user_32,322,322,
3640,44,83000,13900,user_44,322,322,
3596,45,80000,0,user_1,322,322,
3627,46,79000,18600,user_34,322,322,
3646,47,77000,0,user_48,322,322,
3617,48,73000,0,user_21,322,322,
3689,0,27000000,10700,user_40,323,323,
3686,1,19000000,0,user_37,323,323,
3673,2,3600000,0,user_25,323,323,
3649,3,2300000,0,user_2,323,323,
3671,4,2100000,0,user_20,323,323,
3660,5,1900000,0,user_8,323,323,
3659,6,1600000,0,user_8,323,323,
3672,7,1500000,0,user_24,323,323,
3675,8,1500000,0,user_27,323,323,
3684,9,1000000,0,user_34,323,323,
3663,10,910000,0,user_11,323,323,
3676,11,650000,0,user_28,323,323,
3658,12,630000,0,user_8,323,323,
3662,13,630000,0,user_10,323,323,
3680,14,600000,0,user_32,323,323,
3677,15,470000,0,user_29,323,323,
3651,16,460000,0,user_4,323,323,
3669,17,460000,0,user_20,323,323,
3679,18,420000,0,user_31,323,323,
3685,19,420000,0,user_36,323,323,
3661,20,370000,0,user_9,323,323,
3653,21,350000,0,user_5,323,323,
3693,22,350000,0,user_45,323,323,
3666,23,320000,0,user_15,323,323,
3678,24,320000,0,user_29,323,323,
3665,25,310000,0,user_15,323,323,
3691,26,300000,33100,user_42,323,323,
3655,27,220000,0,user_6,323,323,
3674,28,170000,34700,user_25,323,323,
3687,29,170000,14200,user_38,323,323,
3654,30,160000,0,user_6,323,323,
3657,31,150000,0,user_8,323,323,
3688,32,150000,0,user_38,323,323,
3647,33,120000,0,user_0,323,323,
3656,34,120000,0,user_8,323,323,
3670,35,120000,0,user_20,323,323,
3664,36,110000,0,user_12,323,323,
3652,37,100000,0,user_4,323,323,
3667,38,85000,0,user_16,323,323,
3668,39,73000,0,user_19,323,323,
3681,40,73000,0,user_32,323,323,
1871,0,19000000,0,user_39,324,324,
1855,1,6100000,0,user_18,324,324,
1863,2,4500000,0,user_29,324,324,
1880,3,4500000,0,user_46,324,324,
1837,4,4200000,0,user_3,324,324,
1879,5,3500000,0,user_45,324,324,
1853,6,2400000,0,user_17,324,324,
1877,7,2000000,0,user_45,324,324,
1878,8,2000000,43600,user_45,324,324,
1884,9,2000000,5630,user_48,324,324,
1870,10,1700000,0,user_38,324,324,
1869,11,1600000,0,user_37,324,324,
1852,12,1500000,56200,user_16,324,324,
1854,13,1500000,0,user_18,324,324,
1875,14,1400000,0,user_45,324,324,
1881,15,1400000,0,user_47,324,324,
1832,16,1200000,0,user_0,324,324,
1833,17,1100000,0,user_1,324,324,
1856,18,1100000,0,user_18,324,324,
1868,19,1100000,13800,user_36,324,324,
1851,20,970000,0,user_16,324,324,
1838,21,910000,0,user_5,324,324,
1882,22,910000,0,user_47,324,324,
1842,23,630001,0,user_11,324,324,1839
1843,24,630001,0,user_13,324,324,1839
1845,25,630001,0,user_14,324,324,1839
1849,26,630001,0,user_15,324,324,1839
1839,27,630000,285000,user_7,324,324,
1840,28,629999,0,user_7,324,324,1839
1841,29,629999,0,user_10,324,324,1839
1844,30,629999,0,user_13,324,324,1839
1846,31,629999,0,user_15,324,324,1839
1847,32,629999,0,user_15,324,324,1839
1848,33,629999,0,user_15,324,324,1839
1850,34,629999,0,user_15,324,324,1839
1836,35,460000,0,user_3,324,324,
1864,36,460000,0,user_30,324,324,
1865,37,460000,21800,user_33,324,324,
1835,38,360000,0,user_2,324,324,
1866,39,350000,13900,user_34,324,324,
1876,40,350000,0,user_45,324,324,
1883,41,240000,0,user_48,324,324,
1858,42,220000,17000,user_23,324,324,
1859,43,170000,0,user_26,324,324,
1861,44,160000,0,user_28,324,324,
1834,45,150000,0,user_1,324,324,
1872,46,110000,0,user_41,324,324,
1862,47,84000,0,user_29,324,324,
1860,48,82000,0,user_26,324,324,
1873,49,80000,0,user_43,324,324,
1874,50,80000,0,user_44,324,324,
1857,51,70000,0,user_19,324,324,
1932,0,43000000,0,user_42,325,325,
1903,1,27000000,17000,user_19,325,325,
1924,2,27000000,0,user_33,325,325,
1907,3,6300000,0,user_24,325,325,
1926,4,5000000,0,user_35,325,325,
1905,5,4500000,0,user_23,325,325,
1936,6,3600000,0,user_44,325,325,
1913,7,2600000,0,user_28,325,325,
1920,8,2500000,12800,user_30,325,325,
1901,9,2100000,0,user_17,325,325,
1908,10,2000000,0,user_24,325,325,
1909,11,1800000,0,user_25,325,325,
1922,12,1800000,0,user_31,325,325,
1911,13,1600000,0,user_25,325,325,
1918,14,1600000,769000,user_30,325,325,
1917,15,1400000,16400,user_29,325,325,
1925,16,1300000,18600,user_35,325,325,
1931,17,1000000,0,user_42,325,325,
1933,18,1000000,17000,user_42,325,325,
1902,19,970000,0,user_19,325,325,
1912,20,910000,0,user_25,325,325,
1910,21,660000,0,user_25,325,325,
1927,22,660000,0,user_37,325,325,
1919,23,650000,0,user_30,325,325,
1934,24,530000,0,user_42,325,325,
1914,25,310000,0,user_28,325,325,
1939,26,310000,0,user_48,325,325,
1915,27,260000,0,user_28,325,325,
1921,28,220000,0,user_30,325,325,
1940,29,220000,64600,user_49,325,325,
1929,30,170000,0,user_38,325,325,
1888,31,160001,0,user_4,325,325,1887
1890,32,160001,0,user_7,325,325,1887
1891,33,160001,0,user_7,325,325,1887
1893,34,160001,0,user_9,325,325,1887
1894,35,160001,0,user_9,325,325,1887
1897,36,160001,0,user_11,325,325,1887
1898,37,160001,0,user_12,325,325,1887
1899,38,160001,0,user_14,325,325,1887
1900,39,160001,0,user_15,325,325,1887
1887,40,160000,231000,user_2,325,325,
1906,41,160000,0,user_24,325,325,
1889,42,159999,0,user_5,325,325,1887
1892,43,159999,0,user_8,325,325,1887
1895,44,159999,0,user_10,325,325,1887
1896,45,159999,0,user_11,325,325,1887
1916,46,150000,0,user_28,325,325,
1928,47,120000,0,user_38,325,325,
1904,48,98000,0,user_21,325,325,
1930,49,87000,0,user_41,325,325,
1935,50,87000,0,user_42,325,325,
1937,51,77000,0,user_44,325,325,
1984,0,27000000,12300,user_35,326,326,
1987,1,27000000,0,user_40,326,326,
1976,2,19000000,0,user_25,326,326,
1991,3,19000000,36800,user_44,326,326,
1974,4,6300000,0,user_22,326,326,
1972,5,6100000,33300,user_21,326,326,
1995,6,2600000,17000,user_45,326,326,
1981,7,2500000,0,user_30,326,326,
1970,8,2400000,0,user_18,326,326,
1942,9,2300000,0,user_0,326,326,
1983,10,2000000,0,user_35,326,326,
1985,11,2000000,4320000,user_36,326,326,
1989,12,2000000,0,user_43,326,326,
1969,13,1900000,0,user_16,326,326,
1978,14,1300000,0,user_28,326,326,
1990,15,1000000,0,user_43,326,326,
1992,16,670000,164000,user_45,326,326,
1993,17,670000,381000,user_45,326,326,
1979,18,600000,0,user_28,326,326,
1988,19,600000,0,user_41,326,326,
1941,20,310000,0,user_0,326,326,
1994,21,300000,0,user_45,326,326,
1998,22,300000,0,user_48,326,326,
1996,23,170000,0,user_46,326,326,
1986,24,150000,0,user_37,326,326,
2000,25,150000,0,user_49,326,326,
1980,26,110000,0,user_29,326,326,
1944,27,87001,0,user_2,326,326,1943
1945,28,87001,0,user_4,326,326,1943
1946,29,87001,0,user_6,326,326,1943
1954,30,87001,0,user_11,326,326,1943
1963,31,87001,0,user_14,326,326,1943
1964,32,87001,0,user_14,326,326,1943
1967,33,87001,0,user_14,326,326,1943
1968,34,87001,0,user_15,326,326,1943
1943,35,87000,15700,user_1,326,326,
1951,36,86999,0,user_10,326,326,1943
1952,37,86999,0,user_11,326,326,1943
1953,38,86999,0,user_11,326,326,1943
1955,39,86999,0,user_11,326,326,1943
1956,40,86999,0,user_11,326,326,1943
1965,41,86999,0,user_14,326,326,1943
1966,42,86999,0,user_14,326,326,1943
1999,43,77000,0,user_48,326,326,
1973,44,73000,0,user_22,326,326,
2014,0,19000000,0,user_19,327,327,
2027,1,6300000,0,user_36,327,327,
2029,2,5200000,0,user_37,327,327,
2026,3,5000000,128000,user_34,327,327,
2022,4,4200000,108000,user_28,327,327,
2024,5,4200000,0,user_31,327,327,
2039,6,2600000,0,user_47,327,327,
2015,7,2500000,8520,user_21,327,327,
2030,8,2500000,0,user_39,327,327,
2011,9,2400000,73100,user_17,327,327,
2023,10,2400000,0,user_29,327,327,
2035,11,1800000,0,user_42,327,327,
2018,12,1600000,0,user_23,327,327,
2021,13,1600000,0,user_26,327,327,
2038,14,1500000,4320000,user_45,327,327,
2020,15,1100000,0,user_26,327,327,
2034,16,1000000,0,user_42,327,327,
2032,17,910000,0,user_41,327,327,
2012,18,870000,0,user_17,327,327,
2028,19,460000,0,user_36,327,327,
2040,20,360000,0,user_48,327,327,
2043,21,340000,0,user_49,327,327,
2013,22,320000,0,user_18,327,327,
2033,23,300000,0,user_42,327,327,
2025,24,170000,0,user_33,327,327,
2037,25,170000,0,user_44,327,327,
2017,26,160000,0,user_22,327,327,
2019,27,150000,0,user_24,327,327,
2036,28,150000,0,user_42,327,327,
2042,29,150000,0,user_48,327,327,
2016,30,120000,15100,user_22,327,327,
2041,31,120000,0,user_48,327,327,
2002,32,83001,0,user_5,327,327,2001
2004,33,83001,0,user_6,327,327,2001
2006,34,83001,0,user_10,327,327,2001
2009,35,83001,0,user_12,327,327,2001
2010,36,83001,0,user_14,327,327,2001
2001,37,83000,231000,user_3,327,327,
2003,38,82999,0,user_5,327,327,2001
2007,39,82999,0,user_11,327,327,2001
2008,40,82999,0,user_11,327,327,2001
2059,0,43000000,0,user_16,328,328,
2088,1,6100000,381000,user_40,328,328,
2083,2,5000000,0,user_37,328,328,
2094,3,5000000,0,user_46,328,328,
2090,4,2300000,0,user_42,328,328,
2095,5,2000000,0,user_47,328,328,
2084,6,1900000,0,user_37,328,328,
2067,7,1700000,14200,user_19,328,328,
2062,8,1600000,0,user_16,328,328,
2070,9,1500000,0,user_22,328,328,
2077,10,1500000,6390,user_28,328,328,
2044,11,1100000,0,user_1,328,328,
2079,12,1100000,0,user_32,328,328,
2064,13,970000,0,user_17,328,328,
2063,14,670000,0,user_17,328,328,
2078,15,670000,19700,user_28,328,328,
2047,16,660001,0,user_2,328,328,2046
2049,17,660001,0,user_3,328,328,2046
2050,18,660001,0,user_4,328,328,2046
2051,19,660001,0,user_6,328,328,2046
2052,20,660001,0,user_6,328,328,2046
2054,21,660001,0,user_9,328,328,2046
2057,22,660001,0,user_11,328,328,2046
2058,23,660001,0,user_13,328,328,2046
2046,24,660000,11200,user_2,328,328,
2066,25,660000,0,user_19,328,328,
2091,26,660000,0,user_43,328,328,
2048,27,659999,0,user_2,328,328,2046
2053,28,659999,0,user_8,328,328,2046
2056,29,659999,0,user_11,328,328,2046
2045,30,370000,0,user_2,328,328,
2082,31,360000,0,user_35,328,328,
2060,32,320000,0,user_16,328,328,
2089,33,310000,0,user_42,328,328,
2080,34,260000,0,user_33,328,328,
2081,35,220000,959000,user_35,328,328,
2092,36,170000,0,user_45,328,328,
2065,37,150000,0,user_18,328,328,
2068,38,120000,0,user_21,328,328,
2085,39,87000,0,user_38,328,328,
2061,40,80000,0,user_16,328,328,
2069,41,80000,0,user_21,328,328,
2093,42,70000,30200,user_46,328,328,
2098,0,27000000,0,user_1,329,329,
2118,1,27000000,100000,user_18,329,329,
2125,2,27000000,0,user_26,329,329,
2121,3,19000000,0,user_19,329,329,
2130,4,5000000,164000,user_31,329,329,
2101,5,4500000,0,user_7,329,329,
2122,6,3600000,0,user_23,329,329,
2097,7,2400000,0,user_0,329,329,
2124,8,2000000,0,user_25,329,329,
2143,9,1600000,0,user_47,329,329,
2137,10,1500000,0,user_40,329,329,
2117,11,1400000,0,user_18,329,329,
2142,12,530000,73100,user_45,329,329,
2104,13,420001,0,user_9,329,329,2103
2105,14,420001,0,user_9,329,329,2103
2106,15,420001,0,user_9,329,329,2103
2109,16,420001,0,user_11,329,329,2103
2113,17,420001,0,user_11,329,329,2103
2114,18,420001,0,user_12,329,329,2103
2103,19,420000,164000,user_9,329,329,
2126,20,420000,0,user_27,329,329,
2107,21,419999,0,user_9,329,329,2103
2108,22,419999,0,user_10,329,329,2103
2110,23,419999,0,user_11,329,329,2103
2111,24,419999,0,user_11,329,329,2103
2112,25,419999,0,user_11,329,329,2103
2115,26,419999,0,user_13,329,329,2103
2102,27,310000,0,user_8,329,329,
2129,28,310000,0,user_30,329,329,
2099,29,300000,0,user_2,329,329,
2135,30,300000,42000,user_39,329,329,
2136,31,260000,0,user_40,329,329,
2141,32,190000,0,user_45,329,329,
2123,33,160000,0,user_24,329,329,
2116,34,120000,0,user_17,329,329,
2119,35,110000,0,user_18,329,329,
2138,36,110000,0,user_41,329,329,
2131,37,100000,0,user_33,329,329,
2128,38,84000,0,user_29,329,329,
2120,39,83000,0,user_18,329,329,
2134,40,79000,0,user_38,329,329,
2132,41,77000,0,user_35,329,329,
2174,0,43000000,0,user_26,330,330,
2186,1,43000000,0,user_37,330,330,
2162,2,27000000,0,user_16,330,330,
2187,3,27000000,1100000,user_37,330,330,
2151,4,3500000,0,user_7,330,330,
2148,5,2500000,0,user_5,330,330,
2167,6,2500000,14200,user_18,330,330,
2181,7,2000000,0,user_33,330,330,
2172,8,1900000,0,user_25,330,330,
2153,9,1800000,0,user_9,330,330,
2190,10,1800000,0,user_39,330,330,
2146,11,1600000,0,user_3,330,330,
2189,12,1400000,195000,user_38,330,330,
2203,13,1400000,0,user_48,330,330,
2173,14,1100000,0,user_26,330,330,
2171,15,1000000,0,user_24,330,330,
2175,16,1000000,0,user_26,330,330,
2150,17,600000,0,user_6,330,330,
2197,18,470000,13800,user_42,330,330,
2178,19,350000,0,user_29,330,330,
2191,20,340000,0,user_40,330,330,
2198,21,300000,0,user_43,330,330,
2157,22,260001,0,user_12,330,330,2155
2158,23,260001,0,user_12,330,330,2155
2155,24,260000,33100,user_10,330,330,
2156,25,259999,0,user_11,330,330,2155
2159,26,259999,0,user_12,330,330,2155
2160,27,259999,0,user_14,330,330,2155
2161,28,259999,0,user_15,330,330,2155
2192,29,240000,0,user_40,330,330,
2166,30,220000,0,user_18,330,330,
2168,31,220000,0,user_18,330,330,
2179,32,220000,0,user_30,330,330,
2183,33,220000,0,user_35,330,330,
2188,34,220000,0,user_37,330,330,
2154,35,190000,0,user_10,330,330,
2177,36,190000,0,user_26,330,330,
2185,37,170000,0,user_36,330,330,
2163,38,160000,0,user_17,330,330,
2196,39,160000,0,user_42,330,330,
2176,40,150000,0,user_26,330,330,
2204,41,150000,30200,user_49,330,330,
2147,42,120000,0,user_4,330,330,
2164,43,120000,0,user_17,330,330,
2184,44,120000,0,user_36,330,330,
2149,45,110000,0,user_6,330,330,
2152,46,110000,0,user_8,330,330,
2170,47,110000,0,user_23,330,330,
2180,48,100000,0,user_31,330,330,
2194,49,100000,0,user_40,330,330,
2199,50,100000,0,user_44,330,330,
2169,51,98000,0,user_20,330,330,
2165,52,85000,0,user_18,330,330,
2193,53,80000,0,user_40,330,330,
2195,54,79000,0,user_41,330,330,
2248,0,27000000,5630,user_31,331,331,
2256,1,19000000,0,user_36,331,331,
2224,2,4500000,0,user_18,331,331,
2233,3,3600000,0,user_23,331,331,
2250,4,3600000,73100,user_32,331,331,
2269,5,3500000,0,user_48,331,331,
2232,6,2600000,0,user_23,331,331,
2238,7,2000000,959000,user_28,331,331,
2247,8,2000000,19700,user_30,331,331,
2223,9,1500000,0,user_17,331,331,
2211,10,970001,0,user_4,331,331,2209
2212,11,970001,0,user_5,331,331,2209
2217,12,970001,0,user_10,331,331,2209
2219,13,970001,0,user_13,331,331,2209
2209,14,970000,285000,user_1,331,331,
2210,15,969999,0,user_3,331,331,2209
2213,16,969999,0,user_6,331,331,2209
2214,17,969999,0,user_7,331,331,2209
2218,18,969999,0,user_12,331,331,2209
2220,19,969999,0,user_14,331,331,2209
2221,20,969999,0,user_15,331,331,2209
2261,21,910000,0,user_38,331,331,
2260,22,670000,0,user_38,331,331,
2270,23,670000,0,user_49,331,331,
2263,24,660000,164000,user_43,331,331,
2268,25,650000,0,user_48,331,331,
2228,26,600000,0,user_18,331,331,
2266,27,530000,0,user_47,331,331,
2234,28,470000,350000,user_24,331,331,
2246,29,460000,46500,user_29,331,331,
2253,30,460000,0,user_36,331,331,
2255,31,360000,0,user_36,331,331,
2227,32,350000,0,user_18,331,331,
2267,33,320000,0,user_47,331,331,
2208,34,310000,0,user_1,331,331,
2229,35,300000,0,user_19,331,331,
2237,36,300000,0,user_28,331,331,
2257,37,260000,0,user_38,331,331,
2262,38,260000,34700,user_42,331,331,
2265,39,260000,0,user_45,331,331,
2235,40,220000,33300,user_24,331,331,
2258,41,220000,510000,user_38,331,331,
2259,42,220000,47700,user_38,331,331,
2225,43,190000,0,user_18,331,331,
2226,44,170000,0,user_18,331,331,
2207,45,150000,0,user_1,331,331,
2222,46,150000,146000,user_16,331,331,
2231,47,150000,0,user_21,331,331,
2244,48,130000,0,user_29,331,331,
2206,49,120000,0,user_1,331,331,
2230,50,120000,0,user_20,331,331,
2239,51,120000,0,user_28,331,331,
2240,52,120000,0,user_28,331,331,
2249,53,120000,0,user_32,331,331,
2242,54,110000,15700,user_29,331,331,
2245,55,100000,0,user_29,331,331,
2254,56,98000,0,user_36,331,331,
2205,57,87000,0,user_1,331,331,
2243,58,84000,0,user_29,331,331,
2241,59,83000,0,user_28,331,331,
2264,60,83000,296000,user_44,331,331,
2236,61,82000,0,user_26,331,331,
2298,0,43000000,0,user_27,332,332,
2294,1,19000000,0,user_21,332,332,
2295,2,19000000,0,user_22,332,332,
2304,3,5200000,0,user_33,332,332,
2272,4,4200001,0,user_1,332,332,2271
2273,5,4200001,0,user_2,332,332,2271
2276,6,4200001,0,user_6,332,332,2271
2281,7,4200001,0,user_9,332,332,2271
2286,8,4200001,0,user_12,332,332,2271
2289,9,4200001,0,user_15,332,332,2271
2271,10,4200000,12800,user_0,332,332,
2275,11,4199999,0,user_6,332,332,2271
2277,12,4199999,0,user_7,332,332,2271
2278,13,4199999,0,user_7,332,332,2271
2279,14,4199999,0,user_8,332,332,2271
2280,15,4199999,0,user_8,332,332,2271
2282,16,4199999,0,user_9,332,332,2271
2283,17,4199999,0,user_10,332,332,2271
2284,18,4199999,0,user_10,332,332,2271
2285,19,4199999,0,user_11,332,332,2271
2287,20,4199999,0,user_13,332,332,2271
2288,21,4199999,0,user_14,332,332,2271
2310,22,2600000,296000,user_39,332,332,
2301,23,1700000,35600,user_30,332,332,
2312,24,1600000,0,user_39,332,332,
2311,25,1500000,0,user_39,332,332,
2292,26,1100000,0,user_18,332,332,
2317,27,910000,0,user_43,332,332,
2315,28,470000,0,user_41,332,332,
2308,29,420000,0,user_36,332,332,
2290,30,370000,0,user_16,332,332,
2302,31,370000,0,user_31,332,332,
2314,32,310000,0,user_40,332,332,
2319,33,310000,0,user_43,332,332,
2318,34,300000,0,user_43,332,332,
2300,35,220000,0,user_30,332,332,
2303,36,220000,0,user_33,332,332,
2307,37,160000,381000,user_35,332,332,
2323,38,100000,36800,user_47,332,332,
2293,39,87000,0,user_19,332,332,
2320,40,83000,0,user_43,332,332,
2313,41,80000,0,user_39,332,332,
2325,0,30000000,0,user_3,333,333,
2343,1,30000000,0,user_19,333,333,
2372,2,30000000,0,user_45,333,333,
2329,3,5200001,0,user_8,333,333,2327
2333,4,5200001,0,user_11,333,333,2327
2334,5,5200001,0,user_11,333,333,2327
2327,6,5200000,779000,user_4,333,333,
2330,7,5199999,0,user_9,333,333,2327
2331,8,5199999,0,user_10,333,333,2327
2332,9,5199999,0,user_10,333,333,2327
2335,10,5199999,0,user_12,333,333,2327
2336,11,5199999,0,user_14,333,333,2327
2352,12,5000000,0,user_27,333,333,
2363,13,4500000,146000,user_41,333,333,
2337,14,4200000,0,user_16,333,333,
2369,15,4200000,0,user_44,333,333,
2357,16,2500000,35600,user_31,333,333,
2341,17,2000000,0,user_18,333,333,
2366,18,2000000,0,user_43,333,333,
2356,19,1900000,0,user_30,333,333,
2362,20,1900000,0,user_39,333,333,
2339,21,1600000,0,user_18,333,333,
2342,22,1100000,381000,user_18,333,333,
2371,23,870000,0,user_44,333,333,
2344,24,660000,0,user_22,333,333,
2345,25,650000,0,user_23,333,333,
2338,26,630000,0,user_18,333,333,
2367,27,470000,381000,user_43,333,333,
2340,28,420000,36800,user_18,333,333,
2348,29,420000,121000,user_25,333,333,
2373,30,420000,0,user_45,333,333,
2326,31,300000,0,user_3,333,333,
2364,32,260000,0,user_42,333,333,
2355,33,240000,24700,user_30,333,333,
2358,34,220000,0,user_32,333,333,
2365,35,220000,0,user_42,333,333,
2351,36,170000,0,user_25,333,333,
2324,37,150000,0,user_1,333,333,
2359,38,150000,0,user_33,333,333,
2349,39,120000,0,user_25,333,333,
2368,40,110000,0,user_44,333,333,
2370,41,100000,0,user_44,333,333,
2350,42,87000,71800,user_25,333,333,
2354,43,82000,0,user_29,333,333,
2347,44,80000,0,user_25,333,333,
2407,0,5000000,0,user_29,334,334,
2412,1,5000000,12800,user_39,334,334,
2408,2,4500000,769000,user_30,334,334,
2396,3,2600000,0,user_16,334,334,
2417,4,2600000,0,user_42,334,334,
2398,5,2300000,10700,user_17,334,334,
2404,6,2000000,0,user_25,334,334,
2415,7,2000000,0,user_42,334,334,
2413,8,1600000,0,user_40,334,334,
2419,9,1600000,322000,user_45,334,334,
2409,10,650000,0,user_31,334,334,
2411,11,460000,0,user_35,334,334,
2400,12,370000,0,user_20,334,334,
2397,13,360000,0,user_16,334,334,
2401,14,360000,0,user_21,334,334,
2418,15,360000,161000,user_44,334,334,
2403,16,340000,60700,user_23,334,334,
2410,17,340000,0,user_34,334,334,
2423,18,310000,0,user_49,334,334,
2420,19,260000,0,user_46,334,334,
2406,20,220000,0,user_28,334,334,
2422,21,160000,0,user_49,334,334,
2402,22,150000,42000,user_22,334,334,
2414,23,130000,0,user_41,334,334,
2416,24,120000,0,user_42,334,334,
2375,25,110001,0,user_1,334,334,2374
2376,26,110001,0,user_2,334,334,2374
2377,27,110001,0,user_3,334,334,2374
2378,28,110001,0,user_4,334,334,2374
2385,29,110001,0,user_9,334,334,2374
2386,30,110001,0,user_10,334,334,2374
2387,31,110001,0,user_11,334,334,2374
2388,32,110001,0,user_11,334,334,2374
2389,33,110001,0,user_11,334,334,2374
2390,34,110001,0,user_11,334,334,2374
2391,35,110001,0,user_11,334,334,2374
2394,36,110001,0,user_14,334,334,2374
2374,37,110000,15300,user_0,334,334,
2421,38,110000,0,user_48,334,334,
2379,39,109999,0,user_5,334,334,2374
2395,40,109999,0,user_15,334,334,2374
2405,41,87000,296000,user_27,334,334,
2429,0,43000001,0,user_2,335,335,2426
2431,1,43000001,0,user_4,335,335,2426
2435,2,43000001,0,user_6,335,335,2426
2436,3,43000001,0,user_7,335,335,2426
2438,4,43000001,0,user_8,335,335,2426
2440,5,43000001,0,user_9,335,335,2426
2441,6,43000001,0,user_11,335,335,2426
2443,7,43000001,0,user_13,335,335,2426
2444,8,43000001,0,user_14,335,335,2426
2426,9,43000000,7840,user_2,335,335,
2427,10,42999999,0,user_2,335,335,2426
2428,11,42999999,0,user_2,335,335,2426
2432,12,42999999,0,user_4,335,335,2426
2433,13,42999999,0,user_6,335,335,2426
2434,14,42999999,0,user_6,335,335,2426
2437,15,42999999,0,user_7,335,335,2426
2439,16,42999999,0,user_8,335,335,2426
2442,17,42999999,0,user_12,335,335,2426
2445,18,42999999,0,user_14,335,335,2426
2446,19,42999999,0,user_15,335,335,2426
2482,20,6300000,0,user_41,335,335,
2491,21,6100000,0,user_48,335,335,
2451,22,5200000,0,user_21,335,335,
2476,23,5000000,0,user_37,335,335,
2450,24,4500000,0,user_21,335,335,
2468,25,4500000,0,user_33,335,335,
2466,26,3600000,0,user_31,335,335,
2490,27,2400000,47700,user_47,335,335,
2425,28,1400000,0,user_1,335,335,
2449,29,1400000,0,user_19,335,335,
2483,30,1400000,100000,user_41,335,335,
2474,31,1300000,0,user_36,335,335,
2477,32,1100000,0,user_37,335,335,
2448,33,1000000,0,user_18,335,335,
2447,34,970000,0,user_16,335,335,
2463,35,670000,0,user_28,335,335,
2493,36,670000,256000,user_48,335,335,
2484,37,650000,0,user_41,335,335,
2494,38,630000,0,user_48,335,335,
2462,39,530000,0,user_28,335,335,
2424,40,470000,0,user_0,335,335,
2452,41,460000,0,user_22,335,335,
2481,42,460000,0,user_41,335,335,
2480,43,320000,36800,user_41,335,335,
2461,44,310000,0,user_26,335,335,
2479,45,300000,0,user_39,335,335,
2460,46,220000,0,user_26,335,335,
2492,47,220000,0,user_48,335,335,
2488,48,160000,0,user_46,335,335,
2454,49,150000,0,user_24,335,335,
2465,50,120000,779000,user_31,335,335,
2475,51,120000,0,user_37,335,335,
2487,52,110000,5630,user_46,335,335,
2489,53,84000,0,user_46,335,335,
2495,54,70000,0,user_49,335,335,
2524,0,43000000,0,user_30,336,336,
2541,1,6300000,0,user_46,336,336,
2532,2,5000000,32900,user_37,336,336,
2540,3,4500000,0,user_45,336,336,
2539,4,2600000,0,user_44,336,336,
2496,5,2000000,0,user_0,336,336,
2515,6,2000000,0,user_22,336,336,
2538,7,2000000,42000,user_42,336,336,
2511,8,1600000,0,user_17,336,336,
2512,9,1600000,0,user_18,336,336,
2522,10,1600000,0,user_27,336,336,
2513,11,1500000,84800,user_20,336,336,
2527,12,1500000,0,user_34,336,336,
2531,13,1500000,0,user_36,336,336,
2516,14,1400000,0,user_24,336,336,
2525,15,1200000,0,user_31,336,336,
2497,16,1100000,0,user_2,336,336,
2535,17,1000000,68100,user_40,336,336,
2519,18,910000,0,user_27,336,336,
2530,19,370000,0,user_35,336,336,
2536,20,350000,0,user_40,336,336,
2521,21,320000,0,user_27,336,336,
2526,22,310000,0,user_33,336,336,
2514,23,260000,0,user_21,336,336,
2523,24,260000,0,user_30,336,336,
2529,25,240000,128000,user_35,336,336,
2533,26,160000,64600,user_39,336,336,
2542,27,160000,0,user_49,336,336,
2503,28,120001,0,user_10,336,336,2498
2506,29,120001,0,user_12,336,336,2498
2507,30,120001,0,user_12,336,336,2498
2509,31,120001,0,user_13,336,336,2498
2498,32,120000,164000,user_3,336,336,
2501,33,119999,0,user_7,336,336,2498
2502,34,119999,0,user_10,336,336,2498
2508,35,119999,0,user_13,336,336,2498
2510,36,119999,0,user_14,336,336,2498
2528,37,98000,0,user_35,336,336,
2520,38,79000,0,user_27,336,336,
2534,39,79000,0,user_39,336,336,
2570,0,30000000,0,user_30,337,337,
2567,1,2600000,0,user_29,337,337,
2582,2,2500000,71800,user_46,337,337,
2577,3,2400000,0,user_38,337,337,
2562,4,2000000,0,user_20,337,337,
2560,5,1900000,0,user_19,337,337,
2557,6,1600000,0,user_18,337,337,
2576,7,1500000,0,user_37,337,337,
2573,8,1200000,161000,user_32,337,337,
2555,9,1100000,0,user_16,337,337,
2558,10,1100000,0,user_19,337,337,
2569,11,670000,296000,user_30,337,337,
2583,12,600000,0,user_47,337,337,
2556,13,530000,0,user_17,337,337,
2566,14,530000,0,user_28,337,337,
2561,15,470000,0,user_19,337,337,
2580,16,470000,0,user_43,337,337,
2559,17,420000,0,user_19,337,337,
2565,18,420000,0,user_26,337,337,
2564,19,370000,36800,user_23,337,337,
2545,20,360001,0,user_2,337,337,2544
2546,21,360001,0,user_3,337,337,2544
2547,22,360001,0,user_4,337,337,2544
2549,23,360001,0,user_8,337,337,2544
2550,24,360001,0,user_8,337,337,2544
2551,25,360001,0,user_10,337,337,2544
2544,26,360000,49100,user_1,337,337,
2548,27,359999,0,user_5,337,337,2544
2553,28,359999,0,user_13,337,337,2544
2554,29,350000,0,user_16,337,337,
2568,30,220000,0,user_30,337,337,
2571,31,220000,0,user_30,337,337,
2563,32,160000,35600,user_21,337,337,
2581,33,150000,13900,user_44,337,337,
2584,34,130000,0,user_49,337,337,
2543,35,110000,0,user_0,337,337,
2572,36,110000,0,user_31,337,337,
2574,37,110000,0,user_33,337,337,
2579,38,98000,0,user_42,337,337,
2621,0,19000000,0,user_38,338,338,
2632,1,6100000,0,user_46,338,338,
2612,2,5200000,60700,user_27,338,338,
2624,3,4500000,0,user_39,338,338,
2587,4,3200001,0,user_2,338,338,2585
2588,5,3200001,0,user_3,338,338,2585
2592,6,3200001,0,user_7,338,338,2585
2593,7,3200001,0,user_7,338,338,2585
2594,8,3200001,0,user_7,338,338,2585
2600,9,3200001,0,user_10,338,338,2585
2603,10,3200001,0,user_10,338,338,2585
2605,11,3200001,0,user_12,338,338,2585
2585,12,3200000,30200,user_1,338,338,
2586,13,3199999,0,user_1,338,338,2585
2589,14,3199999,0,user_4,338,338,2585
2590,15,3199999,0,user_5,338,338,2585
2591,16,3199999,0,user_6,338,338,2585
2595,17,3199999,0,user_7,338,338,2585
2596,18,3199999,0,user_7,338,338,2585
2599,19,3199999,0,user_10,338,338,2585
2601,20,3199999,0,user_10,338,338,2585
2602,21,3199999,0,user_10,338,338,2585
2604,22,3199999,0,user_11,338,338,2585
2606,23,3199999,0,user_14,338,338,2585
2607,24,3199999,0,user_15,338,338,2585
2633,25,2500000,0,user_47,338,338,
2631,26,2400000,0,user_46,338,338,
2616,27,2000000,0,user_30,338,338,
2620,28,2000000,0,user_36,338,338,
2630,29,2000000,283000,user_43,338,338,
2634,30,2000000,0,user_48,338,338,
2611,31,1600000,0,user_25,338,338,
2609,32,1400000,0,user_22,338,338,
2613,33,1200000,0,user_29,338,338,
2636,34,670000,0,user_48,338,338,
2617,35,470000,0,user_32,338,338,
2622,36,460000,7190000,user_39,338,338,
2625,37,420000,0,user_39,338,338,
2626,38,360000,0,user_39,338,338,
2635,39,220000,0,user_48,338,338,
2623,40,170000,195000,user_39,338,338,
2608,41,130000,0,user_21,338,338,
2618,42,130000,0,user_34,338,338,
2614,43,110000,10700,user_30,338,338,
2615,44,110000,0,user_30,338,338,
2629,45,98000,779000,user_42,338,338,
2610,46,84000,0,user_22,338,338,
2682,0,30000000,0,user_46,339,339,
2666,1,6100000,0,user_28,339,339,
2658,2,5200000,4320000,user_20,339,339,
2663,3,5000000,0,user_24,339,339,
2685,4,5000000,0,user_48,339,339,
2683,5,4500000,0,user_47,339,339,
2644,6,3500000,0,user_10,339,339,
2677,7,3500000,0,user_43,339,339,
2684,8,2500000,0,user_48,339,339,
2669,9,2100000,0,user_32,339,339,
2642,10,2000000,0,user_7,339,339,
2665,11,2000000,0,user_27,339,339,
2671,12,2000000,0,user_34,339,339,
2659,13,1700000,0,user_22,339,339,
2653,14,1500000,0,user_16,339,339,
2652,15,1400000,0,user_16,339,339,
2680,16,1300000,0,user_45,339,339,
2667,17,1000000,0,user_29,339,339,
2672,18,670000,0,user_36,339,339,
2640,19,650000,0,user_5,339,339,
2678,20,650000,0,user_44,339,339,
2655,21,530000,0,user_18,339,339,
2679,22,530000,0,user_44,339,339,
2657,23,460000,10700,user_20,339,339,
2662,24,420000,39400,user_24,339,339,
2668,25,240000,0,user_30,339,339,
2673,26,220000,0,user_37,339,339,
2660,27,170000,0,user_23,339,339,
2664,28,170000,0,user_25,339,339,
2661,29,150000,0,user_24,339,339,
2638,30,120000,0,user_3,339,339,
2654,31,120000,35600,user_17,339,339,
2637,32,110000,0,user_1,339,339,
2646,33,85001,0,user_11,339,339,2645
2647,34,85001,0,user_12,339,339,2645
2649,35,85001,0,user_13,339,339,2645
2651,36,85001,0,user_15,339,339,2645
2641,37,85000,0,user_6,339,339,
2645,38,85000,779000,user_10,339,339,
2648,39,84999,0,user_13,339,339,2645
2650,40,84999,0,user_15,339,339,2645
2656,41,79000,64600,user_19,339,339,
2681,42,79000,0,user_45,339,339,
2639,43,77000,0,user_4,339,339,
2675,44,77000,0,user_41,339,339,
2670,45,70000,0,user_32,339,339,
2676,46,70000,0,user_41,339,339,
2729,0,43000000,0,user_45,340,340,
2702,1,3500000,0,user_19,340,340,
2700,2,2400000,0,user_17,340,340,
2703,3,2300000,16400,user_19,340,340,
2725,4,2100000,231000,user_42,340,340,
2732,5,1400000,283000,user_48,340,340,
2719,6,1100000,0,user_32,340,340,
2720,7,910000,0,user_34,340,340,
2730,8,870000,0,user_46,340,340,
2713,9,630000,0,user_28,340,340,
2714,10,630000,75000,user_29,340,340,
2716,11,460000,322000,user_30,340,340,
2707,12,370000,0,user_23,340,340,
2710,13,340000,33300,user_25,340,340,
2727,14,320000,0,user_44,340,340,
2728,15,310000,0,user_44,340,340,
2701,16,260000,594000,user_18,340,340,
2708,17,260000,161000,user_23,340,340,
2718,18,170000,0,user_31,340,340,
2712,19,160000,594000,user_27,340,340,
2709,20,150000,0,user_24,340,340,
2704,21,120000,0,user_20,340,340,
2706,22,120000,0,user_22,340,340,
2726,23,120000,0,user_43,340,340,
2731,24,120000,21800,user_47,340,340,
2705,25,110000,24700,user_21,340,340,
2711,26,110000,84800,user_26,340,340,
2715,27,110000,0,user_30,340,340,
2686,28,98000,0,user_0,340,340,
2691,29,83001,0,user_4,340,340,2687
2693,30,83001,0,user_6,340,340,2687
2694,31,83001,0,user_10,340,340,2687
2696,32,83001,0,user_12,340,340,2687
2697,33,83001,0,user_13,340,340,2687
2687,34,83000,42000,user_1,340,340,
2688,35,82999,0,user_3,340,340,2687
2689,36,82999,0,user_3,340,340,2687
2690,37,82999,0,user_3,340,340,2687
2692,38,82999,0,user_4,340,340,2687
2695,39,82999,0,user_12,340,340,2687
2698,40,82999,0,user_13,340,340,2687
2699,41,82999,0,user_15,340,340,2687
2717,42,82000,0,user_31,340,340,
2733,43,73000,0,user_48,340,340,
2734,44,73000,381000,user_49,340,340,
2755,0,43000000,0,user_16,341,341,
2775,1,30000000,0,user_38,341,341,
2782,2,6300000,0,user_40,341,341,
2735,3,6100000,0,user_0,341,341,
2756,4,5000000,0,user_18,341,341,
2780,5,4200000,0,user_39,341,341,
2761,6,3600000,0,user_25,341,341,
2790,7,2600000,0,user_44,341,341,
2758,8,2500000,16400,user_22,341,341,
2779,9,2500000,5630,user_39,341,341,
2772,10,2300000,0,user_37,341,341,
2773,11,2000000,215000,user_37,341,341,
2784,12,2000000,256000,user_42,341,341,
2763,13,1700000,0,user_27,341,341,
2776,14,1600000,0,user_38,341,341,
2785,15,1600000,0,user_42,341,341,
2767,16,970000,0,user_32,341,341,
2777,17,970000,0,user_38,341,341,
2774,18,650000,410000,user_38,341,341,
2788,19,630000,0,user_42,341,341,
2765,20,600000,0,user_31,341,341,
2766,21,460000,0,user_31,341,341,
2792,22,420000,0,user_46,341,341,
2778,23,310000,0,user_38,341,341,
2771,24,190000,35600,user_36,341,341,
2794,25,170000,47700,user_48,341,341,
2781,26,160000,0,user_40,341,341,
2786,27,160000,0,user_42,341,341,
2760,28,150000,0,user_23,341,341,
2764,29,150000,0,user_28,341,341,
2759,30,120000,0,user_23,341,341,
2770,31,120000,285000,user_35,341,341,
2757,32,98000,0,user_19,341,341,
2762,33,98000,0,user_26,341,341,
2787,34,85000,0,user_42,341,341,
2791,35,83000,0,user_45,341,341,
2737,36,77001,0,user_2,341,341,2736
2740,37,77001,0,user_4,341,341,2736
2741,38,77001,0,user_5,341,341,2736
2745,39,77001,0,user_8,341,341,2736
2747,40,77001,0,user_9,341,341,2736
2748,41,77001,0,user_10,341,341,2736
2754,42,77001,0,user_14,341,341,2736
2738,43,76999,0,user_2,341,341,2736
2742,44,76999,0,user_6,341,341,2736
2743,45,76999,0,user_7,341,341,2736
2744,46,76999,0,user_7,341,341,2736
2746,47,76999,0,user_9,341,341,2736
2749,48,76999,0,user_11,341,341,2736
2750,49,76999,0,user_11,341,341,2736
2751,50,76999,0,user_11,341,341,2736
2752,51,76999,0,user_12,341,341,2736
2753,52,76999,0,user_13,341,341,2736
2769,53,73000,0,user_34,341,341,
2822,0,30000000,0,user_20,342,342,
2838,1,19000000,13900,user_39,342,342,
2834,2,3200000,0,user_36,342,342,
2819,3,2000000,33300,user_20,342,342,
2843,4,2000000,0,user_46,342,342,
2832,5,1600000,0,user_34,342,342,
2839,6,1600000,11200,user_39,342,342,
2821,7,1500000,21800,user_20,342,342,
2823,8,1500000,0,user_21,342,342,
2827,9,1500000,0,user_28,342,342,
2796,10,1400000,0,user_0,342,342,
2836,11,1400000,0,user_37,342,342,
2818,12,1100000,68100,user_19,342,342,
2846,13,1100000,0,user_49,342,342,
2829,14,870000,0,user_30,342,342,
2844,15,660000,0,user_48,342,342,
2842,16,650000,0,user_44,342,342,
2825,17,460000,0,user_25,342,342,
2820,18,420000,0,user_20,342,342,
2815,19,350000,0,user_16,342,342,
2824,20,220000,4320000,user_22,342,342,
2826,21,220000,0,user_27,342,342,
2837,22,160000,0,user_39,342,342,
2799,23,150001,0,user_3,342,342,2798
2801,24,150001,0,user_5,342,342,2798
2802,25,150001,0,user_5,342,342,2798
2804,26,150001,0,user_5,342,342,2798
2805,27,150001,0,user_6,342,342,2798
2806,28,150001,0,user_7,342,342,2798
2810,29,150001,0,user_11,342,342,2798
2811,30,150001,0,user_12,342,342,2798
2812,31,150001,0,user_13,342,342,2798
2813,32,150001,0,user_15,342,342,2798
2798,33,150000,84800,user_3,342,342,
2830,34,150000,0,user_31,342,342,
2800,35,149999,0,user_4,342,342,2798
2803,36,149999,0,user_5,342,342,2798
2807,37,149999,0,user_7,342,342,2798
2809,38,149999,0,user_10,342,342,2798
2814,39,149999,0,user_15,342,342,2798
2816,40,130000,0,user_17,342,342,
2797,41,110000,0,user_2,342,342,
2835,42,100000,14200,user_37,342,342,
2845,43,85000,0,user_48,342,342,
2828,44,82000,0,user_29,342,342,
2831,45,79000,0,user_33,342,342,
2817,46,77000,0,user_18,342,342,
2869,0,30000000,0,user_23,343,343,
2875,1,6100000,18600,user_27,343,343,
2847,2,5000000,0,user_3,343,343,
2872,3,5000000,215000,user_25,343,343,
2891,4,5000000,0,user_41,343,343,
2892,5,5000000,0,user_44,343,343,
2882,6,4500000,0,user_33,343,343,
2880,7,3200000,0,user_33,343,343,
2866,8,2100000,5630,user_20,343,343,
2883,9,2100000,0,user_34,343,343,
2865,10,2000000,33300,user_20,343,343,
2848,11,1900000,0,user_4,343,343,
2877,12,1700000,0,user_30,343,343,
2871,13,1600000,0,user_24,343,343,
2862,14,1500000,0,user_18,343,343,
2879,15,1500000,75000,user_33,343,343,
2881,16,1500000,0,user_33,343,343,
2851,17,1200001,0,user_6,343,343,2849
2852,18,1200001,0,user_7,343,343,2849
2858,19,1200001,0,user_14,343,343,2849
2859,20,1200001,0,user_15,343,343,2849
2860,21,1200001,0,user_15,343,343,2849
2849,22,1200000,33100,user_5,343,343,
2867,23,1200000,47700,user_21,343,343,
2850,24,1199999,0,user_6,343,343,2849
2853,25,1199999,0,user_8,343,343,2849
2855,26,1199999,0,user_10,343,343,2849
2856,27,1199999,0,user_12,343,343,2849
2857,28,1199999,0,user_14,343,343,2849
2878,29,970000,0,user_31,343,343,
2874,30,910000,12300,user_26,343,343,
2893,31,910000,0,user_45,343,343,
2886,32,870000,15300,user_38,343,343,
2870,33,660000,0,user_23,343,343,
2864,34,630000,42000,user_19,343,343,
2876,35,420000,0,user_28,343,343,
2861,36,320000,0,user_17,343,343,
2894,37,320000,0,user_47,343,343,
2873,38,310000,7190000,user_25,343,343,
2885,39,220000,0,user_38,343,343,
2868,40,150000,0,user_22,343,343,
2890,41,150000,0,user_41,343,343,
2863,42,84000,0,user_18,343,343,
2887,43,82000,13900,user_38,343,343,
2895,44,80000,0,user_48,343,343,
2929,0,43000000,0,user_31,344,344,
2901,1,4500000,0,user_5,344,344,
2896,2,2400000,0,user_0,344,344,
2924,3,2100000,0,user_26,344,344,
2917,4,1500000,0,user_18,344,344,
2943,5,1500000,0,user_46,344,344,
2948,6,1500000,0,user_47,344,344,
2950,7,1500000,0,user_49,344,344,
2919,8,1400000,0,user_20,344,344,
2921,9,1100000,0,user_23,344,344,
2930,10,1000000,0,user_31,344,344,
2940,11,1000000,19700,user_42,344,344,
2914,12,910000,0,user_16,344,344,
2916,13,870000,15700,user_17,344,344,
2918,14,670000,0,user_19,344,344,
2946,15,670000,0,user_47,344,344,
2947,16,650000,0,user_47,344,344,
2942,17,630000,0,user_44,344,344,
2922,18,600000,15100,user_25,344,344,
2931,19,600000,21800,user_31,344,344,
2932,20,470000,7840,user_31,344,344,
2899,21,370000,0,user_4,344,344,
2949,22,370000,0,user_48,344,344,
2897,23,360000,0,user_2,344,344,
2920,24,320000,0,user_22,344,344,
2939,25,310000,0,user_42,344,344,
2941,26,310000,0,user_43,344,344,
2902,27,300000,0,user_6,344,344,
2934,28,220000,47700,user_38,344,344,
2944,29,220000,0,user_47,344,344,
2906,30,190001,0,user_10,344,344,2904
2908,31,190001,0,user_12,344,344,2904
2909,32,190001,0,user_13,344,344,2904
2910,33,190001,0,user_14,344,344,2904
2904,34,190000,7190000,user_8,344,344,
2907,35,189999,0,user_12,344,344,2904
2911,36,189999,0,user_14,344,344,2904
2912,37,189999,0,user_15,344,344,2904
2945,38,170000,0,user_47,344,344,
2903,39,150000,0,user_7,344,344,
2913,40,150000,0,user_16,344,344,
2923,41,120000,0,user_26,344,344,
2915,42,110000,18600,user_17,344,344,
2925,43,110000,0,user_28,344,344,
2927,44,110000,0,user_29,344,344,
2928,45,110000,43600,user_30,344,344,
2898,46,100000,0,user_4,344,344,
2926,47,85000,0,user_29,344,344,
2938,48,82000,0,user_42,344,344,
2937,49,80000,0,user_41,344,344,
2935,50,77000,155000,user_38,344,344,
2900,51,73000,0,user_5,344,344,
2981,0,43000000,0,user_36,345,345,
2974,1,27000000,0,user_26,345,345,
2979,2,6100000,0,user_34,345,345,
2978,3,5000000,0,user_33,345,345,
2969,4,4500000,0,user_21,345,345,
2962,5,2600000,0,user_16,345,345,
2992,6,2600000,0,user_44,345,345,
2988,7,2500000,0,user_39,345,345,
2952,8,2000001,0,user_4,345,345,2951
2954,9,2000001,0,user_6,345,345,2951
2957,10,2000001,0,user_12,345,345,2951
2958,11,2000001,0,user_13,345,345,2951
2959,12,2000001,0,user_13,345,345,2951
2960,13,2000001,0,user_15,345,345,2951
2951,14,2000000,66100,user_0,345,345,
2953,15,1999999,0,user_4,345,345,2951
2955,16,1999999,0,user_7,345,345,2951
2956,17,1999999,0,user_10,345,345,2951
2961,18,1999999,0,user_15,345,345,2951
2967,19,1600000,0,user_19,345,345,
2973,20,1400000,0,user_24,345,345,
2997,21,1100000,0,user_46,345,345,
2971,22,1000000,0,user_23,345,345,
2972,23,870000,0,user_23,345,345,
2999,24,870000,0,user_48,345,345,
2982,25,670000,21800,user_36,345,345,
3002,26,670000,0,user_48,345,345,
2977,27,660000,0,user_31,345,345,
2996,28,660000,545000,user_46,345,345,
2987,29,600000,0,user_38,345,345,
2985,30,460000,545000,user_37,345,345,
2963,31,420000,0,user_17,345,345,
2986,32,320000,0,user_37,345,345,
2976,33,240000,0,user_28,345,345,
2966,34,220000,23500,user_19,345,345,
3004,35,220000,0,user_49,345,345,
3000,36,190000,0,user_48,345,345,
2991,37,170000,0,user_43,345,345,
2993,38,170000,0,user_45,345,345,
2995,39,170000,0,user_46,345,345,
2965,40,160000,195000,user_18,345,345,
2968,41,160000,0,user_20,345,345,
2970,42,160000,21800,user_22,345,345,
3001,43,160000,0,user_48,345,345,
2964,44,150000,32900,user_18,345,345,
2975,45,150000,0,user_27,345,345,
2994,46,150000,164000,user_46,345,345,
2983,47,120000,0,user_37,345,345,
2984,48,120000,0,user_37,345,345,
2998,49,120000,0,user_46,345,345,
3003,50,82000,0,user_48,345,345,
2990,51,79000,0,user_42,345,345,
3035,0,27000000,0,user_39,346,346,
3022,1,4200000,0,user_20,346,346,
3018,2,3500000,0,user_16,346,346,
3041,3,1800000,0,user_44,346,346,
3026,4,1700000,0,user_26,346,346,
3025,5,1500000,0,user_23,346,346,
3005,6,1200000,0,user_2,346,346,
3027,7,910000,21800,user_26,346,346,
3040,8,670000,0,user_43,346,346,
3046,9,670000,32900,user_48,346,346,
3028,10,630000,0,user_30,346,346,
3034,11,630000,0,user_35,346,346,
3029,12,460000,0,user_31,346,346,
3020,13,420000,0,user_17,346,346,
3037,14,360000,0,user_41,346,346,
3036,15,310000,0,user_40,346,346,
3016,16,260000,0,user_16,346,346,
3038,17,220000,0,user_41,346,346,
3024,18,160000,0,user_22,346,346,
3017,19,120000,0,user_16,346,346,
3019,20,120000,0,user_16,346,346,
3023,21,120000,0,user_21,346,346,
3021,22,110000,0,user_19,346,346,
3009,23,80001,0,user_9,346,346,3007
3011,24,80001,0,user_11,346,346,3007
3015,25,80001,0,user_14,346,346,3007
3006,26,80000,0,user_3,346,346,
3007,27,80000,155000,user_6,346,346,
3039,28,80000,0,user_42,346,346,
3008,29,79999,0,user_8,346,346,3007
3010,30,79999,0,user_10,346,346,3007
3012,31,79999,0,user_11,346,346,3007
3013,32,79999,0,user_11,346,346,3007
3030,33,70000,0,user_31,346,346,
3087,0,30000000,0,user_33,347,347,
3105,1,6100000,0,user_48,347,347,
3073,2,5000000,0,user_22,347,347,
3082,3,5000000,0,user_32,347,347,
3089,4,5000000,34700,user_33,347,347,
3072,5,2400000,0,user_20,347,347,
3076,6,2400000,75000,user_26,347,347,
3069,7,2000000,0,user_18,347,347,
3081,8,1900000,0,user_31,347,347,
3079,9,1800000,0,user_28,347,347,
3075,10,1600000,15100,user_25,347,347,
3067,11,1500000,0,user_18,347,347,
3086,12,1500000,0,user_32,347,347,
3093,13,1500000,0,user_36,347,347,
3102,14,1500000,13800,user_45,347,347,
3101,15,1100000,0,user_44,347,347,
3090,16,1000000,21800,user_33,347,347,
3066,17,970000,0,user_17,347,347,
3065,18,910000,0,user_16,347,347,
3070,19,910000,0,user_19,347,347,
3083,20,910000,0,user_32,347,347,
3048,21,630001,0,user_1,347,347,3047
3049,22,630001,0,user_2,347,347,3047
3050,23,630001,0,user_3,347,347,3047
3051,24,630001,0,user_4,347,347,3047
3052,25,630001,0,user_5,347,347,3047
3055,26,630001,0,user_5,347,347,3047
3058,27,630001,0,user_6,347,347,3047
3061,28,630001,0,user_10,347,347,3047
3062,29,630001,0,user_11,347,347,3047
3047,30,630000,33300,user_0,347,347,
3053,31,629999,0,user_5,347,347,3047
3054,32,629999,0,user_5,347,347,3047
3056,33,629999,0,user_5,347,347,3047
3057,34,629999,0,user_6,347,347,3047
3059,35,629999,0,user_6,347,347,3047
3063,36,629999,0,user_12,347,347,3047
3064,37,629999,0,user_14,347,347,3047
3104,38,370000,0,user_47,347,347,
3103,39,310000,0,user_46,347,347,
3094,40,300000,0,user_37,347,347,
3099,41,300000,0,user_42,347,347,
3080,42,240000,0,user_29,347,347,
3091,43,220000,0,user_34,347,347,
3071,44,160000,0,user_20,347,347,
3074,45,160000,0,user_22,347,347,
3077,46,160000,0,user_27,347,347,
3078,47,150000,0,user_28,347,347,
3084,48,150000,0,user_32,347,347,
3100,49,150000,0,user_43,347,347,
3095,50,130000,0,user_38,347,347,
3106,51,110000,0,user_49,347,347,
3068,52,100000,0,user_18,347,347,
3098,53,83000,67900,user_42,347,347,
3085,54,70000,0,user_32,347,347,
3088,55,70000,0,user_33,347,347,
3125,0,43000000,0,user_18,348,348,
3135,1,30000000,0,user_30,348,348,
3129,2,19000000,0,user_26,348,348,
3134,3,5000000,0,user_30,348,348,
3132,4,4500000,0,user_28,348,348,
3151,5,3500000,0,user_47,348,348,
3126,6,2500000,0,user_23,348,348,
3131,7,1600000,0,user_27,348,348,
3152,8,1100000,0,user_48,348,348,
3110,9,1000000,0,user_4,348,348,
3145,10,650000,215000,user_41,348,348,
3146,11,650000,6390,user_44,348,348,
3141,12,630000,24700,user_37,348,348,
3139,13,530000,0,user_34,348,348,
3124,14,470000,0,user_17,348,348,
3114,15,460001,0,user_5,348,348,3112
3116,16,460001,0,user_6,348,348,3112
3119,17,460001,0,user_10,348,348,3112
3121,18,460001,0,user_15,348,348,3112
3112,19,460000,35600,user_4,348,348,
3113,20,459999,0,user_5,348,348,3112
3115,21,459999,0,user_6,348,348,3112
3117,22,459999,0,user_7,348,348,3112
3120,23,459999,0,user_13,348,348,3112
3122,24,459999,0,user_15,348,348,3112
3136,25,370000,0,user_30,348,348,
3149,26,370000,0,user_46,348,348,
3128,27,320000,0,user_24,348,348,
3138,28,260000,0,user_34,348,348,
3127,29,220000,0,user_23,348,348,
3150,30,170000,0,user_46,348,348,
3123,31,160000,17000,user_16,348,348,
3147,32,160000,15100,user_44,348,348,
3108,33,150000,0,user_2,348,348,
3107,34,130000,0,user_1,348,348,
3140,35,120000,0,user_36,348,348,
3143,36,120000,0,user_38,348,348,
3148,37,120000,0,user_45,348,348,
3109,38,87000,0,user_3,348,348,
3137,39,85000,0,user_30,348,348,
3133,40,84000,46500,user_28,348,348,
3111,41,82000,0,user_4,348,348,
3130,42,79000,0,user_26,348,348,
3142,43,79000,0,user_38,348,348,
3182,0,43000000,16400,user_31,349,349,
3176,1,30000000,0,user_25,349,349,
3157,2,27000000,0,user_2,349,349,
3159,3,5000000,0,user_3,349,349,
3185,4,5000000,959000,user_34,349,349,
3191,5,4200000,15300,user_39,349,349,
3195,6,4200000,0,user_42,349,349,
3155,7,3500000,0,user_1,349,349,
3165,8,1900001,0,user_9,349,349,3164
3167,9,1900001,0,user_9,349,349,3164
3170,10,1900001,0,user_15,349,349,3164
3164,11,1900000,5180,user_8,349,349,
3190,12,1900000,0,user_39,349,349,
3166,13,1899999,0,user_9,349,349,3164
3169,14,1899999,0,user_13,349,349,3164
3178,15,1600000,0,user_26,349,349,
3173,16,1500000,0,user_21,349,349,
3186,17,1500000,0,user_35,349,349,
3189,18,1500000,0,user_38,349,349,
3199,19,1100000,21800,user_46,349,349,
3160,20,970000,0,user_4,349,349,
3202,21,970000,5630,user_46,349,349,
3161,22,870000,0,user_5,349,349,
3196,23,670000,0,user_44,349,349,
3158,24,650000,0,user_3,349,349,
3154,25,600000,0,user_0,349,349,
3198,26,530000,0,user_46,349,349,
3174,27,420000,0,user_22,349,349,
3187,28,420000,0,user_37,349,349,
3175,29,370000,0,user_23,349,349,
3203,30,360000,0,user_47,349,349,
3177,31,260000,0,user_26,349,349,
3179,32,260000,0,user_26,349,349,
3184,33,260000,0,user_33,349,349,
3156,34,220000,0,user_1,349,349,
3163,35,220000,0,user_6,349,349,
3188,36,220000,410000,user_38,349,349,
3200,37,220000,0,user_46,349,349,
3181,38,170000,0,user_31,349,349,
3205,39,170000,0,user_49,349,349,
3171,40,160000,0,user_18,349,349,
3180,41,160000,0,user_28,349,349,
3194,42,120000,0,user_41,349,349,
3197,43,120000,0,user_44,349,349,
3201,44,120000,0,user_46,349,349,
3162,45,110000,0,user_5,349,349,
3153,46,85000,0,user_0,349,349,
3172,47,83000,0,user_20,349,349,
3229,0,19000000,0,user_23,350,350,
3238,1,4500000,0,user_31,350,350,
3253,2,4500000,0,user_47,350,350,
3232,3,1700000,100000,user_26,350,350,
3242,4,1600000,35600,user_35,350,350,
3225,5,1500000,0,user_18,350,350,
3244,6,1500000,0,user_37,350,350,
3251,7,1500000,0,user_43,350,350,
3240,8,1100000,0,user_33,350,350,
3231,9,1000000,121000,user_26,350,350,
3226,10,420000,0,user_20,350,350,
3243,11,420000,0,user_36,350,350,
3246,12,420000,0,user_40,350,350,
3233,13,350000,23500,user_27,350,350,
3254,14,310000,35600,user_48,350,350,
3235,15,220000,0,user_28,350,350,
3237,16,220000,71800,user_30,350,350,
3210,17,160001,0,user_3,350,350,3206
3211,18,160001,0,user_3,350,350,3206
3215,19,160001,0,user_7,350,350,3206
3218,20,160001,0,user_9,350,350,3206
3222,21,160001,0,user_13,350,350,3206
3206,22,160000,381000,user_0,350,350,
3241,23,160000,30200,user_33,350,350,
3245,24,160000,0,user_39,350,350,
3207,25,159999,0,user_1,350,350,3206
3208,26,159999,0,user_1,350,350,3206
3209,27,159999,0,user_2,350,350,3206
3213,28,159999,0,user_7,350,350,3206
3214,29,159999,0,user_7,350,350,3206
3216,30,159999,0,user_7,350,350,3206
3217,31,159999,0,user_8,350,350,3206
3221,32,159999,0,user_12,350,350,3206
3223,33,159999,0,user_15,350,350,3206
3228,34,120000,0,user_21,350,350,
3239,35,120000,0,user_32,350,350,
3252,36,120000,0,user_44,350,350,
3234,37,100000,0,user_28,350,350,
3255,38,100000,0,user_49,350,350,
3224,39,98000,0,user_16,350,350,
3227,40,85000,0,user_21,350,350,
3236,41,77000,17000,user_29,350,350,
3292,0,43000000,0,user_30,351,351,
3302,1,30000000,0,user_39,351,351,
3293,2,5200000,0,user_31,351,351,
3283,3,5000000,0,user_28,351,351,
3284,4,5000000,0,user_28,351,351,
3289,5,5000000,0,user_29,351,351,
3261,6,3500001,0,user_2,351,351,3259
3262,7,3500001,0,user_2,351,351,3259
3263,8,3500001,0,user_2,351,351,3259
3264,9,3500001,0,user_2,351,351,3259
3265,10,3500001,0,user_4,351,351,3259
3268,11,3500001,0,user_9,351,351,3259
3269,12,3500001,0,user_9,351,351,3259
3259,13,3500000,959000,user_1,351,351,
3273,14,3500000,0,user_16,351,351,
3281,15,3500000,35600,user_26,351,351,
3260,16,3499999,0,user_1,351,351,3259
3266,17,3499999,0,user_6,351,351,3259
3267,18,3499999,0,user_8,351,351,3259
3270,19,3499999,0,user_11,351,351,3259
3272,20,3499999,0,user_13,351,351,3259
3296,21,3200000,0,user_34,351,351,
3308,22,2600000,32900,user_45,351,351,
3300,23,2100000,0,user_37,351,351,
3290,24,2000000,30200,user_29,351,351,
3309,25,1900000,0,user_46,351,351,
3297,26,1500000,0,user_35,351,351,
3310,27,910000,0,user_47,351,351,
3286,28,460000,15100,user_28,351,351,
3298,29,460000,0,user_36,351,351,
3278,30,370000,0,user_23,351,351,
3256,31,310000,0,user_0,351,351,
3299,32,260000,0,user_36,351,351,
3282,33,220000,369000,user_27,351,351,
3291,34,220000,0,user_29,351,351,
3306,35,170000,0,user_43,351,351,
3313,36,170000,0,user_49,351,351,
3257,37,160000,0,user_1,351,351,
3295,38,150000,0,user_33,351,351,
3287,39,100000,0,user_28,351,351,
3307,40,100000,0,user_44,351,351,
3258,41,98000,0,user_1,351,351,
3305,42,98000,0,user_42,351,351,
3285,43,87000,100000,user_28,351,351,
3301,44,84000,108000,user_37,351,351,
3277,45,80000,100000,user_22,351,351,
3288,46,80000,0,user_29,351,351,
3276,47,79000,410000,user_22,351,351,
3275,48,73000,0,user_21,351,351,
3342,0,27000000,0,user_27,352,352,
3340,1,5000000,0,user_24,352,352,
3353,2,5000000,0,user_42,352,352,
3343,3,3600000,15700,user_28,352,352,
3346,4,2600000,0,user_31,352,352,
3332,5,2100000,0,user_16,352,352,
3348,6,2000000,0,user_32,352,352,
3334,7,1400000,0,user_17,352,352,
3337,8,1400000,0,user_21,352,352,
3351,9,1400000,0,user_37,352,352,
3333,10,1000000,0,user_17,352,352,
3336,11,1000000,0,user_19,352,352,
3341,12,650000,0,user_25,352,352,
3344,13,650000,0,user_29,352,352,
3349,14,360000,0,user_33,352,352,
3345,15,310000,0,user_30,352,352,
3347,16,310000,0,user_31,352,352,
3354,17,310000,0,user_44,352,352,
3338,18,170000,0,user_22,352,352,
3339,19,170000,0,user_23,352,352,
3315,20,150001,0,user_2,352,352,3314
3317,21,150001,0,user_3,352,352,3314
3320,22,150001,0,user_3,352,352,3314
3322,23,150001,0,user_5,352,352,3314
3324,24,150001,0,user_6,352,352,3314
3325,25,150001,0,user_7,352,352,3314
3326,26,150001,0,user_8,352,352,3314
3328,27,150001,0,user_10,352,352,3314
3329,28,150001,0,user_12,352,352,3314
3314,29,150000,75000,user_0,352,352,
3355,30,150000,0,user_46,352,352,
3316,31,149999,0,user_2,352,352,3314
3318,32,149999,0,user_3,352,352,3314
3319,33,149999,0,user_3,352,352,3314
3321,34,149999,0,user_3,352,352,3314
3323,35,149999,0,user_6,352,352,3314
3330,36,149999,0,user_14,352,352,3314
3331,37,149999,0,user_15,352,352,3314
3335,38,98000,0,user_18,352,352,
3400,0,30000000,0,user_46,353,353,
3375,1,5000000,0,user_16,353,353,
3392,2,3200000,18600,user_38,353,353,
3357,3,2600001,0,user_1,353,353,3356
3360,4,2600001,0,user_3,353,353,3356
3363,5,2600001,0,user_8,353,353,3356
3364,6,2600001,0,user_8,353,353,3356
3365,7,2600001,0,user_8,353,353,3356
3371,8,2600001,0,user_13,353,353,3356
3372,9,2600001,0,user_13,353,353,3356
3373,10,2600001,0,user_14,353,353,3356
3374,11,2600001,0,user_15,353,353,3356
3356,12,2600000,68100,user_0,353,353,
3358,13,2599999,0,user_2,353,353,3356
3359,14,2599999,0,user_3,353,353,3356
3361,15,2599999,0,user_4,353,353,3356
3362,16,2599999,0,user_4,353,353,3356
3366,17,2599999,0,user_9,353,353,3356
3367,18,2599999,0,user_9,353,353,3356
3368,19,2599999,0,user_10,353,353,3356
3369,20,2599999,0,user_10,353,353,3356
3390,21,1900000,215000,user_36,353,353,
3388,22,1800000,0,user_35,353,353,
3380,23,1700000,0,user_22,353,353,
3397,24,1700000,0,user_43,353,353,
3377,25,1400000,0,user_17,353,353,
3385,26,1000000,0,user_31,353,353,
3396,27,870000,73100,user_42,353,353,
3398,28,600000,0,user_44,353,353,
3399,29,600000,0,user_46,353,353,
3395,30,350000,0,user_41,353,353,
3384,31,340000,0,user_30,353,353,
3387,32,300000,0,user_33,353,353,
3389,33,260000,594000,user_35,353,353,
3379,34,160000,0,user_21,353,353,
3381,35,120000,0,user_23,353,353,
3376,36,87000,0,user_17,353,353,
3383,37,87000,0,user_29,353,353,
3391,38,87000,0,user_36,353,353,
3401,39,80000,0,user_47,353,353,
3450,0,43000000,128000,user_42,354,354,
3454,1,19000000,164000,user_49,354,354,
3431,2,6300000,14200,user_28,354,354,
3434,3,6300000,35600,user_28,354,354,
3437,4,5000000,0,user_29,354,354,
3408,5,2500000,0,user_4,354,354,
3451,6,2400000,121000,user_44,354,354,
3439,7,2100000,0,user_29,354,354,
3405,8,2000000,0,user_2,354,354,
3429,9,2000000,0,user_25,354,354,
3445,10,2000000,0,user_36,354,354,
3428,11,1900000,0,user_25,354,354,
3440,12,1600000,0,user_30,354,354,
3426,13,1400000,0,user_22,354,354,
3453,14,1400000,75000,user_48,354,354,
3427,15,1300000,4320000,user_25,354,354,
3442,16,1000000,0,user_31,354,354,
3422,17,970000,35100,user_18,354,354,
3446,18,670000,0,user_37,354,354,
3436,19,660000,0,user_29,354,354,
3447,20,660000,73100,user_37,354,354,
3412,21,630001,0,user_6,354,354,3410
3415,22,630001,0,user_9,354,354,3410
3420,23,630001,0,user_15,354,354,3410
3410,24,630000,12300,user_5,354,354,
3411,25,629999,0,user_6,354,354,3410
3413,26,629999,0,user_6,354,354,3410
3414,27,629999,0,user_7,354,354,3410
3416,28,629999,0,user_10,354,354,3410
3417,29,629999,0,user_11,354,354,3410
3418,30,629999,0,user_12,354,354,3410
3419,31,629999,0,user_14,354,354,3410
3424,32,530000,0,user_20,354,354,
3435,33,370000,0,user_29,354,354,
3441,34,350000,13900,user_31,354,354,
3421,35,190000,0,user_16,354,354,
3406,36,170000,0,user_3,354,354,
3444,37,160000,0,user_35,354,354,
3409,38,150000,0,user_5,354,354,
3423,39,130000,0,user_19,354,354,
3407,40,120000,0,user_4,354,354,
3430,41,120000,121000,user_26,354,354,
3425,42,98000,0,user_22,354,354,
3438,43,98000,0,user_29,354,354,
3433,44,87000,0,user_28,354,354,
3449,45,85000,0,user_40,354,354,
3448,46,82000,64600,user_38,354,354,
3432,47,79000,64600,user_28,354,354,
3487,0,30000000,0,user_34,355,355,
3455,1,2000000,0,user_0,355,355,
3489,2,2000000,0,user_37,355,355,
3475,3,1800000,0,user_21,355,355,
3473,4,1600000,545000,user_19,355,355,
3471,5,1300000,34700,user_16,355,355,
3486,6,1100000,0,user_34,355,355,
3474,7,970000,0,user_21,355,355,
3491,8,670000,17700000,user_37,355,355,
3490,9,460000,0,user_37,355,355,
3476,10,360000,17000,user_22,355,355,
3482,11,360000,0,user_31,355,355,
3498,12,350000,0,user_44,355,355,
3458,13,310001,0,user_1,355,355,3456
3460,14,310001,0,user_2,355,355,3456
3464,15,310001,0,user_8,355,355,3456
3465,16,310001,0,user_8,355,355,3456
3466,17,310001,0,user_10,355,355,3456
3469,18,310001,0,user_14,355,355,3456
3456,19,310000,7840,user_0,355,355,
3457,20,309999,0,user_0,355,355,3456
3459,21,309999,0,user_2,355,355,3456
3461,22,309999,0,user_3,355,355,3456
3462,23,309999,0,user_3,355,355,3456
3463,24,309999,0,user_4,355,355,3456
3468,25,309999,0,user_12,355,355,3456
3470,26,309999,0,user_15,355,355,3456
3485,27,170000,0,user_34,355,355,
3472,28,160000,0,user_18,355,355,
3479,29,150000,0,user_25,355,355,
3480,30,120000,0,user_26,355,355,
3502,31,120000,17700000,user_49,355,355,
3481,32,110000,0,user_27,355,355,
3503,33,110000,0,user_49,355,355,
3483,34,100000,0,user_32,355,355,
3477,35,87000,7840,user_22,355,355,
3499,36,87000,34700,user_47,355,355,
3478,37,85000,0,user_24,355,355,
3497,38,83000,0,user_43,355,355,
3484,39,79000,0,user_33,355,355,
3500,40,77000,0,user_48,355,355,
3501,41,73000,0,user_49,355,355,
3534,0,30000000,0,user_30,356,356,
3531,1,2300000,0,user_21,356,356,
3536,2,2300000,0,user_34,356,356,
3519,3,2100000,0,user_16,356,356,
3540,4,2000000,5640,user_42,356,356,
3506,5,1900000,0,user_1,356,356,
3508,6,1800001,0,user_6,356,356,3507
3509,7,1800001,0,user_6,356,356,3507
3512,8,1800001,0,user_11,356,356,3507
3515,9,1800001,0,user_13,356,356,3507
3516,10,1800001,0,user_14,356,356,3507
3517,11,1800001,0,user_15,356,356,3507
3507,12,1800000,6390,user_4,356,356,
3510,13,1799999,0,user_7,356,356,3507
3513,14,1799999,0,user_11,356,356,3507
3514,15,1799999,0,user_12,356,356,3507
3526,16,1700000,12800,user_18,356,356,
3532,17,1600000,0,user_21,356,356,
3504,18,1500000,0,user_1,356,356,
3521,19,1500000,0,user_17,356,356,
3530,20,1500000,7840,user_21,356,356,
3524,21,1400000,0,user_17,356,356,
3541,22,1400000,35100,user_43,356,356,
3537,23,1100000,0,user_36,356,356,
3518,24,1000000,15700,user_16,356,356,
3543,25,1000000,0,user_43,356,356,
3547,26,1000000,0,user_45,356,356,
3542,27,660000,0,user_43,356,356,
3529,28,460000,0,user_21,356,356,
3533,29,460000,0,user_22,356,356,
3505,30,370000,0,user_1,356,356,
3535,31,300000,0,user_31,356,356,
3549,32,240000,0,user_48,356,356,
3523,33,220000,0,user_17,356,356,
3527,34,220000,181000,user_19,356,356,
3544,35,220000,10700,user_44,356,356,
3520,36,190000,0,user_17,356,356,
3538,37,130000,0,user_38,356,356,
3525,38,120000,43600,user_18,356,356,
3546,39,120000,0,user_45,356,356,
3522,40,110000,0,user_17,356,356,
3548,41,100000,0,user_47,356,356,
3528,42,87000,0,user_20,356,356,
3545,43,87000,1100000,user_44,356,356,
3573,0,43000000,0,user_26,357,357,
3575,1,43000000,0,user_29,357,357,
3583,2,19000000,0,user_41,357,357,
3587,3,19000000,0,user_46,357,357,
3574,4,6300000,0,user_27,357,357,
3577,5,5000000,0,user_37,357,357,
3585,6,3200000,0,user_43,357,357,
3572,7,2400000,32900,user_24,357,357,
3588,8,2100000,71800,user_46,357,357,
3554,9,2000001,0,user_5,357,357,3553
3558,10,2000001,0,user_11,357,357,3553
3560,11,2000001,0,user_14,357,357,3553
3561,12,2000001,0,user_14,357,357,3553
3562,13,2000001,0,user_14,357,357,3553
3552,14,2000000,0,user_2,357,357,
3553,15,2000000,24700,user_4,357,357,
3556,16,1999999,0,user_10,357,357,3553
3557,17,1999999,0,user_10,357,357,3553
3559,18,1999999,0,user_14,357,357,3553
3563,19,1900000,17000,user_18,357,357,
3581,20,1900000,0,user_39,357,357,
3584,21,1800000,779000,user_42,357,357,
3565,22,1700000,0,user_19,357,357,
3570,23,1500000,0,user_23,357,357,
3579,24,660000,0,user_38,357,357,
3592,25,630000,0,user_47,357,357,
3580,26,530000,68100,user_38,357,357,
3567,27,470000,15700,user_19,357,357,
3576,28,460000,0,user_36,357,357,
3551,29,310000,0,user_0,357,357,
3550,30,300000,0,user_0,357,357,
3571,31,240000,0,user_24,357,357,
3568,32,170000,84800,user_21,357,357,
3589,33,170000,0,user_46,357,357,
3564,34,160000,0,user_18,357,357,
3586,35,150000,0,user_46,357,357,
3590,36,150000,0,user_46,357,357,
3594,37,130000,0,user_49,357,357,
3569,38,120000,545000,user_22,357,357,
3593,39,120000,0,user_49,357,357,
3566,40,110000,0,user_19,357,357,
3591,41,87000,17000,user_47,357,357,
3578,42,85000,0,user_38,357,357,
3624,0,27000000,322000,user_32,358,358,
3643,1,27000000,0,user_46,358,358,
3628,2,6300000,0,user_34,358,358,
3616,3,6100000,24700,user_21,358,358,
3595,4,5000000,0,user_0,358,358,
3615,5,5000000,0,user_20,358,358,
3629,6,4500000,0,user_36,358,358,
3634,7,3600000,594000,user_42,358,358,
3603,8,2500000,0,user_7,358,358,
3619,9,2300000,0,user_28,358,358,
3598,10,2000000,0,user_3,358,358,
3599,11,2000000,0,user_4,358,358,
3613,12,1500000,0,user_19,358,358,
3601,13,1400000,0,user_5,358,358,
3625,14,1400000,0,user_32,358,358,
3612,15,1100000,0,user_17,358,358,
3630,16,1100000,0,user_37,358,358,
3641,17,1100000,0,user_46,358,358,
3626,18,910000,67500,user_33,358,358,
3636,19,910000,0,user_44,358,358,
3622,20,630000,0,user_30,358,358,
3637,21,530000,0,user_44,358,358,
3621,22,420000,769000,user_30,358,358,
3645,23,360000,0,user_48,358,358,
3642,24,340000,0,user_46,358,358,
3602,25,320000,0,user_6,358,358,
3597,26,300000,0,user_2,358,358,
3635,27,240000,0,user_43,358,358,
3644,28,240000,0,user_47,358,358,
3631,29,220000,0,user_38,358,358,
3618,30,190000,0,user_26,358,358,
3620,31,170000,0,user_29,358,358,
3633,32,150000,0,user_41,358,358,
3638,33,150000,0,user_44,358,358,
3639,34,130000,0,user_44,358,358,
3608,35,120001,0,user_15,358,358,3604
3611,36,120001,0,user_15,358,358,3604
3606,37,119999,0,user_11,358,358,3604
3607,38,119999,0,user_12,358,358,3604
3609,39,119999,0,user_15,358,358,3604
3610,40,119999,0,user_15,358,358,3604
3600,41,110000,0,user_5,358,358,
3614,42,110000,0,user_19,358,358,
3623,43,85000,5180,user_32,358,358,
3640,44,83000,13900,user_44,358,358,
3596,45,80000,0,user_1,358,358,
3627,46,79000,18600,user_34,358,358,
3646,47,77000,0,user_48,358,358,
3617,48,73000,0,user_21,358,358,
3689,0,27000000,10700,user_40,359,359,
3686,1,19000000,0,user_37,359,359,
3673,2,3600000,0,user_25,359,359,
3649,3,2300000,0,user_2,359,359,
3671,4,2100000,0,user_20,359,359,
3660,5,1900000,0,user_8,359,359,
3659,6,1600000,0,user_8,359,359,
3672,7,1500000,0,user_24,359,359,
3675,8,1500000,0,user_27,359,359,
3684,9,1000000,0,user_34,359,359,
3663,10,910000,0,user_11,359,359,
3676,11,650000,0,user_28,359,359,
3658,12,630000,0,user_8,359,359,
3662,13,630000,0,user_10,359,359,
3680,14,600000,0,user_32,359,359,
3677,15,470000,0,user_29,359,359,
3651,16,460000,0,user_4,359,359,
3669,17,460000,0,user_20,359,359,
3679,18,420000,0,user_31,359,359,
3685,19,420000,0,user_36,359,359,
3661,20,370000,0,user_9,359,359,
3653,21,350000,0,user_5,359,359,
3693,22,350000,0,user_45,359,359,
3666,23,320000,0,user_15,359,359,
3678,24,320000,0,user_29,359,359,
3665,25,310000,0,user_15,359,359,
3691,26,300000,33100,user_42,359,359,
3655,27,220000,0,user_6,359,359,
3674,28,170000,34700,user_25,359,359,
3687,29,170000,14200,user_38,359,359,
3654,30,160000,0,user_6,359,359,
3657,31,150000,0,user_8,359,359,
3688,32,150000,0,user_38,359,359,
3647,33,120000,0,user_0,359,359,
3656,34,120000,0,user_8,359,359,
3670,35,120000,0,user_20,359,359,
3664,36,110000,0,user_12,359,359,
3652,37,100000,0,user_4,359,359,
3667,38,85000,0,user_16,359,359,
3668,39,73000,0,user_19,359,359,
3681,40,73000,0,user_32,359,359,
1871,0,19000000,0,user_39,360,360,
1855,1,6100000,0,user_18,360,360,
1863,2,4500000,0,user_29,360,360,
1880,3,4500000,0,user_46,360,360,
1837,4,4200000,0,user_3,360,360,
1879,5,3500000,0,user_45,360,360,
1853,6,2400000,0,user_17,360,360,
1877,7,2000000,0,user_45,360,360,
1878,8,2000000,43600,user_45,360,360,
1884,9,2000000,5630,user_48,360,360,
1870,10,1700000,0,user_38,360,360,
1869,11,1600000,0,user_37,360,360,
1852,12,1500000,56200,user_16,360,360,
1854,13,1500000,0,user_18,360,360,
1875,14,1400000,0,user_45,360,360,
1881,15,1400000,0,user_47,360,360,
1832,16,1200000,0,user_0,360,360,
1833,17,1100000,0,user_1,360,360,
1856,18,1100000,0,user_18,360,360,
1868,19,1100000,13800,user_36,360,360,
1851,20,970000,0,user_16,360,360,
1838,21,910000,0,user_5,360,360,
1882,22,910000,0,user_47,360,360,
1842,23,630001,0,user_11,360,360,1839
1843,24,630001,0,user_13,360,360,1839
1845,25,630001,0,user_14,360,360,1839
1849,26,630001,0,user_15,360,360,1839
1839,27,630000,285000,user_7,360,360,
1840,28,629999,0,user_7,360,360,1839
1841,29,629999,0,user_10,360,360,1839
1844,30,629999,0,user_13,360,360,1839
1846,31,629999,0,user_15,360,360,1839
1847,32,629999,0,user_15,360,360,1839
1848,33,629999,0,user_15,360,360,1839
1850,34,629999,0,user_15,360,360,1839
1836,35,460000,0,user_3,360,360,
1864,36,460000,0,user_30,360,360,
1865,37,460000,21800,user_33,360,360,
1835,38,360000,0,user_2,360,360,
1866,39,350000,13900,user_34,360,360,
1876,40,350000,0,user_45,360,360,
1883,41,240000,0,user_48,360,360,
1858,42,220000,17000,user_23,360,360,
1859,43,170000,0,user_26,360,360,
1861,44,160000,0,user_28,360,360,
1834,45,150000,0,user_1,360,360,
1872,46,110000,0,user_41,360,360,
1862,47,84000,0,user_29,360,360,
1860,48,82000,0,user_26,360,360,
1873,49,80000,0,user_43,360,360,
1874,50,80000,0,user_44,360,360,
1857,51,70000,0,user_19,360,360,
1932,0,43000000,0,user_42,361,361,
1903,1,27000000,17000,user_19,361,361,
1924,2,27000000,0,user_33,361,361,
1907,3,6300000,0,user_24,361,361,
1926,4,5000000,0,user_35,361,361,
1905,5,4500000,0,user_23,361,361,
1936,6,3600000,0,user_44,361,361,
1913,7,2600000,0,user_28,361,361,
1920,8,2500000,12800,user_30,361,361,
1901,9,2100000,0,user_17,361,361,
1908,10,2000000,0,user_24,361,361,
1909,11,1800000,0,user_25,361,361,
1922,12,1800000,0,user_31,361,361,
1911,13,1600000,0,user_25,361,361,
1918,14,1600000,769000,user_30,361,361,
1917,15,1400000,16400,user_29,361,361,
1925,16,1300000,18600,user_35,361,361,
1931,17,1000000,0,user_42,361,361,
1933,18,1000000,17000,user_42,361,361,
1902,19,970000,0,user_19,361,361,
1912,20,910000,0,user_25,361,361,
1910,21,660000,0,user_25,361,361,
1927,22,660000,0,user_37,361,361,
1919,23,650000,0,user_30,361,361,
1934,24,530000,0,user_42,361,361,
1914,25,310000,0,user_28,361,361,
1939,26,310000,0,user_48,361,361,
1915,27,260000,0,user_28,361,361,
1921,28,220000,0,user_30,361,361,
1940,29,220000,64600,user_49,361,361,
1929,30,170000,0,user_38,361,361,
1888,31,160001,0,user_4,361,361,1887
1890,32,160001,0,user_7,361,361,1887
1891,33,160001,0,user_7,361,361,1887
1893,34,160001,0,user_9,361,361,1887
1894,35,160001,0,user_9,361,361,1887
1897,36,160001,0,user_11,361,361,1887
1898,37,160001,0,user_12,361,361,1887
1899,38,160001,0,user_14,361,361,1887
1900,39,160001,0,user_15,361,361,1887
1887,40,160000,231000,user_2,361,361,
1906,41,160000,0,user_24,361,361,
1889,42,159999,0,user_5,361,361,1887
1892,43,159999,0,user_8,361,361,1887
1895,44,159999,0,user_10,361,361,1887
1896,45,159999,0,user_11,361,361,1887
1916,46,150000,0,user_28,361,361,
1928,47,120000,0,user_38,361,361,
1904,48,98000,0,user_21,361,361,
1930,49,87000,0,user_41,361,361,
1935,50,87000,0,user_42,361,361,
1937,51,77000,0,user_44,361,361,
1984,0,27000000,12300,user_35,362,362,
1987,1,27000000,0,user_40,362,362,
1976,2,19000000,0,user_25,362,362,
1991,3,19000000,36800,user_44,362,362,
1974,4,6300000,0,user_22,362,362,
1972,5,6100000,33300,user_21,362,362,
1995,6,2600000,17000,user_45,362,362,
1981,7,2500000,0,user_30,362,362,
1970,8,2400000,0,user_18,362,362,
1942,9,2300000,0,user_0,362,362,
1983,10,2000000,0,user_35,362,362,
1985,11,2000000,4320000,user_36,362,362,
1989,12,2000000,0,user_43,362,362,
1969,13,1900000,0,user_16,362,362,
1978,14,1300000,0,user_28,362,362,
1990,15,1000000,0,user_43,362,362,
1992,16,670000,164000,user_45,362,362,
1993,17,670000,381000,user_45,362,362,
1979,18,600000,0,user_28,362,362,
1988,19,600000,0,user_41,362,362,
1941,20,310000,0,user_0,362,362,
1994,21,300000,0,user_45,362,362,
1998,22,300000,0,user_48,362,362,
1996,23,170000,0,user_46,362,362,
1986,24,150000,0,user_37,362,362,
2000,25,150000,0,user_49,362,362,
1980,26,110000,0,user_29,362,362,
1944,27,87001,0,user_2,362,362,1943
1945,28,87001,0,user_4,362,362,1943
1946,29,87001,0,user_6,362,362,1943
1954,30,87001,0,user_11,362,362,1943
1963,31,87001,0,user_14,362,362,1943
1964,32,87001,0,user_14,362,362,1943
1967,33,87001,0,user_14,362,362,1943
1968,34,87001,0,user_15,362,362,1943
1943,35,87000,15700,user_1,362,362,
1951,36,86999,0,user_10,362,362,1943
1952,37,86999,0,user_11,362,362,1943
1953,38,86999,0,user_11,362,362,1943
1955,39,86999,0,user_11,362,362,1943
1956,40,86999,0,user_11,362,362,1943
1965,41,86999,0,user_14,362,362,1943
1966,42,86999,0,user_14,362,362,1943
1999,43,77000,0,user_48,362,362,
1973,44,73000,0,user_22,362,362,
2014,0,19000000,0,user_19,363,363,
2027,1,6300000,0,user_36,363,363,
2029,2,5200000,0,user_37,363,363,
2026,3,5000000,128000,user_34,363,363,
2022,4,4200000,108000,user_28,363,363,
2024,5,4200000,0,user_31,363,363,
2039,6,2600000,0,user_47,363,363,
2015,7,2500000,8520,user_21,363,363,
2030,8,2500000,0,user_39,363,363,
2011,9,2400000,73100,user_17,363,363,
2023,10,2400000,0,user_29,363,363,
2035,11,1800000,0,user_42,363,363,
2018,12,1600000,0,user_23,363,363,
2021,13,1600000,0,user_26,363,363,
2038,14,1500000,4320000,user_45,363,363,
2020,15,1100000,0,user_26,363,363,
2034,16,1000000,0,user_42,363,363,
2032,17,910000,0,user_41,363,363,
2012,18,870000,0,user_17,363,363,
2028,19,460000,0,user_36,363,363,
2040,20,360000,0,user_48,363,363,
2043,21,340000,0,user_49,363,363,
2013,22,320000,0,user_18,363,363,
2033,23,300000,0,user_42,363,363,
2025,24,170000,0,user_33,363,363,
2037,25,170000,0,user_44,363,363,
2017,26,160000,0,user_22,363,363,
2019,27,150000,0,user_24,363,363,
2036,28,150000,0,user_42,363,363,
2042,29,150000,0,user_48,363,363,
2016,30,120000,15100,user_22,363,363,
2041,31,120000,0,user_48,363,363,
2002,32,83001,0,user_5,363,363,2001
2004,33,83001,0,user_6,363,363,2001
2006,34,83001,0,user_10,363,363,2001
2009,35,83001,0,user_12,363,363,2001
2010,36,83001,0,user_14,363,363,2001
2001,37,83000,231000,user_3,363,363,
2003,38,82999,0,user_5,363,363,2001
2007,39,82999,0,user_11,363,363,2001
2008,40,82999,0,user_11,363,363,2001
2059,0,43000000,0,user_16,364,364,
2088,1,6100000,381000,user_40,364,364,
2083,2,5000000,0,user_37,364,364,
2094,3,5000000,0,user_46,364,364,
2090,4,2300000,0,user_42,364,364,
2095,5,2000000,0,user_47,364,364,
2084,6,1900000,0,user_37,364,364,
2067,7,1700000,14200,user_19,364,364,
2062,8,1600000,0,user_16,364,364,
2070,9,1500000,0,user_22,364,364,
2077,10,1500000,6390,user_28,364,364,
2044,11,1100000,0,user_1,364,364,
2079,12,1100000,0,user_32,364,364,
2064,13,970000,0,user_17,364,364,
2063,14,670000,0,user_17,364,364,
2078,15,670000,19700,user_28,364,364,
2047,16,660001,0,user_2,364,364,2046
2049,17,660001,0,user_3,364,364,2046
2050,18,660001,0,user_4,364,364,2046
2051,19,660001,0,user_6,364,364,2046
2052,20,660001,0,user_6,364,364,2046
2054,21,660001,0,user_9,364,364,2046
2057,22,660001,0,user_11,364,364,2046
2058,23,660001,0,user_13,364,364,2046
2046,24,660000,11200,user_2,364,364,
2066,25,660000,0,user_19,364,364,
2091,26,660000,0,user_43,364,364,
2048,27,659999,0,user_2,364,364,2046
2053,28,659999,0,user_8,364,364,2046
2056,29,659999,0,user_11,364,364,2046
2045,30,370000,0,user_2,364,364,
2082,31,360000,0,user_35,364,364,
2060,32,320000,0,user_16,364,364,
2089,33,310000,0,user_42,364,364,
2080,34,260000,0,user_33,364,364,
2081,35,220000,959000,user_35,364,364,
2092,36,170000,0,user_45,364,364,
2065,37,150000,0,user_18,364,364,
2068,38,120000,0,user_21,364,364,
2085,39,87000,0,user_38,364,364,
2061,40,80000,0,user_16,364,364,
2069,41,80000,0,user_21,364,364,
2093,42,70000,30200,user_46,364,364,
2098,0,27000000,0,user_1,365,365,
2118,1,27000000,100000,user_18,365,365,
2125,2,27000000,0,user_26,365,365,
2121,3,19000000,0,user_19,365,365,
2130,4,5000000,164000,user_31,365,365,
2101,5,4500000,0,user_7,365,365,
2122,6,3600000,0,user_23,365,365,
2097,7,2400000,0,user_0,365,365,
2124,8,2000000,0,user_25,365,365,
2143,9,1600000,0,user_47,365,365,
2137,10,1500000,0,user_40,365,365,
2117,11,1400000,0,user_18,365,365,
2142,12,530000,73100,user_45,365,365,
2104,13,420001,0,user_9,365,365,2103
2105,14,420001,0,user_9,365,365,2103
2106,15,420001,0,user_9,365,365,2103
2109,16,420001,0,user_11,365,365,2103
2113,17,420001,0,user_11,365,365,2103
2114,18,420001,0,user_12,365,365,2103
2103,19,420000,164000,user_9,365,365,
2126,20,420000,0,user_27,365,365,
2107,21,419999,0,user_9,365,365,2103
2108,22,419999,0,user_10,365,365,2103
2110,23,419999,0,user_11,365,365,2103
2111,24,419999,0,user_11,365,365,2103
2112,25,419999,0,user_11,365,365,2103
2115,26,419999,0,user_13,365,365,2103
2102,27,310000,0,user_8,365,365,
2129,28,310000,0,user_30,365,365,
2099,29,300000,0,user_2,365,365,
2135,30,300000,42000,user_39,365,365,
2136,31,260000,0,user_40,365,365,
2141,32,190000,0,user_45,365,365,
2123,33,160000,0,user_24,365,365,
2116,34,120000,0,user_17,365,365,
2119,35,110000,0,user_18,365,365,
2138,36,110000,0,user_41,365,365,
2131,37,100000,0,user_33,365,365,
2128,38,84000,0,user_29,365,365,
2120,39,83000,0,user_18,365,365,
2134,40,79000,0,user_38,365,365,
2132,41,77000,0,user_35,365,365,
2174,0,43000000,0,user_26,366,366,
2186,1,43000000,0,user_37,366,366,
2162,2,27000000,0,user_16,366,366,
2187,3,27000000,1100000,user_37,366,366,
2151,4,3500000,0,user_7,366,366,
2148,5,2500000,0,user_5,366,366,
2167,6,2500000,14200,user_18,366,366,
2181,7,2000000,0,user_33,366,366,
2172,8,1900000,0,user_25,366,366,
2153,9,1800000,0,user_9,366,366,
2190,10,1800000,0,user_39,366,366,
2146,11,1600000,0,user_3,366,366,
2189,12,1400000,195000,user_38,366,366,
2203,13,1400000,0,user_48,366,366,
2173,14,1100000,0,user_26,366,366,
2171,15,1000000,0,user_24,366,366,
2175,16,1000000,0,user_26,366,366,
2150,17,600000,0,user_6,366,366,
2197,18,470000,13800,user_42,366,366,
2178,19,350000,0,user_29,366,366,
2191,20,340000,0,user_40,366,366,
2198,21,300000,0,user_43,366,366,
2157,22,260001,0,user_12,366,366,2155
2158,23,260001,0,user_12,366,366,2155
2155,24,260000,33100,user_10,366,366,
2156,25,259999,0,user_11,366,366,2155
2159,26,259999,0,user_12,366,366,2155
2160,27,259999,0,user_14,366,366,2155
2161,28,259999,0,user_15,366,366,2155
2192,29,240000,0,user_40,366,366,
2166,30,220000,0,user_18,366,366,
2168,31,220000,0,user_18,366,366,
2179,32,220000,0,user_30,366,366,
2183,33,220000,0,user_35,366,366,
2188,34,220000,0,user_37,366,366,
2154,35,190000,0,user_10,366,366,
2177,36,190000,0,user_26,366,366,
2185,37,170000,0,user_36,366,366,
2163,38,160000,0,user_17,366,366,
2196,39,160000,0,user_42,366,366,
2176,40,150000,0,user_26,366,366,
2204,41,150000,30200,user_49,366,366,
2147,42,120000,0,user_4,366,366,
2164,43,120000,0,user_17,366,366,
2184,44,120000,0,user_36,366,366,
2149,45,110000,0,user_6,366,366,
2152,46,110000,0,user_8,366,366,
2170,47,110000,0,user_23,366,366,
2180,48,100000,0,user_31,366,366,
2194,49,100000,0,user_40,366,366,
2199,50,100000,0,user_44,366,366,
2169,51,98000,0,user_20,366,366,
2165,52,85000,0,user_18,366,366,
2193,53,80000,0,user_40,366,366,
2195,54,79000,0,user_41,366,366,
2248,0,27000000,5630,user_31,367,367,
2256,1,19000000,0,user_36,367,367,
2224,2,4500000,0,user_18,367,367,
2233,3,3600000,0,user_23,367,367,
2250,4,3600000,73100,user_32,367,367,
2269,5,3500000,0,user_48,367,367,
2232,6,2600000,0,user_23,367,367,
2238,7,2000000,959000,user_28,367,367,
2247,8,2000000,19700,user_30,367,367,
2223,9,1500000,0,user_17,367,367,
2211,10,970001,0,user_4,367,367,2209
2212,11,970001,0,user_5,367,367,2209
2217,12,970001,0,user_10,367,367,2209
2219,13,970001,0,user_13,367,367,2209
2209,14,970000,285000,user_1,367,367,
2210,15,969999,0,user_3,367,367,2209
2213,16,969999,0,user_6,367,367,2209
2214,17,969999,0,user_7,367,367,2209
2218,18,969999,0,user_12,367,367,2209
2220,19,969999,0,user_14,367,367,2209
2221,20,969999,0,user_15,367,367,2209
2261,21,910000,0,user_38,367,367,
2260,22,670000,0,user_38,367,367,
2270,23,670000,0,user_49,367,367,
2263,24,660000,164000,user_43,367,367,
2268,25,650000,0,user_48,367,367,
2228,26,600000,0,user_18,367,367,
2266,27,530000,0,user_47,367,367,
2234,28,470000,350000,user_24,367,367,
2246,29,460000,46500,user_29,367,367,
2253,30,460000,0,user_36,367,367,
2255,31,360000,0,user_36,367,367,
2227,32,350000,0,user_18,367,367,
2267,33,320000,0,user_47,367,367,
2208,34,310000,0,user_1,367,367,
2229,35,300000,0,user_19,367,367,
2237,36,300000,0,user_28,367,367,
2257,37,260000,0,user_38,367,367,
2262,38,260000,34700,user_42,367,367,
2265,39,260000,0,user_45,367,367,
2235,40,220000,33300,user_24,367,367,
2258,41,220000,510000,user_38,367,367,
2259,42,220000,47700,user_38,367,367,
2225,43,190000,0,user_18,367,367,
2226,44,170000,0,user_18,367,367,
2207,45,150000,0,user_1,367,367,
2222,46,150000,146000,user_16,367,367,
2231,47,150000,0,user_21,367,367,
2244,48,130000,0,user_29,367,367,
2206,49,120000,0,user_1,367,367,
2230,50,120000,0,user_20,367,367,
2239,51,120000,0,user_28,367,367,
2240,52,120000,0,user_28,367,367,
2249,53,120000,0,user_32,367,367,
2242,54,110000,15700,user_29,367,367,
2245,55,100000,0,user_29,367,367,
2254,56,98000,0,user_36,367,367,
2205,57,87000,0,user_1,367,367,
2243,58,84000,0,user_29,367,367,
2241,59,83000,0,user_28,367,367,
2264,60,83000,296000,user_44,367,367,
2236,61,82000,0,user_26,367,367,
2298,0,43000000,0,user_27,368,368,
2294,1,19000000,0,user_21,368,368,
2295,2,19000000,0,user_22,368,368,
2304,3,5200000,0,user_33,368,368,
2272,4,4200001,0,user_1,368,368,2271
2273,5,4200001,0,user_2,368,368,2271
2276,6,4200001,0,user_6,368,368,2271
2281,7,4200001,0,user_9,368,368,2271
2286,8,4200001,0,user_12,368,368,2271
2289,9,4200001,0,user_15,368,368,2271
2271,10,4200000,12800,user_0,368,368,
2275,11,4199999,0,user_6,368,368,2271
2277,12,4199999,0,user_7,368,368,2271
2278,13,4199999,0,user_7,368,368,2271
2279,14,4199999,0,user_8,368,368,2271
2280,15,4199999,0,user_8,368,368,2271
2282,16,4199999,0,user_9,368,368,2271
2283,17,4199999,0,user_10,368,368,2271
2284,18,4199999,0,user_10,368,368,2271
2285,19,4199999,0,user_11,368,368,2271
2287,20,4199999,0,user_13,368,368,2271
2288,21,4199999,0,user_14,368,368,2271
2310,22,2600000,296000,user_39,368,368,
2301,23,1700000,35600,user_30,368,368,
2312,24,1600000,0,user_39,368,368,
2311,25,1500000,0,user_39,368,368,
2292,26,1100000,0,user_18,368,368,
2317,27,910000,0,user_43,368,368,
2315,28,470000,0,user_41,368,368,
2308,29,420000,0,user_36,368,368,
2290,30,370000,0,user_16,368,368,
2302,31,370000,0,user_31,368,368,
2314,32,310000,0,user_40,368,368,
2319,33,310000,0,user_43,368,368,
2318,34,300000,0,user_43,368,368,
2300,35,220000,0,user_30,368,368,
2303,36,220000,0,user_33,368,368,
2307,37,160000,381000,user_35,368,368,
2323,38,100000,36800,user_47,368,368,
2293,39,87000,0,user_19,368,368,
2320,40,83000,0,user_43,368,368,
2313,41,80000,0,user_39,368,368,
2325,0,30000000,0,user_3,369,369,
2343,1,30000000,0,user_19,369,369,
2372,2,30000000,0,user_45,369,369,
2329,3,5200001,0,user_8,369,369,2327
2333,4,5200001,0,user_11,369,369,2327
2334,5,5200001,0,user_11,369,369,2327
2327,6,5200000,779000,user_4,369,369,
2330,7,5199999,0,user_9,369,369,2327
2331,8,5199999,0,user_10,369,369,2327
2332,9,5199999,0,user_10,369,369,2327
2335,10,5199999,0,user_12,369,369,2327
2336,11,5199999,0,user_14,369,369,2327
2352,12,5000000,0,user_27,369,369,
2363,13,4500000,146000,user_41,369,369,
2337,14,4200000,0,user_16,369,369,
2369,15,4200000,0,user_44,369,369,
2357,16,2500000,35600,user_31,369,369,
2341,17,2000000,0,user_18,369,369,
2366,18,2000000,0,user_43,369,369,
2356,19,1900000,0,user_30,369,369,
2362,20,1900000,0,user_39,369,369,
2339,21,1600000,0,user_18,369,369,
2342,22,1100000,381000,user_18,369,369,
2371,23,870000,0,user_44,369,369,
2344,24,660000,0,user_22,369,369,
2345,25,650000,0,user_23,369,369,
2338,26,630000,0,user_18,369,369,
2367,27,470000,381000,user_43,369,369,
2340,28,420000,36800,user_18,369,369,
2348,29,420000,121000,user_25,369,369,
2373,30,420000,0,user_45,369,369,
2326,31,300000,0,user_3,369,369,
2364,32,260000,0,user_42,369,369,
2355,33,240000,24700,user_30,369,369,
2358,34,220000,0,user_32,369,369,
2365,35,220000,0,user_42,369,369,
2351,36,170000,0,user_25,369,369,
2324,37,150000,0,user_1,369,369,
2359,38,150000,0,user_33,369,369,
2349,39,120000,0,user_25,369,369,
2368,40,110000,0,user_44,369,369,
2370,41,100000,0,user_44,369,369,
2350,42,87000,71800,user_25,369,369,
2354,43,82000,0,user_29,369,369,
2347,44,80000,0,user_25,369,369,
2407,0,5000000,0,user_29,370,370,
2412,1,5000000,12800,user_39,370,370,
2408,2,4500000,769000,user_30,370,370,
2396,3,2600000,0,user_16,370,370,
2417,4,2600000,0,user_42,370,370,
2398,5,2300000,10700,user_17,370,370,
2404,6,2000000,0,user_25,370,370,
2415,7,2000000,0,user_42,370,370,
2413,8,1600000,0,user_40,370,370,
2419,9,1600000,322000,user_45,370,370,
2409,10,650000,0,user_31,370,370,
2411,11,460000,0,user_35,370,370,
2400,12,370000,0,user_20,370,370,
2397,13,360000,0,user_16,370,370,
2401,14,360000,0,user_21,370,370,
2418,15,360000,161000,user_44,370,370,
2403,16,340000,60700,user_23,370,370,
2410,17,340000,0,user_34,370,370,
2423,18,310000,0,user_49,370,370,
2420,19,260000,0,user_46,370,370,
2406,20,220000,0,user_28,370,370,
2422,21,160000,0,user_49,370,370,
2402,22,150000,42000,user_22,370,370,
2414,23,130000,0,user_41,370,370,
2416,24,120000,0,user_42,370,370,
2375,25,110001,0,user_1,370,370,2374
2376,26,110001,0,user_2,370,370,2374
2377,27,110001,0,user_3,370,370,2374
2378,28,110001,0,user_4,370,370,2374
2385,29,110001,0,user_9,370,370,2374
2386,30,110001,0,user_10,370,370,2374
2387,31,110001,0,user_11,370,370,2374
2388,32,110001,0,user_11,370,370,2374
2389,33,110001,0,user_11,370,370,2374
2390,34,110001,0,user_11,370,370,2374
2391,35,110001,0,user_11,370,370,2374
2394,36,110001,0,user_14,370,370,2374
2374,37,110000,15300,user_0,370,370,
2421,38,110000,0,user_48,370,370,
2379,39,109999,0,user_5,370,370,2374
2395,40,109999,0,user_15,370,370,2374
2405,41,87000,296000,user_27,370,370,
2429,0,43000001,0,user_2,371,371,2426
2431,1,43000001,0,user_4,371,371,2426
2435,2,43000001,0,user_6,371,371,2426
2436,3,43000001,0,user_7,371,371,2426
2438,4,43000001,0,user_8,371,371,2426
2440,5,43000001,0,user_9,371,371,2426
2441,6,43000001,0,user_11,371,371,2426
2443,7,43000001,0,user_13,371,371,2426
2444,8,43000001,0,user_14,371,371,2426
2426,9,43000000,7840,user_2,371,371,
2427,10,42999999,0,user_2,371,371,2426
2428,11,42999999,0,user_2,371,371,2426
2432,12,42999999,0,user_4,371,371,2426
2433,13,42999999,0,user_6,371,371,2426
2434,14,42999999,0,user_6,371,371,2426
2437,15,42999999,0,user_7,371,371,2426
2439,16,42999999,0,user_8,371,371,2426
2442,17,42999999,0,user_12,371,371,2426
2445,18,42999999,0,user_14,371,371,2426
2446,19,42999999,0,user_15,371,371,2426
2482,20,6300000,0,user_41,371,371,
2491,21,6100000,0,user_48,371,371,
2451,22,5200000,0,user_21,371,371,
2476,23,5000000,0,user_37,371,371,
2450,24,4500000,0,user_21,371,371,
2468,25,4500000,0,user_33,371,371,
2466,26,3600000,0,user_31,371,371,
2490,27,2400000,47700,user_47,371,371,
2425,28,1400000,0,user_1,371,371,
2449,29,1400000,0,user_19,371,371,
2483,30,1400000,100000,user_41,371,371,
2474,31,1300000,0,user_36,371,371,
2477,32,1100000,0,user_37,371,371,
2448,33,1000000,0,user_18,371,371,
2447,34,970000,0,user_16,371,371,
2463,35,670000,0,user_28,371,371,
2493,36,670000,256000,user_48,371,371,
2484,37,650000,0,user_41,371,371,
2494,38,630000,0,user_48,371,371,
2462,39,530000,0,user_28,371,371,
2424,40,470000,0,user_0,371,371,
2452,41,460000,0,user_22,371,371,
2481,42,460000,0,user_41,371,371,
2480,43,320000,36800,user_41,371,371,
2461,44,310000,0,user_26,371,371,
2479,45,300000,0,user_39,371,371,
2460,46,220000,0,user_26,371,371,
2492,47,220000,0,user_48,371,371,
2488,48,160000,0,user_46,371,371,
2454,49,150000,0,user_24,371,371,
2465,50,120000,779000,user_31,371,371,
2475,51,120000,0,user_37,371,371,
2487,52,110000,5630,user_46,371,371,
2489,53,84000,0,user_46,371,371,
2495,54,70000,0,user_49,371,371,
2524,0,43000000,0,user_30,372,372,
2541,1,6300000,0,user_46,372,372,
2532,2,5000000,32900,user_37,372,372,
2540,3,4500000,0,user_45,372,372,
2539,4,2600000,0,user_44,372,372,
2496,5,2000000,0,user_0,372,372,
2515,6,2000000,0,user_22,372,372,
2538,7,2000000,42000,user_42,372,372,
2511,8,1600000,0,user_17,372,372,
2512,9,1600000,0,user_18,372,372,
2522,10,1600000,0,user_27,372,372,
2513,11,1500000,84800,user_20,372,372,
2527,12,1500000,0,user_34,372,372,
2531,13,1500000,0,user_36,372,372,
2516,14,1400000,0,user_24,372,372,
2525,15,1200000,0,user_31,372,372,
2497,16,1100000,0,user_2,372,372,
2535,17,1000000,68100,user_40,372,372,
2519,18,910000,0,user_27,372,372,
2530,19,370000,0,user_35,372,372,
2536,20,350000,0,user_40,372,372,
2521,21,320000,0,user_27,372,372,
2526,22,310000,0,user_33,372,372,
2514,23,260000,0,user_21,372,372,
2523,24,260000,0,user_30,372,372,
2529,25,240000,128000,user_35,372,372,
2533,26,160000,64600,user_39,372,372,
2542,27,160000,0,user_49,372,372,
2503,28,120001,0,user_10,372,372,2498
2506,29,120001,0,user_12,372,372,2498
2507,30,120001,0,user_12,372,372,2498
2509,31,120001,0,user_13,372,372,2498
2498,32,120000,164000,user_3,372,372,
2501,33,119999,0,user_7,372,372,2498
2502,34,119999,0,user_10,372,372,2498
2508,35,119999,0,user_13,372,372,2498
2510,36,119999,0,user_14,372,372,2498
2528,37,98000,0,user_35,372,372,
2520,38,79000,0,user_27,372,372,
2534,39,79000,0,user_39,372,372,
2570,0,30000000,0,user_30,373,373,
2567,1,2600000,0,user_29,373,373,
2582,2,2500000,71800,user_46,373,373,
2577,3,2400000,0,user_38,373,373,
2562,4,2000000,0,user_20,373,373,
2560,5,1900000,0,user_19,373,373,
2557,6,1600000,0,user_18,373,373,
2576,7,1500000,0,user_37,373,373,
2573,8,1200000,161000,user_32,373,373,
2555,9,1100000,0,user_16,373,373,
2558,10,1100000,0,user_19,373,373,
2569,11,670000,296000,user_30,373,373,
2583,12,600000,0,user_47,373,373,
2556,13,530000,0,user_17,373,373,
2566,14,530000,0,user_28,373,373,
2561,15,470000,0,user_19,373,373,
2580,16,470000,0,user_43,373,373,
2559,17,420000,0,user_19,373,373,
2565,18,420000,0,user_26,373,373,
2564,19,370000,36800,user_23,373,373,
2545,20,360001,0,user_2,373,373,2544
2546,21,360001,0,user_3,373,373,2544
2547,22,360001,0,user_4,373,373,2544
2549,23,360001,0,user_8,373,373,2544
2550,24,360001,0,user_8,373,373,2544
2551,25,360001,0,user_10,373,373,2544
2544,26,360000,49100,user_1,373,373,
2548,27,359999,0,user_5,373,373,2544
2553,28,359999,0,user_13,373,373,2544
2554,29,350000,0,user_16,373,373,
2568,30,220000,0,user_30,373,373,
2571,31,220000,0,user_30,373,373,
2563,32,160000,35600,user_21,373,373,
2581,33,150000,13900,user_44,373,373,
2584,34,130000,0,user_49,373,373,
2543,35,110000,0,user_0,373,373,
2572,36,110000,0,user_31,373,373,
2574,37,110000,0,user_33,373,373,
2579,38,98000,0,user_42,373,373,
2621,0,19000000,0,user_38,374,374,
2632,1,6100000,0,user_46,374,374,
2612,2,5200000,60700,user_27,374,374,
2624,3,4500000,0,user_39,374,374,
2587,4,3200001,0,user_2,374,374,2585
2588,5,3200001,0,user_3,374,374,2585
2592,6,3200001,0,user_7,374,374,2585
2593,7,3200001,0,user_7,374,374,2585
2594,8,3200001,0,user_7,374,374,2585
2600,9,3200001,0,user_10,374,374,2585
2603,10,3200001,0,user_10,374,374,2585
2605,11,3200001,0,user_12,374,374,2585
2585,12,3200000,30200,user_1,374,374,
2586,13,3199999,0,user_1,374,374,2585
2589,14,3199999,0,user_4,374,374,2585
2590,15,3199999,0,user_5,374,374,2585
2591,16,3199999,0,user_6,374,374,2585
2595,17,3199999,0,user_7,374,374,2585
2596,18,3199999,0,user_7,374,374,2585
2599,19,3199999,0,user_10,374,374,2585
2601,20,3199999,0,user_10,374,374,2585
2602,21,3199999,0,user_10,374,374,2585
2604,22,3199999,0,user_11,374,374,2585
2606,23,3199999,0,user_14,374,374,2585
2607,24,3199999,0,user_15,374,374,2585
2633,25,2500000,0,user_47,374,374,
2631,26,2400000,0,user_46,374,374,
2616,27,2000000,0,user_30,374,374,
2620,28,2000000,0,user_36,374,374,
2630,29,2000000,283000,user_43,374,374,
2634,30,2000000,0,user_48,374,374,
2611,31,1600000,0,user_25,374,374,
2609,32,1400000,0,user_22,374,374,
2613,33,1200000,0,user_29,374,374,
2636,34,670000,0,user_48,374,374,
2617,35,470000,0,user_32,374,374,
2622,36,460000,7190000,user_39,374,374,
2625,37,420000,0,user_39,374,374,
2626,38,360000,0,user_39,374,374,
2635,39,220000,0,user_48,374,374,
2623,40,170000,195000,user_39,374,374,
2608,41,130000,0,user_21,374,374,
2618,42,130000,0,user_34,374,374,
2614,43,110000,10700,user_30,374,374,
2615,44,110000,0,user_30,374,374,
2629,45,98000,779000,user_42,374,374,
2610,46,84000,0,user_22,374,374,
2682,0,30000000,0,user_46,375,375,
2666,1,6100000,0,user_28,375,375,
2658,2,5200000,4320000,user_20,375,375,
2663,3,5000000,0,user_24,375,375,
2685,4,5000000,0,user_48,375,375,
2683,5,4500000,0,user_47,375,375,
2644,6,3500000,0,user_10,375,375,
2677,7,3500000,0,user_43,375,375,
2684,8,2500000,0,user_48,375,375,
2669,9,2100000,0,user_32,375,375,
2642,10,2000000,0,user_7,375,375,
2665,11,2000000,0,user_27,375,375,
2671,12,2000000,0,user_34,375,375,
2659,13,1700000,0,user_22,375,375,
2653,14,1500000,0,user_16,375,375,
2652,15,1400000,0,user_16,375,375,
2680,16,1300000,0,user_45,375,375,
2667,17,1000000,0,user_29,375,375,
2672,18,670000,0,user_36,375,375,
2640,19,650000,0,user_5,375,375,
2678,20,650000,0,user_44,375,375,
2655,21,530000,0,user_18,375,375,
2679,22,530000,0,user_44,375,375,
2657,23,460000,10700,user_20,375,375,
2662,24,420000,39400,user_24,375,375,
2668,25,240000,0,user_30,375,375,
2673,26,220000,0,user_37,375,375,
2660,27,170000,0,user_23,375,375,
2664,28,170000,0,user_25,375,375,
2661,29,150000,0,user_24,375,375,
2638,30,120000,0,user_3,375,375,
2654,31,120000,35600,user_17,375,375,
2637,32,110000,0,user_1,375,375,
2646,33,85001,0,user_11,375,375,2645
2647,34,85001,0,user_12,375,375,2645
2649,35,85001,0,user_13,375,375,2645
2651,36,85001,0,user_15,375,375,2645
2641,37,85000,0,user_6,375,375,
2645,38,85000,779000,user_10,375,375,
2648,39,84999,0,user_13,375,375,2645
2650,40,84999,0,user_15,375,375,2645
2656,41,79000,64600,user_19,375,375,
2681,42,79000,0,user_45,375,375,
2639,43,77000,0,user_4,375,375,
2675,44,77000,0,user_41,375,375,
2670,45,70000,0,user_32,375,375,
2676,46,70000,0,user_41,375,375,
2729,0,43000000,0,user_45,376,376,
2702,1,3500000,0,user_19,376,376,
2700,2,2400000,0,user_17,376,376,
2703,3,2300000,16400,user_19,376,376,
2725,4,2100000,231000,user_42,376,376,
2732,5,1400000,283000,user_48,376,376,
2719,6,1100000,0,user_32,376,376,
2720,7,910000,0,user_34,376,376,
2730,8,870000,0,user_46,376,376,
2713,9,630000,0,user_28,376,376,
2714,10,630000,75000,user_29,376,376,
2716,11,460000,322000,user_30,376,376,
2707,12,370000,0,user_23,376,376,
2710,13,340000,33300,user_25,376,376,
2727,14,320000,0,user_44,376,376,
2728,15,310000,0,user_44,376,376,
2701,16,260000,594000,user_18,376,376,
2708,17,260000,161000,user_23,376,376,
2718,18,170000,0,user_31,376,376,
2712,19,160000,594000,user_27,376,376,
2709,20,150000,0,user_24,376,376,
2704,21,120000,0,user_20,376,376,
2706,22,120000,0,user_22,376,376,
2726,23,120000,0,user_43,376,376,
2731,24,120000,21800,user_47,376,376,
2705,25,110000,24700,user_21,376,376,
2711,26,110000,84800,user_26,376,376,
2715,27,110000,0,user_30,376,376,
2686,28,98000,0,user_0,376,376,
2691,29,83001,0,user_4,376,376,2687
2693,30,83001,0,user_6,376,376,2687
2694,31,83001,0,user_10,376,376,2687
2696,32,83001,0,user_12,376,376,2687
2697,33,83001,0,user_13,376,376,2687
2687,34,83000,42000,user_1,376,376,
2688,35,82999,0,user_3,376,376,2687
2689,36,82999,0,user_3,376,376,2687
2690,37,82999,0,user_3,376,376,2687
2692,38,82999,0,user_4,376,376,2687
2695,39,82999,0,user_12,376,376,2687
2698,40,82999,0,user_13,376,376,2687
2699,41,82999,0,user_15,376,376,2687
2717,42,82000,0,user_31,376,376,
2733,43,73000,0,user_48,376,376,
2734,44,73000,381000,user_49,376,376,
2755,0,43000000,0,user_16,377,377,
2775,1,30000000,0,user_38,377,377,
2782,2,6300000,0,user_40,377,377,
2735,3,6100000,0,user_0,377,377,
2756,4,5000000,0,user_18,377,377,
2780,5,4200000,0,user_39,377,377,
2761,6,3600000,0,user_25,377,377,
2790,7,2600000,0,user_44,377,377,
2758,8,2500000,16400,user_22,377,377,
2779,9,2500000,5630,user_39,377,377,
2772,10,2300000,0,user_37,377,377,
2773,11,2000000,215000,user_37,377,377,
2784,12,2000000,256000,user_42,377,377,
2763,13,1700000,0,user_27,377,377,
2776,14,1600000,0,user_38,377,377,
2785,15,1600000,0,user_42,377,377,
2767,16,970000,0,user_32,377,377,
2777,17,970000,0,user_38,377,377,
2774,18,650000,410000,user_38,377,377,
2788,19,630000,0,user_42,377,377,
2765,20,600000,0,user_31,377,377,
2766,21,460000,0,user_31,377,377,
2792,22,420000,0,user_46,377,377,
2778,23,310000,0,user_38,377,377,
2771,24,190000,35600,user_36,377,377,
2794,25,170000,47700,user_48,377,377,
2781,26,160000,0,user_40,377,377,
2786,27,160000,0,user_42,377,377,
2760,28,150000,0,user_23,377,377,
2764,29,150000,0,user_28,377,377,
2759,30,120000,0,user_23,377,377,
2770,31,120000,285000,user_35,377,377,
2757,32,98000,0,user_19,377,377,
2762,33,98000,0,user_26,377,377,
2787,34,85000,0,user_42,377,377,
2791,35,83000,0,user_45,377,377,
2737,36,77001,0,user_2,377,377,2736
2740,37,77001,0,user_4,377,377,2736
2741,38,77001,0,user_5,377,377,2736
2745,39,77001,0,user_8,377,377,2736
2747,40,77001,0,user_9,377,377,2736
2748,41,77001,0,user_10,377,377,2736
2754,42,77001,0,user_14,377,377,2736
2738,43,76999,0,user_2,377,377,2736
2742,44,76999,0,user_6,377,377,2736
2743,45,76999,0,user_7,377,377,2736
2744,46,76999,0,user_7,377,377,2736
2746,47,76999,0,user_9,377,377,2736
2749,48,76999,0,user_11,377,377,2736
2750,49,76999,0,user_11,377,377,2736
2751,50,76999,0,user_11,377,377,2736
2752,51,76999,0,user_12,377,377,2736
2753,52,76999,0,user_13,377,377,2736
2769,53,73000,0,user_34,377,377,
2822,0,30000000,0,user_20,378,378,
2838,1,19000000,13900,user_39,378,378,
2834,2,3200000,0,user_36,378,378,
2819,3,2000000,33300,user_20,378,378,
2843,4,2000000,0,user_46,378,378,
2832,5,1600000,0,user_34,378,378,
2839,6,1600000,11200,user_39,378,378,
2821,7,1500000,21800,user_20,378,378,
2823,8,1500000,0,user_21,378,378,
2827,9,1500000,0,user_28,378,378,
2796,10,1400000,0,user_0,378,378,
2836,11,1400000,0,user_37,378,378,
2818,12,1100000,68100,user_19,378,378,
2846,13,1100000,0,user_49,378,378,
2829,14,870000,0,user_30,378,378,
2844,15,660000,0,user_48,378,378,
2842,16,650000,0,user_44,378,378,
2825,17,460000,0,user_25,378,378,
2820,18,420000,0,user_20,378,378,
2815,19,350000,0,user_16,378,378,
2824,20,220000,4320000,user_22,378,378,
2826,21,220000,0,user_27,378,378,
2837,22,160000,0,user_39,378,378,
2799,23,150001,0,user_3,378,378,2798
2801,24,150001,0,user_5,378,378,2798
2802,25,150001,0,user_5,378,378,2798
2804,26,150001,0,user_5,378,378,2798
2805,27,150001,0,user_6,378,378,2798
2806,28,150001,0,user_7,378,378,2798
2810,29,150001,0,user_11,378,378,2798
2811,30,150001,0,user_12,378,378,2798
2812,31,150001,0,user_13,378,378,2798
2813,32,150001,0,user_15,378,378,2798
2798,33,150000,84800,user_3,378,378,
2830,34,150000,0,user_31,378,378,
2800,35,149999,0,user_4,378,378,2798
2803,36,149999,0,user_5,378,378,2798
2807,37,149999,0,user_7,378,378,2798
2809,38,149999,0,user_10,378,378,2798
2814,39,149999,0,user_15,378,378,2798
2816,40,130000,0,user_17,378,378,
2797,41,110000,0,user_2,378,378,
2835,42,100000,14200,user_37,378,378,
2845,43,85000,0,user_48,378,378,
2828,44,82000,0,user_29,378,378,
2831,45,79000,0,user_33,378,378,
2817,46,77000,0,user_18,378,378,
2869,0,30000000,0,user_23,379,379,
2875,1,6100000,18600,user_27,379,379,
2847,2,5000000,0,user_3,379,379,
2872,3,5000000,215000,user_25,379,379,
2891,4,5000000,0,user_41,379,379,
2892,5,5000000,0,user_44,379,379,
2882,6,4500000,0,user_33,379,379,
2880,7,3200000,0,user_33,379,379,
2866,8,2100000,5630,user_20,379,379,
2883,9,2100000,0,user_34,379,379,
2865,10,2000000,33300,user_20,379,379,
2848,11,1900000,0,user_4,379,379,
2877,12,1700000,0,user_30,379,379,
2871,13,1600000,0,user_24,379,379,
2862,14,1500000,0,user_18,379,379,
2879,15,1500000,75000,user_33,379,379,
2881,16,1500000,0,user_33,379,379,
2851,17,1200001,0,user_6,379,379,2849
2852,18,1200001,0,user_7,379,379,2849
2858,19,1200001,0,user_14,379,379,2849
2859,20,1200001,0,user_15,379,379,2849
2860,21,1200001,0,user_15,379,379,2849
2849,22,1200000,33100,user_5,379,379,
2867,23,1200000,47700,user_21,379,379,
2850,24,1199999,0,user_6,379,379,2849
2853,25,1199999,0,user_8,379,379,2849
2855,26,1199999,0,user_10,379,379,2849
2856,27,1199999,0,user_12,379,379,2849
2857,28,1199999,0,user_14,379,379,2849
2878,29,970000,0,user_31,379,379,
2874,30,910000,12300,user_26,379,379,
2893,31,910000,0,user_45,379,379,
2886,32,870000,15300,user_38,379,379,
2870,33,660000,0,user_23,379,379,
2864,34,630000,42000,user_19,379,379,
2876,35,420000,0,user_28,379,379,
2861,36,320000,0,user_17,379,379,
2894,37,320000,0,user_47,379,379,
2873,38,310000,7190000,user_25,379,379,
2885,39,220000,0,user_38,379,379,
2868,40,150000,0,user_22,379,379,
2890,41,150000,0,user_41,379,379,
2863,42,84000,0,user_18,379,379,
2887,43,82000,13900,user_38,379,379,
2895,44,80000,0,user_48,379,379,
2929,0,43000000,0,user_31,380,380,
2901,1,4500000,0,user_5,380,380,
2896,2,2400000,0,user_0,380,380,
2924,3,2100000,0,user_26,380,380,
2917,4,1500000,0,user_18,380,380,
2943,5,1500000,0,user_46,380,380,
2948,6,1500000,0,user_47,380,380,
2950,7,1500000,0,user_49,380,380,
2919,8,1400000,0,user_20,380,380,
2921,9,1100000,0,user_23,380,380,
2930,10,1000000,0,user_31,380,380,
2940,11,1000000,19700,user_42,380,380,
2914,12,910000,0,user_16,380,380,
2916,13,870000,15700,user_17,380,380,
2918,14,670000,0,user_19,380,380,
2946,15,670000,0,user_47,380,380,
2947,16,650000,0,user_47,380,380,
2942,17,630000,0,user_44,380,380,
2922,18,600000,15100,user_25,380,380,
2931,19,600000,21800,user_31,380,380,
2932,20,470000,7840,user_31,380,380,
2899,21,370000,0,user_4,380,380,
2949,22,370000,0,user_48,380,380,
2897,23,360000,0,user_2,380,380,
2920,24,320000,0,user_22,380,380,
2939,25,310000,0,user_42,380,380,
2941,26,310000,0,user_43,380,380,
2902,27,300000,0,user_6,380,380,
2934,28,220000,47700,user_38,380,380,
2944,29,220000,0,user_47,380,380,
2906,30,190001,0,user_10,380,380,2904
2908,31,190001,0,user_12,380,380,2904
2909,32,190001,0,user_13,380,380,2904
2910,33,190001,0,user_14,380,380,2904
2904,34,190000,7190000,user_8,380,380,
2907,35,189999,0,user_12,380,380,2904
2911,36,189999,0,user_14,380,380,2904
2912,37,189999,0,user_15,380,380,2904
2945,38,170000,0,user_47,380,380,
2903,39,150000,0,user_7,380,380,
2913,40,150000,0,user_16,380,380,
2923,41,120000,0,user_26,380,380,
2915,42,110000,18600,user_17,380,380,
2925,43,110000,0,user_28,380,380,
2927,44,110000,0,user_29,380,380,
2928,45,110000,43600,user_30,380,380,
2898,46,100000,0,user_4,380,380,
2926,47,85000,0,user_29,380,380,
2938,48,82000,0,user_42,380,380,
2937,49,80000,0,user_41,380,380,
2935,50,77000,155000,user_38,380,380,
2900,51,73000,0,user_5,380,380,
2981,0,43000000,0,user_36,381,381,
2974,1,27000000,0,user_26,381,381,
2979,2,6100000,0,user_34,381,381,
2978,3,5000000,0,user_33,381,381,
2969,4,4500000,0,user_21,381,381,
2962,5,2600000,0,user_16,381,381,
2992,6,2600000,0,user_44,381,381,
2988,7,2500000,0,user_39,381,381,
2952,8,2000001,0,user_4,381,381,2951
2954,9,2000001,0,user_6,381,381,2951
2957,10,2000001,0,user_12,381,381,2951
2958,11,2000001,0,user_13,381,381,2951
2959,12,2000001,0,user_13,381,381,2951
2960,13,2000001,0,user_15,381,381,2951
2951,14,2000000,66100,user_0,381,381,
2953,15,1999999,0,user_4,381,381,2951
2955,16,1999999,0,user_7,381,381,2951
2956,17,1999999,0,user_10,381,381,2951
2961,18,1999999,0,user_15,381,381,2951
2967,19,1600000,0,user_19,381,381,
2973,20,1400000,0,user_24,381,381,
2997,21,1100000,0,user_46,381,381,
2971,22,1000000,0,user_23,381,381,
2972,23,870000,0,user_23,381,381,
2999,24,870000,0,user_48,381,381,
2982,25,670000,21800,user_36,381,381,
3002,26,670000,0,user_48,381,381,
2977,27,660000,0,user_31,381,381,
2996,28,660000,545000,user_46,381,381,
2987,29,600000,0,user_38,381,381,
2985,30,460000,545000,user_37,381,381,
2963,31,420000,0,user_17,381,381,
2986,32,320000,0,user_37,381,381,
2976,33,240000,0,user_28,381,381,
2966,34,220000,23500,user_19,381,381,
3004,35,220000,0,user_49,381,381,
3000,36,190000,0,user_48,381,381,
2991,37,170000,0,user_43,381,381,
2993,38,170000,0,user_45,381,381,
2995,39,170000,0,user_46,381,381,
2965,40,160000,195000,user_18,381,381,
2968,41,160000,0,user_20,381,381,
2970,42,160000,21800,user_22,381,381,
3001,43,160000,0,user_48,381,381,
2964,44,150000,32900,user_18,381,381,
2975,45,150000,0,user_27,381,381,
2994,46,150000,164000,user_46,381,381,
2983,47,120000,0,user_37,381,381,
2984,48,120000,0,user_37,381,381,
2998,49,120000,0,user_46,381,381,
3003,50,82000,0,user_48,381,381,
2990,51,79000,0,user_42,381,381,
3035,0,27000000,0,user_39,382,382,
3022,1,4200000,0,user_20,382,382,
3018,2,3500000,0,user_16,382,382,
3041,3,1800000,0,user_44,382,382,
3026,4,1700000,0,user_26,382,382,
3025,5,1500000,0,user_23,382,382,
3005,6,1200000,0,user_2,382,382,
3027,7,910000,21800,user_26,382,382,
3040,8,670000,0,user_43,382,382,
3046,9,670000,32900,user_48,382,382,
3028,10,630000,0,user_30,382,382,
3034,11,630000,0,user_35,382,382,
3029,12,460000,0,user_31,382,382,
3020,13,420000,0,user_17,382,382,
3037,14,360000,0,user_41,382,382,
3036,15,310000,0,user_40,382,382,
3016,16,260000,0,user_16,382,382,
3038,17,220000,0,user_41,382,382,
3024,18,160000,0,user_22,382,382,
3017,19,120000,0,user_16,382,382,
3019,20,120000,0,user_16,382,382,
3023,21,120000,0,user_21,382,382,
3021,22,110000,0,user_19,382,382,
3009,23,80001,0,user_9,382,382,3007
3011,24,80001,0,user_11,382,382,3007
3015,25,80001,0,user_14,382,382,3007
3006,26,80000,0,user_3,382,382,
3007,27,80000,155000,user_6,382,382,
3039,28,80000,0,user_42,382,382,
3008,29,79999,0,user_8,382,382,3007
3010,30,79999,0,user_10,382,382,3007
3012,31,79999,0,user_11,382,382,3007
3013,32,79999,0,user_11,382,382,3007
3030,33,70000,0,user_31,382,382,
3087,0,30000000,0,user_33,383,383,
3105,1,6100000,0,user_48,383,383,
3073,2,5000000,0,user_22,383,383,
3082,3,5000000,0,user_32,383,383,
3089,4,5000000,34700,user_33,383,383,
3072,5,2400000,0,user_20,383,383,
3076,6,2400000,75000,user_26,383,383,
3069,7,2000000,0,user_18,383,383,
3081,8,1900000,0,user_31,383,383,
3079,9,1800000,0,user_28,383,383,
3075,10,1600000,15100,user_25,383,383,
3067,11,1500000,0,user_18,383,383,
3086,12,1500000,0,user_32,383,383,
3093,13,1500000,0,user_36,383,383,
3102,14,1500000,13800,user_45,383,383,
3101,15,1100000,0,user_44,383,383,
3090,16,1000000,21800,user_33,383,383,
3066,17,970000,0,user_17,383,383,
3065,18,910000,0,user_16,383,383,
3070,19,910000,0,user_19,383,383,
3083,20,910000,0,user_32,383,383,
3048,21,630001,0,user_1,383,383,3047
3049,22,630001,0,user_2,383,383,3047
3050,23,630001,0,user_3,383,383,3047
3051,24,630001,0,user_4,383,383,3047
3052,25,630001,0,user_5,383,383,3047
3055,26,630001,0,user_5,383,383,3047
3058,27,630001,0,user_6,383,383,3047
3061,28,630001,0,user_10,383,383,3047
3062,29,630001,0,user_11,383,383,3047
3047,30,630000,33300,user_0,383,383,
3053,31,629999,0,user_5,383,383,3047
3054,32,629999,0,user_5,383,383,3047
3056,33,629999,0,user_5,383,383,3047
3057,34,629999,0,user_6,383,383,3047
3059,35,629999,0,user_6,383,383,3047
3063,36,629999,0,user_12,383,383,3047
3064,37,629999,0,user_14,383,383,3047
3104,38,370000,0,user_47,383,383,
3103,39,310000,0,user_46,383,383,
3094,40,300000,0,user_37,383,383,
3099,41,300000,0,user_42,383,383,
3080,42,240000,0,user_29,383,383,
3091,43,220000,0,user_34,383,383,
3071,44,160000,0,user_20,383,383,
3074,45,160000,0,user_22,383,383,
3077,46,160000,0,user_27,383,383,
3078,47,150000,0,user_28,383,383,
3084,48,150000,0,user_32,383,383,
3100,49,150000,0,user_43,383,383,
3095,50,130000,0,user_38,383,383,
3106,51,110000,0,user_49,383,383,
3068,52,100000,0,user_18,383,383,
3098,53,83000,67900,user_42,383,383,
3085,54,70000,0,user_32,383,383,
3088,55,70000,0,user_33,383,383,
3125,0,43000000,0,user_18,384,384,
3135,1,30000000,0,user_30,384,384,
3129,2,19000000,0,user_26,384,384,
3134,3,5000000,0,user_30,384,384,
3132,4,4500000,0,user_28,384,384,
3151,5,3500000,0,user_47,384,384,
3126,6,2500000,0,user_23,384,384,
3131,7,1600000,0,user_27,384,384,
3152,8,1100000,0,user_48,384,384,
3110,9,1000000,0,user_4,384,384,
3145,10,650000,215000,user_41,384,384,
3146,11,650000,6390,user_44,384,384,
3141,12,630000,24700,user_37,384,384,
3139,13,530000,0,user_34,384,384,
3124,14,470000,0,user_17,384,384,
3114,15,460001,0,user_5,384,384,3112
3116,16,460001,0,user_6,384,384,3112
3119,17,460001,0,user_10,384,384,3112
3121,18,460001,0,user_15,384,384,3112
3112,19,460000,35600,user_4,384,384,
3113,20,459999,0,user_5,384,384,3112
3115,21,459999,0,user_6,384,384,3112
3117,22,459999,0,user_7,384,384,3112
3120,23,459999,0,user_13,384,384,3112
3122,24,459999,0,user_15,384,384,3112
3136,25,370000,0,user_30,384,384,
3149,26,370000,0,user_46,384,384,
3128,27,320000,0,user_24,384,384,
3138,28,260000,0,user_34,384,384,
3127,29,220000,0,user_23,384,384,
3150,30,170000,0,user_46,384,384,
3123,31,160000,17000,user_16,384,384,
3147,32,160000,15100,user_44,384,384,
3108,33,150000,0,user_2,384,384,
3107,34,130000,0,user_1,384,384,
3140,35,120000,0,user_36,384,384,
3143,36,120000,0,user_38,384,384,
3148,37,120000,0,user_45,384,384,
3109,38,87000,0,user_3,384,384,
3137,39,85000,0,user_30,384,384,
3133,40,84000,46500,user_28,384,384,
3111,41,82000,0,user_4,384,384,
3130,42,79000,0,user_26,384,384,
3142,43,79000,0,user_38,384,384,
3182,0,43000000,16400,user_31,385,385,
3176,1,30000000,0,user_25,385,385,
3157,2,27000000,0,user_2,385,385,
3159,3,5000000,0,user_3,385,385,
3185,4,5000000,959000,user_34,385,385,
3191,5,4200000,15300,user_39,385,385,
3195,6,4200000,0,user_42,385,385,
3155,7,3500000,0,user_1,385,385,
3165,8,1900001,0,user_9,385,385,3164
3167,9,1900001,0,user_9,385,385,3164
3170,10,1900001,0,user_15,385,385,3164
3164,11,1900000,5180,user_8,385,385,
3190,12,1900000,0,user_39,385,385,
3166,13,1899999,0,user_9,385,385,3164
3169,14,1899999,0,user_13,385,385,3164
3178,15,1600000,0,user_26,385,385,
3173,16,1500000,0,user_21,385,385,
3186,17,1500000,0,user_35,385,385,
3189,18,1500000,0,user_38,385,385,
3199,19,1100000,21800,user_46,385,385,
3160,20,970000,0,user_4,385,385,
3202,21,970000,5630,user_46,385,385,
3161,22,870000,0,user_5,385,385,
3196,23,670000,0,user_44,385,385,
3158,24,650000,0,user_3,385,385,
3154,25,600000,0,user_0,385,385,
3198,26,530000,0,user_46,385,385,
3174,27,420000,0,user_22,385,385,
3187,28,420000,0,user_37,385,385,
3175,29,370000,0,user_23,385,385,
3203,30,360000,0,user_47,385,385,
3177,31,260000,0,user_26,385,385,
3179,32,260000,0,user_26,385,385,
3184,33,260000,0,user_33,385,385,
3156,34,220000,0,user_1,385,385,
3163,35,220000,0,user_6,385,385,
3188,36,220000,410000,user_38,385,385,
3200,37,220000,0,user_46,385,385,
3181,38,170000,0,user_31,385,385,
3205,39,170000,0,user_49,385,385,
3171,40,160000,0,user_18,385,385,
3180,41,160000,0,user_28,385,385,
3194,42,120000,0,user_41,385,385,
3197,43,120000,0,user_44,385,385,
3201,44,120000,0,user_46,385,385,
3162,45,110000,0,user_5,385,385,
3153,46,85000,0,user_0,385,385,
3172,47,83000,0,user_20,385,385,
3229,0,19000000,0,user_23,386,386,
3238,1,4500000,0,user_31,386,386,
3253,2,4500000,0,user_47,386,386,
3232,3,1700000,100000,user_26,386,386,
3242,4,1600000,35600,user_35,386,386,
3225,5,1500000,0,user_18,386,386,
3244,6,1500000,0,user_37,386,386,
3251,7,1500000,0,user_43,386,386,
3240,8,1100000,0,user_33,386,386,
3231,9,1000000,121000,user_26,386,386,
3226,10,420000,0,user_20,386,386,
3243,11,420000,0,user_36,386,386,
3246,12,420000,0,user_40,386,386,
3233,13,350000,23500,user_27,386,386,
3254,14,310000,35600,user_48,386,386,
3235,15,220000,0,user_28,386,386,
3237,16,220000,71800,user_30,386,386,
3210,17,160001,0,user_3,386,386,3206
3211,18,160001,0,user_3,386,386,3206
3215,19,160001,0,user_7,386,386,3206
3218,20,160001,0,user_9,386,386,3206
3222,21,160001,0,user_13,386,386,3206
3206,22,160000,381000,user_0,386,386,
3241,23,160000,30200,user_33,386,386,
3245,24,160000,0,user_39,386,386,
3207,25,159999,0,user_1,386,386,3206
3208,26,159999,0,user_1,386,386,3206
3209,27,159999,0,user_2,386,386,3206
3213,28,159999,0,user_7,386,386,3206
3214,29,159999,0,user_7,386,386,3206
3216,30,159999,0,user_7,386,386,3206
3217,31,159999,0,user_8,386,386,3206
3221,32,159999,0,user_12,386,386,3206
3223,33,159999,0,user_15,386,386,3206
3228,34,120000,0,user_21,386,386,
3239,35,120000,0,user_32,386,386,
3252,36,120000,0,user_44,386,386,
3234,37,100000,0,user_28,386,386,
3255,38,100000,0,user_49,386,386,
3224,39,98000,0,user_16,386,386,
3227,40,85000,0,user_21,386,386,
3236,41,77000,17000,user_29,386,386,
3292,0,43000000,0,user_30,387,387,
3302,1,30000000,0,user_39,387,387,
3293,2,5200000,0,user_31,387,387,
3283,3,5000000,0,user_28,387,387,
3284,4,5000000,0,user_28,387,387,
3289,5,5000000,0,user_29,387,387,
3261,6,3500001,0,user_2,387,387,3259
3262,7,3500001,0,user_2,387,387,3259
3263,8,3500001,0,user_2,387,387,3259
3264,9,3500001,0,user_2,387,387,3259
3265,10,3500001,0,user_4,387,387,3259
3268,11,3500001,0,user_9,387,387,3259
3269,12,3500001,0,user_9,387,387,3259
3259,13,3500000,959000,user_1,387,387,
3273,14,3500000,0,user_16,387,387,
3281,15,3500000,35600,user_26,387,387,
3260,16,3499999,0,user_1,387,387,3259
3266,17,3499999,0,user_6,387,387,3259
3267,18,3499999,0,user_8,387,387,3259
3270,19,3499999,0,user_11,387,387,3259
3272,20,3499999,0,user_13,387,387,3259
3296,21,3200000,0,user_34,387,387,
3308,22,2600000,32900,user_45,387,387,
3300,23,2100000,0,user_37,387,387,
3290,24,2000000,30200,user_29,387,387,
3309,25,1900000,0,user_46,387,387,
3297,26,1500000,0,user_35,387,387,
3310,27,910000,0,user_47,387,387,
3286,28,460000,15100,user_28,387,387,
3298,29,460000,0,user_36,387,387,
3278,30,370000,0,user_23,387,387,
3256,31,310000,0,user_0,387,387,
3299,32,260000,0,user_36,387,387,
3282,33,220000,369000,user_27,387,387,
3291,34,220000,0,user_29,387,387,
3306,35,170000,0,user_43,387,387,
3313,36,170000,0,user_49,387,387,
3257,37,160000,0,user_1,387,387,
3295,38,150000,0,user_33,387,387,
3287,39,100000,0,user_28,387,387,
3307,40,100000,0,user_44,387,387,
3258,41,98000,0,user_1,387,387,
3305,42,98000,0,user_42,387,387,
3285,43,87000,100000,user_28,387,387,
3301,44,84000,108000,user_37,387,387,
3277,45,80000,100000,user_22,387,387,
3288,46,80000,0,user_29,387,387,
3276,47,79000,410000,user_22,387,387,
3275,48,73000,0,user_21,387,387,
3342,0,27000000,0,user_27,388,388,
3340,1,5000000,0,user_24,388,388,
3353,2,5000000,0,user_42,388,388,
3343,3,3600000,15700,user_28,388,388,
3346,4,2600000,0,user_31,388,388,
3332,5,2100000,0,user_16,388,388,
3348,6,2000000,0,user_32,388,388,
3334,7,1400000,0,user_17,388,388,
3337,8,1400000,0,user_21,388,388,
3351,9,1400000,0,user_37,388,388,
3333,10,1000000,0,user_17,388,388,
3336,11,1000000,0,user_19,388,388,
3341,12,650000,0,user_25,388,388,
3344,13,650000,0,user_29,388,388,
3349,14,360000,0,user_33,388,388,
3345,15,310000,0,user_30,388,388,
3347,16,310000,0,user_31,388,388,
3354,17,310000,0,user_44,388,388,
3338,18,170000,0,user_22,388,388,
3339,19,170000,0,user_23,388,388,
3315,20,150001,0,user_2,388,388,3314
3317,21,150001,0,user_3,388,388,3314
3320,22,150001,0,user_3,388,388,3314
3322,23,150001,0,user_5,388,388,3314
3324,24,150001,0,user_6,388,388,3314
3325,25,150001,0,user_7,388,388,3314
3326,26,150001,0,user_8,388,388,3314
3328,27,150001,0,user_10,388,388,3314
3329,28,150001,0,user_12,388,388,3314
3314,29,150000,75000,user_0,388,388,
3355,30,150000,0,user_46,388,388,
3316,31,149999,0,user_2,388,388,3314
3318,32,149999,0,user_3,388,388,3314
3319,33,149999,0,user_3,388,388,3314
3321,34,149999,0,user_3,388,388,3314
3323,35,149999,0,user_6,388,388,3314
3330,36,149999,0,user_14,388,388,3314
3331,37,149999,0,user_15,388,388,3314
3335,38,98000,0,user_18,388,388,
3400,0,30000000,0,user_46,389,389,
3375,1,5000000,0,user_16,389,389,
3392,2,3200000,18600,user_38,389,389,
3357,3,2600001,0,user_1,389,389,3356
3360,4,2600001,0,user_3,389,389,3356
3363,5,2600001,0,user_8,389,389,3356
3364,6,2600001,0,user_8,389,389,3356
3365,7,2600001,0,user_8,389,389,3356
3371,8,2600001,0,user_13,389,389,3356
3372,9,2600001,0,user_13,389,389,3356
3373,10,2600001,0,user_14,389,389,3356
3374,11,2600001,0,user_15,389,389,3356
3356,12,2600000,68100,user_0,389,389,
3358,13,2599999,0,user_2,389,389,3356
3359,14,2599999,0,user_3,389,389,3356
3361,15,2599999,0,user_4,389,389,3356
3362,16,2599999,0,user_4,389,389,3356
3366,17,2599999,0,user_9,389,389,3356
3367,18,2599999,0,user_9,389,389,3356
3368,19,2599999,0,user_10,389,389,3356
3369,20,2599999,0,user_10,389,389,3356
3390,21,1900000,215000,user_36,389,389,
3388,22,1800000,0,user_35,389,389,
3380,23,1700000,0,user_22,389,389,
3397,24,1700000,0,user_43,389,389,
3377,25,1400000,0,user_17,389,389,
3385,26,1000000,0,user_31,389,389,
3396,27,870000,73100,user_42,389,389,
3398,28,600000,0,user_44,389,389,
3399,29,600000,0,user_46,389,389,
3395,30,350000,0,user_41,389,389,
3384,31,340000,0,user_30,389,389,
3387,32,300000,0,user_33,389,389,
3389,33,260000,594000,user_35,389,389,
3379,34,160000,0,user_21,389,389,
3381,35,120000,0,user_23,389,389,
3376,36,87000,0,user_17,389,389,
3383,37,87000,0,user_29,389,389,
3391,38,87000,0,user_36,389,389,
3401,39,80000,0,user_47,389,389,
3450,0,43000000,128000,user_42,390,390,
3454,1,19000000,164000,user_49,390,390,
3431,2,6300000,14200,user_28,390,390,
3434,3,6300000,35600,user_28,390,390,
3437,4,5000000,0,user_29,390,390,
3408,5,2500000,0,user_4,390,390,
3451,6,2400000,121000,user_44,390,390,
3439,7,2100000,0,user_29,390,390,
3405,8,2000000,0,user_2,390,390,
3429,9,2000000,0,user_25,390,390,
3445,10,2000000,0,user_36,390,390,
3428,11,1900000,0,user_25,390,390,
3440,12,1600000,0,user_30,390,390,
3426,13,1400000,0,user_22,390,390,
3453,14,1400000,75000,user_48,390,390,
3427,15,1300000,4320000,user_25,390,390,
3442,16,1000000,0,user_31,390,390,
3422,17,970000,35100,user_18,390,390,
3446,18,670000,0,user_37,390,390,
3436,19,660000,0,user_29,390,390,
3447,20,660000,73100,user_37,390,390,
3412,21,630001,0,user_6,390,390,3410
3415,22,630001,0,user_9,390,390,3410
3420,23,630001,0,user_15,390,390,3410
3410,24,630000,12300,user_5,390,390,
3411,25,629999,0,user_6,390,390,3410
3413,26,629999,0,user_6,390,390,3410
3414,27,629999,0,user_7,390,390,3410
3416,28,629999,0,user_10,390,390,3410
3417,29,629999,0,user_11,390,390,3410
3418,30,629999,0,user_12,390,390,3410
3419,31,629999,0,user_14,390,390,3410
3424,32,530000,0,user_20,390,390,
3435,33,370000,0,user_29,390,390,
3441,34,350000,13900,user_31,390,390,
3421,35,190000,0,user_16,390,390,
3406,36,170000,0,user_3,390,390,
3444,37,160000,0,user_35,390,390,
3409,38,150000,0,user_5,390,390,
3423,39,130000,0,user_19,390,390,
3407,40,120000,0,user_4,390,390,
3430,41,120000,121000,user_26,390,390,
3425,42,98000,0,user_22,390,390,
3438,43,98000,0,user_29,390,390,
3433,44,87000,0,user_28,390,390,
3449,45,85000,0,user_40,390,390,
3448,46,82000,64600,user_38,390,390,
3432,47,79000,64600,user_28,390,390,
3487,0,30000000,0,user_34,391,391,
3455,1,2000000,0,user_0,391,391,
3489,2,2000000,0,user_37,391,391,
3475,3,1800000,0,user_21,391,391,
3473,4,1600000,545000,user_19,391,391,
3471,5,1300000,34700,user_16,391,391,
3486,6,1100000,0,user_34,391,391,
3474,7,970000,0,user_21,391,391,
3491,8,670000,17700000,user_37,391,391,
3490,9,460000,0,user_37,391,391,
3476,10,360000,17000,user_22,391,391,
3482,11,360000,0,user_31,391,391,
3498,12,350000,0,user_44,391,391,
3458,13,310001,0,user_1,391,391,3456
3460,14,310001,0,user_2,391,391,3456
3464,15,310001,0,user_8,391,391,3456
3465,16,310001,0,user_8,391,391,3456
3466,17,310001,0,user_10,391,391,3456
3469,18,310001,0,user_14,391,391,3456
3456,19,310000,7840,user_0,391,391,
3457,20,309999,0,user_0,391,391,3456
3459,21,309999,0,user_2,391,391,3456
3461,22,309999,0,user_3,391,391,3456
3462,23,309999,0,user_3,391,391,3456
3463,24,309999,0,user_4,391,391,3456
3468,25,309999,0,user_12,391,391,3456
3470,26,309999,0,user_15,391,391,3456
3485,27,170000,0,user_34,391,391,
3472,28,160000,0,user_18,391,391,
3479,29,150000,0,user_25,391,391,
3480,30,120000,0,user_26,391,391,
3502,31,120000,17700000,user_49,391,391,
3481,32,110000,0,user_27,391,391,
3503,33,110000,0,user_49,391,391,
3483,34,100000,0,user_32,391,391,
3477,35,87000,7840,user_22,391,391,
3499,36,87000,34700,user_47,391,391,
3478,37,85000,0,user_24,391,391,
3497,38,83000,0,user_43,391,391,
3484,39,79000,0,user_33,391,391,
3500,40,77000,0,user_48,391,391,
3501,41,73000,0,user_49,391,391,
3534,0,30000000,0,user_30,392,392,
3531,1,2300000,0,user_21,392,392,
3536,2,2300000,0,user_34,392,392,
3519,3,2100000,0,user_16,392,392,
3540,4,2000000,5640,user_42,392,392,
3506,5,1900000,0,user_1,392,392,
3508,6,1800001,0,user_6,392,392,3507
3509,7,1800001,0,user_6,392,392,3507
3512,8,1800001,0,user_11,392,392,3507
3515,9,1800001,0,user_13,392,392,3507
3516,10,1800001,0,user_14,392,392,3507
3517,11,1800001,0,user_15,392,392,3507
3507,12,1800000,6390,user_4,392,392,
3510,13,1799999,0,user_7,392,392,3507
3513,14,1799999,0,user_11,392,392,3507
3514,15,1799999,0,user_12,392,392,3507
3526,16,1700000,12800,user_18,392,392,
3532,17,1600000,0,user_21,392,392,
3504,18,1500000,0,user_1,392,392,
3521,19,1500000,0,user_17,392,392,
3530,20,1500000,7840,user_21,392,392,
3524,21,1400000,0,user_17,392,392,
3541,22,1400000,35100,user_43,392,392,
3537,23,1100000,0,user_36,392,392,
3518,24,1000000,15700,user_16,392,392,
3543,25,1000000,0,user_43,392,392,
3547,26,1000000,0,user_45,392,392,
3542,27,660000,0,user_43,392,392,
3529,28,460000,0,user_21,392,392,
3533,29,460000,0,user_22,392,392,
3505,30,370000,0,user_1,392,392,
3535,31,300000,0,user_31,392,392,
3549,32,240000,0,user_48,392,392,
3523,33,220000,0,user_17,392,392,
3527,34,220000,181000,user_19,392,392,
3544,35,220000,10700,user_44,392,392,
3520,36,190000,0,user_17,392,392,
3538,37,130000,0,user_38,392,392,
3525,38,120000,43600,user_18,392,392,
3546,39,120000,0,user_45,392,392,
3522,40,110000,0,user_17,392,392,
3548,41,100000,0,user_47,392,392,
3528,42,87000,0,user_20,392,392,
3545,43,87000,1100000,user_44,392,392,
3573,0,43000000,0,user_26,393,393,
3575,1,43000000,0,user_29,393,393,
3583,2,19000000,0,user_41,393,393,
3587,3,19000000,0,user_46,393,393,
3574,4,6300000,0,user_27,393,393,
3577,5,5000000,0,user_37,393,393,
3585,6,3200000,0,user_43,393,393,
3572,7,2400000,32900,user_24,393,393,
3588,8,2100000,71800,user_46,393,393,
3554,9,2000001,0,user_5,393,393,3553
3558,10,2000001,0,user_11,393,393,3553
3560,11,2000001,0,user_14,393,393,3553
3561,12,2000001,0,user_14,393,393,3553
3562,13,2000001,0,user_14,393,393,3553
3552,14,2000000,0,user_2,393,393,
3553,15,2000000,24700,user_4,393,393,
3556,16,1999999,0,user_10,393,393,3553
3557,17,1999999,0,user_10,393,393,3553
3559,18,1999999,0,user_14,393,393,3553
3563,19,1900000,17000,user_18,393,393,
3581,20,1900000,0,user_39,393,393,
3584,21,1800000,779000,user_42,393,393,
3565,22,1700000,0,user_19,393,393,
3570,23,1500000,0,user_23,393,393,
3579,24,660000,0,user_38,393,393,
3592,25,630000,0,user_47,393,393,
3580,26,530000,68100,user_38,393,393,
3567,27,470000,15700,user_19,393,393,
3576,28,460000,0,user_36,393,393,
3551,29,310000,0,user_0,393,393,
3550,30,300000,0,user_0,393,393,
3571,31,240000,0,user_24,393,393,
3568,32,170000,84800,user_21,393,393,
3589,33,170000,0,user_46,393,393,
3564,34,160000,0,user_18,393,393,
3586,35,150000,0,user_46,393,393,
3590,36,150000,0,user_46,393,393,
3594,37,130000,0,user_49,393,393,
3569,38,120000,545000,user_22,393,393,
3593,39,120000,0,user_49,393,393,
3566,40,110000,0,user_19,393,393,
3591,41,87000,17000,user_47,393,393,
3578,42,85000,0,user_38,393,393,
3624,0,27000000,322000,user_32,394,394,
3643,1,27000000,0,user_46,394,394,
3628,2,6300000,0,user_34,394,394,
3616,3,6100000,24700,user_21,394,394,
3595,4,5000000,0,user_0,394,394,
3615,5,5000000,0,user_20,394,394,
3629,6,4500000,0,user_36,394,394,
3634,7,3600000,594000,user_42,394,394,
3603,8,2500000,0,user_7,394,394,
3619,9,2300000,0,user_28,394,394,
3598,10,2000000,0,user_3,394,394,
3599,11,2000000,0,user_4,394,394,
3613,12,1500000,0,user_19,394,394,
3601,13,1400000,0,user_5,394,394,
3625,14,1400000,0,user_32,394,394,
3612,15,1100000,0,user_17,394,394,
3630,16,1100000,0,user_37,394,394,
3641,17,1100000,0,user_46,394,394,
3626,18,910000,67500,user_33,394,394,
3636,19,910000,0,user_44,394,394,
3622,20,630000,0,user_30,394,394,
3637,21,530000,0,user_44,394,394,
3621,22,420000,769000,user_30,394,394,
3645,23,360000,0,user_48,394,394,
3642,24,340000,0,user_46,394,394,
3602,25,320000,0,user_6,394,394,
3597,26,300000,0,user_2,394,394,
3635,27,240000,0,user_43,394,394,
3644,28,240000,0,user_47,394,394,
3631,29,220000,0,user_38,394,394,
3618,30,190000,0,user_26,394,394,
3620,31,170000,0,user_29,394,394,
3633,32,150000,0,user_41,394,394,
3638,33,150000,0,user_44,394,394,
3639,34,130000,0,user_44,394,394,
3608,35,120001,0,user_15,394,394,3604
3611,36,120001,0,user_15,394,394,3604
3606,37,119999,0,user_11,394,394,3604
3607,38,119999,0,user_12,394,394,3604
3609,39,119999,0,user_15,394,394,3604
3610,40,119999,0,user_15,394,394,3604
3600,41,110000,0,user_5,394,394,
3614,42,110000,0,user_19,394,394,
3623,43,85000,5180,user_32,394,394,
3640,44,83000,13900,user_44,394,394,
3596,45,80000,0,user_1,394,394,
3627,46,79000,18600,user_34,394,394,
3646,47,77000,0,user_48,394,394,
3617,48,73000,0,user_21,394,394,
3689,0,27000000,10700,user_40,395,395,
3686,1,19000000,0,user_37,395,395,
3673,2,3600000,0,user_25,395,395,
3649,3,2300000,0,user_2,395,395,
3671,4,2100000,0,user_20,395,395,
3660,5,1900000,0,user_8,395,395,
3659,6,1600000,0,user_8,395,395,
3672,7,1500000,0,user_24,395,395,
3675,8,1500000,0,user_27,395,395,
3684,9,1000000,0,user_34,395,395,
3663,10,910000,0,user_11,395,395,
3676,11,650000,0,user_28,395,395,
3658,12,630000,0,user_8,395,395,
3662,13,630000,0,user_10,395,395,
3680,14,600000,0,user_32,395,395,
3677,15,470000,0,user_29,395,395,
3651,16,460000,0,user_4,395,395,
3669,17,460000,0,user_20,395,395,
3679,18,420000,0,user_31,395,395,
3685,19,420000,0,user_36,395,395,
3661,20,370000,0,user_9,395,395,
3653,21,350000,0,user_5,395,395,
3693,22,350000,0,user_45,395,395,
3666,23,320000,0,user_15,395,395,
3678,24,320000,0,user_29,395,395,
3665,25,310000,0,user_15,395,395,
3691,26,300000,33100,user_42,395,395,
3655,27,220000,0,user_6,395,395,
3674,28,170000,34700,user_25,395,395,
3687,29,170000,14200,user_38,395,395,
3654,30,160000,0,user_6,395,395,
3657,31,150000,0,user_8,395,395,
3688,32,150000,0,user_38,395,395,
3647,33,120000,0,user_0,395,395,
3656,34,120000,0,user_8,395,395,
3670,35,120000,0,user_20,395,395,
3664,36,110000,0,user_12,395,395,
3652,37,100000,0,user_4,395,395,
3667,38,85000,0,user_16,395,395,
3668,39,73000,0,user_19,395,395,
3681,40,73000,0,user_32,395,395,
1871,0,19000000,0,user_39,396,396,
1855,1,6100000,0,user_18,396,396,
1863,2,4500000,0,user_29,396,396,
1880,3,4500000,0,user_46,396,396,
1837,4,4200000,0,user_3,396,396,
1879,5,3500000,0,user_45,396,396,
1853,6,2400000,0,user_17,396,396,
1877,7,2000000,0,user_45,396,396,
1878,8,2000000,43600,user_45,396,396,
1884,9,2000000,5630,user_48,396,396,
1870,10,1700000,0,user_38,396,396,
1869,11,1600000,0,user_37,396,396,
1852,12,1500000,56200,user_16,396,396,
1854,13,1500000,0,user_18,396,396,
1875,14,1400000,0,user_45,396,396,
1881,15,1400000,0,user_47,396,396,
1832,16,1200000,0,user_0,396,396,
1833,17,1100000,0,user_1,396,396,
1856,18,1100000,0,user_18,396,396,
1868,19,1100000,13800,user_36,396,396,
1851,20,970000,0,user_16,396,396,
1838,21,910000,0,user_5,396,396,
1882,22,910000,0,user_47,396,396,
1842,23,630001,0,user_11,396,396,1839
1843,24,630001,0,user_13,396,396,1839
1845,25,630001,0,user_14,396,396,1839
1849,26,630001,0,user_15,396,396,1839
1839,27,630000,285000,user_7,396,396,
1840,28,629999,0,user_7,396,396,1839
1841,29,629999,0,user_10,396,396,1839
1844,30,629999,0,user_13,396,396,1839
1846,31,629999,0,user_15,396,396,1839
1847,32,629999,0,user_15,396,396,1839
1848,33,629999,0,user_15,396,396,1839
1850,34,629999,0,user_15,396,396,1839
1836,35,460000,0,user_3,396,396,
1864,36,460000,0,user_30,396,396,
1865,37,460000,21800,user_33,396,396,
1835,38,360000,0,user_2,396,396,
1866,39,350000,13900,user_34,396,396,
1876,40,350000,0,user_45,396,396,
1883,41,240000,0,user_48,396,396,
1858,42,220000,17000,user_23,396,396,
1859,43,170000,0,user_26,396,396,
1861,44,160000,0,user_28,396,396,
1834,45,150000,0,user_1,396,396,
1872,46,110000,0,user_41,396,396,
1862,47,84000,0,user_29,396,396,
1860,48,82000,0,user_26,396,396,
1873,49,80000,0,user_43,396,396,
1874,50,80000,0,user_44,396,396,
1857,51,70000,0,user_19,396,396,
1932,0,43000000,0,user_42,397,397,
1903,1,27000000,17000,user_19,397,397,
1924,2,27000000,0,user_33,397,397,
1907,3,6300000,0,user_24,397,397,
1926,4,5000000,0,user_35,397,397,
1905,5,4500000,0,user_23,397,397,
1936,6,3600000,0,user_44,397,397,
1913,7,2600000,0,user_28,397,397,
1920,8,2500000,12800,user_30,397,397,
1901,9,2100000,0,user_17,397,397,
1908,10,2000000,0,user_24,397,397,
1909,11,1800000,0,user_25,397,397,
1922,12,1800000,0,user_31,397,397,
1911,13,1600000,0,user_25,397,397,
1918,14,1600000,769000,user_30,397,397,
1917,15,1400000,16400,user_29,397,397,
1925,16,1300000,18600,user_35,397,397,
1931,17,1000000,0,user_42,397,397,
1933,18,1000000,17000,user_42,397,397,
1902,19,970000,0,user_19,397,397,
1912,20,910000,0,user_25,397,397,
1910,21,660000,0,user_25,397,397,
1927,22,660000,0,user_37,397,397,
1919,23,650000,0,user_30,397,397,
1934,24,530000,0,user_42,397,397,
1914,25,310000,0,user_28,397,397,
1939,26,310000,0,user_48,397,397,
1915,27,260000,0,user_28,397,397,
1921,28,220000,0,user_30,397,397,
1940,29,220000,64600,user_49,397,397,
1929,30,170000,0,user_38,397,397,
1888,31,160001,0,user_4,397,397,1887
1890,32,160001,0,user_7,397,397,1887
1891,33,160001,0,user_7,397,397,1887
1893,34,160001,0,user_9,397,397,1887
1894,35,160001,0,user_9,397,397,1887
1897,36,160001,0,user_11,397,397,1887
1898,37,160001,0,user_12,397,397,1887
1899,38,160001,0,user_14,397,397,1887
1900,39,160001,0,user_15,397,397,1887
1887,40,160000,231000,user_2,397,397,
1906,41,160000,0,user_24,397,397,
1889,42,159999,0,user_5,397,397,1887
1892,43,159999,0,user_8,397,397,1887
1895,44,159999,0,user_10,397,397,1887
1896,45,159999,0,user_11,397,397,1887
1916,46,150000,0,user_28,397,397,
1928,47,120000,0,user_38,397,397,
1904,48,98000,0,user_21,397,397,
1930,49,87000,0,user_41,397,397,
1935,50,87000,0,user_42,397,397,
1937,51,77000,0,user_44,397,397,
1984,0,27000000,12300,user_35,398,398,
1987,1,27000000,0,user_40,398,398,
1976,2,19000000,0,user_25,398,398,
1991,3,19000000,36800,user_44,398,398,
1974,4,6300000,0,user_22,398,398,
1972,5,6100000,33300,user_21,398,398,
1995,6,2600000,17000,user_45,398,398,
1981,7,2500000,0,user_30,398,398,
1970,8,2400000,0,user_18,398,398,
1942,9,2300000,0,user_0,398,398,
1983,10,2000000,0,user_35,398,398,
1985,11,2000000,4320000,user_36,398,398,
1989,12,2000000,0,user_43,398,398,
1969,13,1900000,0,user_16,398,398,
1978,14,1300000,0,user_28,398,398,
1990,15,1000000,0,user_43,398,398,
1992,16,670000,164000,user_45,398,398,
1993,17,670000,381000,user_45,398,398,
1979,18,600000,0,user_28,398,398,
1988,19,600000,0,user_41,398,398,
1941,20,310000,0,user_0,398,398,
1994,21,300000,0,user_45,398,398,
1998,22,300000,0,user_48,398,398,
1996,23,170000,0,user_46,398,398,
1986,24,150000,0,user_37,398,398,
2000,25,150000,0,user_49,398,398,
1980,26,110000,0,user_29,398,398,
1944,27,87001,0,user_2,398,398,1943
1945,28,87001,0,user_4,398,398,1943
1946,29,87001,0,user_6,398,398,1943
1954,30,87001,0,user_11,398,398,1943
1963,31,87001,0,user_14,398,398,1943
1964,32,87001,0,user_14,398,398,1943
1967,33,87001,0,user_14,398,398,1943
1968,34,87001,0,user_15,398,398,1943
1943,35,87000,15700,user_1,398,398,
1951,36,86999,0,user_10,398,398,1943
1952,37,86999,0,user_11,398,398,1943
1953,38,86999,0,user_11,398,398,1943
1955,39,86999,0,user_11,398,398,1943
1956,40,86999,0,user_11,398,398,1943
1965,41,86999,0,user_14,398,398,1943
1966,42,86999,0,user_14,398,398,1943
1999,43,77000,0,user_48,398,398,
1973,44,73000,0,user_22,398,398,
2014,0,19000000,0,user_19,399,399,
2027,1,6300000,0,user_36,399,399,
2029,2,5200000,0,user_37,399,399,
2026,3,5000000,128000,user_34,399,399,
2022,4,4200000,108000,user_28,399,399,
2024,5,4200000,0,user_31,399,399,
2039,6,2600000,0,user_47,399,399,
2015,7,2500000,8520,user_21,399,399,
2030,8,2500000,0,user_39,399,399,
2011,9,2400000,73100,user_17,399,399,
2023,10,2400000,0,user_29,399,399,
2035,11,1800000,0,user_42,399,399,
2018,12,1600000,0,user_23,399,399,
2021,13,1600000,0,user_26,399,399,
2038,14,1500000,4320000,user_45,399,399,
2020,15,1100000,0,user_26,399,399,
2034,16,1000000,0,user_42,399,399,
2032,17,910000,0,user_41,399,399,
2012,18,870000,0,user_17,399,399,
2028,19,460000,0,user_36,399,399,
2040,20,360000,0,user_48,399,399,
2043,21,340000,0,user_49,399,399,
2013,22,320000,0,user_18,399,399,
2033,23,300000,0,user_42,399,399,
2025,24,170000,0,user_33,399,399,
2037,25,170000,0,user_44,399,399,
2017,26,160000,0,user_22,399,399,
2019,27,150000,0,user_24,399,399,
2036,28,150000,0,user_42,399,399,
2042,29,150000,0,user_48,399,399,
2016,30,120000,15100,user_22,399,399,
2041,31,120000,0,user_48,399,399,
2002,32,83001,0,user_5,399,399,2001
2004,33,83001,0,user_6,399,399,2001
2006,34,83001,0,user_10,399,399,2001
2009,35,83001,0,user_12,399,399,2001
2010,36,83001,0,user_14,399,399,2001
2001,37,83000,231000,user_3,399,399,
2003,38,82999,0,user_5,399,399,2001
2007,39,82999,0,user_11,399,399,2001
2008,40,82999,0,user_11,399,399,2001
2059,0,43000000,0,user_16,400,400,
2088,1,6100000,381000,user_40,400,400,
2083,2,5000000,0,user_37,400,400,
2094,3,5000000,0,user_46,400,400,
2090,4,2300000,0,user_42,400,400,
2095,5,2000000,0,user_47,400,400,
2084,6,1900000,0,user_37,400,400,
2067,7,1700000,14200,user_19,400,400,
2062,8,1600000,0,user_16,400,400,
2070,9,1500000,0,user_22,400,400,
2077,10,1500000,6390,user_28,400,400,
2044,11,1100000,0,user_1,400,400,
2079,12,1100000,0,user_32,400,400,
2064,13,970000,0,user_17,400,400,
2063,14,670000,0,user_17,400,400,
2078,15,670000,19700,user_28,400,400,
2047,16,660001,0,user_2,400,400,2046
2049,17,660001,0,user_3,400,400,2046
2050,18,660001,0,user_4,400,400,2046
2051,19,660001,0,user_6,400,400,2046
2052,20,660001,0,user_6,400,400,2046
2054,21,660001,0,user_9,400,400,2046
2057,22,660001,0,user_11,400,400,2046
2058,23,660001,0,user_13,400,400,2046
2046,24,660000,11200,user_2,400,400,
2066,25,660000,0,user_19,400,400,
2091,26,660000,0,user_43,400,400,
2048,27,659999,0,user_2,400,400,2046
2053,28,659999,0,user_8,400,400,2046
2056,29,659999,0,user_11,400,400,2046
2045,30,370000,0,user_2,400,400,
2082,31,360000,0,user_35,400,400,
2060,32,320000,0,user_16,400,400,
2089,33,310000,0,user_42,400,400,
2080,34,260000,0,user_33,400,400,
2081,35,220000,959000,user_35,400,400,
2092,36,170000,0,user_45,400,400,
2065,37,150000,0,user_18,400,400,
2068,38,120000,0,user_21,400,400,
2085,39,87000,0,user_38,400,400,
2061,40,80000,0,user_16,400,400,
2069,41,80000,0,user_21,400,400,
2093,42,70000,30200,user_46,400,400,
2098,0,27000000,0,user_1,401,401,
2118,1,27000000,100000,user_18,401,401,
2125,2,27000000,0,user_26,401,401,
2121,3,19000000,0,user_19,401,401,
2130,4,5000000,164000,user_31,401,401,
2101,5,4500000,0,user_7,401,401,
2122,6,3600000,0,user_23,401,401,
2097,7,2400000,0,user_0,401,401,
2124,8,2000000,0,user_25,401,401,
2143,9,1600000,0,user_47,401,401,
2137,10,1500000,0,user_40,401,401,
2117,11,1400000,0,user_18,401,401,
2142,12,530000,73100,user_45,401,401,
2104,13,420001,0,user_9,401,401,2103
2105,14,420001,0,user_9,401,401,2103
2106,15,420001,0,user_9,401,401,2103
2109,16,420001,0,user_11,401,401,2103
2113,17,420001,0,user_11,401,401,2103
2114,18,420001,0,user_12,401,401,2103
2103,19,420000,164000,user_9,401,401,
2126,20,420000,0,user_27,401,401,
2107,21,419999,0,user_9,401,401,2103
2108,22,419999,0,user_10,401,401,2103
2110,23,419999,0,user_11,401,401,2103
2111,24,419999,0,user_11,401,401,2103
2112,25,419999,0,user_11,401,401,2103
2115,26,419999,0,user_13,401,401,2103
2102,27,310000,0,user_8,401,401,
2129,28,310000,0,user_30,401,401,
2099,29,300000,0,user_2,401,401,
2135,30,300000,42000,user_39,401,401,
2136,31,260000,0,user_40,401,401,
2141,32,190000,0,user_45,401,401,
2123,33,160000,0,user_24,401,401,
2116,34,120000,0,user_17,401,401,
2119,35,110000,0,user_18,401,401,
2138,36,110000,0,user_41,401,401,
2131,37,100000,0,user_33,401,401,
2128,38,84000,0,user_29,401,401,
2120,39,83000,0,user_18,401,401,
2134,40,79000,0,user_38,401,401,
2132,41,77000,0,user_35,401,401,
2174,0,43000000,0,user_26,402,402,
2186,1,43000000,0,user_37,402,402,
2162,2,27000000,0,user_16,402,402,
2187,3,27000000,1100000,user_37,402,402,
2151,4,3500000,0,user_7,402,402,
2148,5,2500000,0,user_5,402,402,
2167,6,2500000,14200,user_18,402,402,
2181,7,2000000,0,user_33,402,402,
2172,8,1900000,0,user_25,402,402,
2153,9,1800000,0,user_9,402,402,
2190,10,1800000,0,user_39,402,402,
2146,11,1600000,0,user_3,402,402,
2189,12,1400000,195000,user_38,402,402,
2203,13,1400000,0,user_48,402,402,
2173,14,1100000,0,user_26,402,402,
2171,15,1000000,0,user_24,402,402,
2175,16,1000000,0,user_26,402,402,
2150,17,600000,0,user_6,402,402,
2197,18,470000,13800,user_42,402,402,
2178,19,350000,0,user_29,402,402,
2191,20,340000,0,user_40,402,402,
2198,21,300000,0,user_43,402,402,
2157,22,260001,0,user_12,402,402,2155
2158,23,260001,0,user_12,402,402,2155
2155,24,260000,33100,user_10,402,402,
2156,25,259999,0,user_11,402,402,2155
2159,26,259999,0,user_12,402,402,2155
2160,27,259999,0,user_14,402,402,2155
2161,28,259999,0,user_15,402,402,2155
2192,29,240000,0,user_40,402,402,
2166,30,220000,0,user_18,402,402,
2168,31,220000,0,user_18,402,402,
2179,32,220000,0,user_30,402,402,
2183,33,220000,0,user_35,402,402,
2188,34,220000,0,user_37,402,402,
2154,35,190000,0,user_10,402,402,
2177,36,190000,0,user_26,402,402,
2185,37,170000,0,user_36,402,402,
2163,38,160000,0,user_17,402,402,
2196,39,160000,0,user_42,402,402,
2176,40,150000,0,user_26,402,402,
2204,41,150000,30200,user_49,402,402,
2147,42,120000,0,user_4,402,402,
2164,43,120000,0,user_17,402,402,
2184,44,120000,0,user_36,402,402,
2149,45,110000,0,user_6,402,402,
2152,46,110000,0,user_8,402,402,
2170,47,110000,0,user_23,402,402,
2180,48,100000,0,user_31,402,402,
2194,49,100000,0,user_40,402,402,
2199,50,100000,0,user_44,402,402,
2169,51,98000,0,user_20,402,402,
2165,52,85000,0,user_18,402,402,
2193,53,80000,0,user_40,402,402,
2195,54,79000,0,user_41,402,402,
2248,0,27000000,5630,user_31,403,403,
2256,1,19000000,0,user_36,403,403,
2224,2,4500000,0,user_18,403,403,
2233,3,3600000,0,user_23,403,403,
2250,4,3600000,73100,user_32,403,403,
2269,5,3500000,0,user_48,403,403,
2232,6,2600000,0,user_23,403,403,
2238,7,2000000,959000,user_28,403,403,
2247,8,2000000,19700,user_30,403,403,
2223,9,1500000,0,user_17,403,403,
2211,10,970001,0,user_4,403,403,2209
2212,11,970001,0,user_5,403,403,2209
2217,12,970001,0,user_10,403,403,2209
2219,13,970001,0,user_13,403,403,2209
2209,14,970000,285000,user_1,403,403,
2210,15,969999,0,user_3,403,403,2209
2213,16,969999,0,user_6,403,403,2209
2214,17,969999,0,user_7,403,403,2209
2218,18,969999,0,user_12,403,403,2209
2220,19,969999,0,user_14,403,403,2209
2221,20,969999,0,user_15,403,403,2209
2261,21,910000,0,user_38,403,403,
2260,22,670000,0,user_38,403,403,
2270,23,670000,0,user_49,403,403,
2263,24,660000,164000,user_43,403,403,
2268,25,650000,0,user_48,403,403,
2228,26,600000,0,user_18,403,403,
2266,27,530000,0,user_47,403,403,
2234,28,470000,350000,user_24,403,403,
2246,29,460000,46500,user_29,403,403,
2253,30,460000,0,user_36,403,403,
2255,31,360000,0,user_36,403,403,
2227,32,350000,0,user_18,403,403,
2267,33,320000,0,user_47,403,403,
2208,34,310000,0,user_1,403,403,
2229,35,300000,0,user_19,403,403,
2237,36,300000,0,user_28,403,403,
2257,37,260000,0,user_38,403,403,
2262,38,260000,34700,user_42,403,403,
2265,39,260000,0,user_45,403,403,
2235,40,220000,33300,user_24,403,403,
2258,41,220000,510000,user_38,403,403,
2259,42,220000,47700,user_38,403,403,
2225,43,190000,0,user_18,403,403,
2226,44,170000,0,user_18,403,403,
2207,45,150000,0,user_1,403,403,
2222,46,150000,146000,user_16,403,403,
2231,47,150000,0,user_21,403,403,
2244,48,130000,0,user_29,403,403,
2206,49,120000,0,user_1,403,403,
2230,50,120000,0,user_20,403,403,
2239,51,120000,0,user_28,403,403,
2240,52,120000,0,user_28,403,403,
2249,53,120000,0,user_32,403,403,
2242,54,110000,15700,user_29,403,403,
2245,55,100000,0,user_29,403,403,
2254,56,98000,0,user_36,403,403,
2205,57,87000,0,user_1,403,403,
2243,58,84000,0,user_29,403,403,
2241,59,83000,0,user_28,403,403,
2264,60,83000,296000,user_44,403,403,
2236,61,82000,0,user_26,403,403,
2298,0,43000000,0,user_27,404,404,
2294,1,19000000,0,user_21,404,404,
2295,2,19000000,0,user_22,404,404,
2304,3,5200000,0,user_33,404,404,
2272,4,4200001,0,user_1,404,404,2271
2273,5,4200001,0,user_2,404,404,2271
2276,6,4200001,0,user_6,404,404,2271
2281,7,4200001,0,user_9,404,404,2271
2286,8,4200001,0,user_12,404,404,2271
2289,9,4200001,0,user_15,404,404,2271
2271,10,4200000,12800,user_0,404,404,
2275,11,4199999,0,user_6,404,404,2271
2277,12,4199999,0,user_7,404,404,2271
2278,13,4199999,0,user_7,404,404,2271
2279,14,4199999,0,user_8,404,404,2271
2280,15,4199999,0,user_8,404,404,2271
2282,16,4199999,0,user_9,404,404,2271
2283,17,4199999,0,user_10,404,404,2271
2284,18,4199999,0,user_10,404,404,2271
2285,19,4199999,0,user_11,404,404,2271
2287,20,4199999,0,user_13,404,404,2271
2288,21,4199999,0,user_14,404,404,2271
2310,22,2600000,296000,user_39,404,404,
2301,23,1700000,35600,user_30,404,404,
2312,24,1600000,0,user_39,404,404,
2311,25,1500000,0,user_39,404,404,
2292,26,1100000,0,user_18,404,404,
2317,27,910000,0,user_43,404,404,
2315,28,470000,0,user_41,404,404,
2308,29,420000,0,user_36,404,404,
2290,30,370000,0,user_16,404,404,
2302,31,370000,0,user_31,404,404,
2314,32,310000,0,user_40,404,404,
2319,33,310000,0,user_43,404,404,
2318,34,300000,0,user_43,404,404,
2300,35,220000,0,user_30,404,404,
2303,36,220000,0,user_33,404,404,
2307,37,160000,381000,user_35,404,404,
2323,38,100000,36800,user_47,404,404,
2293,39,87000,0,user_19,404,404,
2320,40,83000,0,user_43,404,404,
2313,41,80000,0,user_39,404,404,
2325,0,30000000,0,user_3,405,405,
2343,1,30000000,0,user_19,405,405,
2372,2,30000000,0,user_45,405,405,
2329,3,5200001,0,user_8,405,405,2327
2333,4,5200001,0,user_11,405,405,2327
2334,5,5200001,0,user_11,405,405,2327
2327,6,5200000,779000,user_4,405,405,
2330,7,5199999,0,user_9,405,405,2327
2331,8,5199999,0,user_10,405,405,2327
2332,9,5199999,0,user_10,405,405,2327
2335,10,5199999,0,user_12,405,405,2327
2336,11,5199999,0,user_14,405,405,2327
2352,12,5000000,0,user_27,405,405,
2363,13,4500000,146000,user_41,405,405,
2337,14,4200000,0,user_16,405,405,
2369,15,4200000,0,user_44,405,405,
2357,16,2500000,35600,user_31,405,405,
2341,17,2000000,0,user_18,405,405,
2366,18,2000000,0,user_43,405,405,
2356,19,1900000,0,user_30,405,405,
2362,20,1900000,0,user_39,405,405,
2339,21,1600000,0,user_18,405,405,
2342,22,1100000,381000,user_18,405,405,
2371,23,870000,0,user_44,405,405,
2344,24,660000,0,user_22,405,405,
2345,25,650000,0,user_23,405,405,
2338,26,630000,0,user_18,405,405,
2367,27,470000,381000,user_43,405,405,
2340,28,420000,36800,user_18,405,405,
2348,29,420000,121000,user_25,405,405,
2373,30,420000,0,user_45,405,405,
2326,31,300000,0,user_3,405,405,
2364,32,260000,0,user_42,405,405,
2355,33,240000,24700,user_30,405,405,
2358,34,220000,0,user_32,405,405,
2365,35,220000,0,user_42,405,405,
2351,36,170000,0,user_25,405,405,
2324,37,150000,0,user_1,405,405,
2359,38,150000,0,user_33,405,405,
2349,39,120000,0,user_25,405,405,
2368,40,110000,0,user_44,405,405,
2370,41,100000,0,user_44,405,405,
2350,42,87000,71800,user_25,405,405,
2354,43,82000,0,user_29,405,405,
2347,44,80000,0,user_25,405,405,
2407,0,5000000,0,user_29,406,406,
2412,1,5000000,12800,user_39,406,406,
2408,2,4500000,769000,user_30,406,406,
2396,3,2600000,0,user_16,406,406,
2417,4,2600000,0,user_42,406,406,
2398,5,2300000,10700,user_17,406,406,
2404,6,2000000,0,user_25,406,406,
2415,7,2000000,0,user_42,406,406,
2413,8,1600000,0,user_40,406,406,
2419,9,1600000,322000,user_45,406,406,
2409,10,650000,0,user_31,406,406,
2411,11,460000,0,user_35,406,406,
2400,12,370000,0,user_20,406,406,
2397,13,360000,0,user_16,406,406,
2401,14,360000,0,user_21,406,406,
2418,15,360000,161000,user_44,406,406,
2403,16,340000,60700,user_23,406,406,
2410,17,340000,0,user_34,406,406,
2423,18,310000,0,user_49,406,406,
2420,19,260000,0,user_46,406,406,
2406,20,220000,0,user_28,406,406,
2422,21,160000,0,user_49,406,406,
2402,22,150000,42000,user_22,406,406,
2414,23,130000,0,user_41,406,406,
2416,24,120000,0,user_42,406,406,
2375,25,110001,0,user_1,406,406,2374
2376,26,110001,0,user_2,406,406,2374
2377,27,110001,0,user_3,406,406,2374
2378,28,110001,0,user_4,406,406,2374
2385,29,110001,0,user_9,406,406,2374
2386,30,110001,0,user_10,406,406,2374
2387,31,110001,0,user_11,406,406,2374
2388,32,110001,0,user_11,406,406,2374
2389,33,110001,0,user_11,406,406,2374
2390,34,110001,0,user_11,406,406,2374
2391,35,110001,0,user_11,406,406,2374
2394,36,110001,0,user_14,406,406,2374
2374,37,110000,15300,user_0,406,406,
2421,38,110000,0,user_48,406,406,
2379,39,109999,0,user_5,406,406,2374
2395,40,109999,0,user_15,406,406,2374
2405,41,87000,296000,user_27,406,406,
2429,0,43000001,0,user_2,407,407,2426
2431,1,43000001,0,user_4,407,407,2426
2435,2,43000001,0,user_6,407,407,2426
2436,3,43000001,0,user_7,407,407,2426
2438,4,43000001,0,user_8,407,407,2426
2440,5,43000001,0,user_9,407,407,2426
2441,6,43000001,0,user_11,407,407,2426
2443,7,43000001,0,user_13,407,407,2426
2444,8,43000001,0,user_14,407,407,2426
2426,9,43000000,7840,user_2,407,407,
2427,10,42999999,0,user_2,407,407,2426
2428,11,42999999,0,user_2,407,407,2426
2432,12,42999999,0,user_4,407,407,2426
2433,13,42999999,0,user_6,407,407,2426
2434,14,42999999,0,user_6,407,407,2426
2437,15,42999999,0,user_7,407,407,2426
2439,16,42999999,0,user_8,407,407,2426
2442,17,42999999,0,user_12,407,407,2426
2445,18,42999999,0,user_14,407,407,2426
2446,19,42999999,0,user_15,407,407,2426
2482,20,6300000,0,user_41,407,407,
2491,21,6100000,0,user_48,407,407,
2451,22,5200000,0,user_21,407,407,
2476,23,5000000,0,user_37,407,407,
2450,24,4500000,0,user_21,407,407,
2468,25,4500000,0,user_33,407,407,
2466,26,3600000,0,user_31,407,407,
2490,27,2400000,47700,user_47,407,407,
2425,28,1400000,0,user_1,407,407,
2449,29,1400000,0,user_19,407,407,
2483,30,1400000,100000,user_41,407,407,
2474,31,1300000,0,user_36,407,407,
2477,32,1100000,0,user_37,407,407,
2448,33,1000000,0,user_18,407,407,
2447,34,970000,0,user_16,407,407,
2463,35,670000,0,user_28,407,407,
2493,36,670000,256000,user_48,407,407,
2484,37,650000,0,user_41,407,407,
2494,38,630000,0,user_48,407,407,
2462,39,530000,0,user_28,407,407,
2424,40,470000,0,user_0,407,407,
2452,41,460000,0,user_22,407,407,
2481,42,460000,0,user_41,407,407,
2480,43,320000,36800,user_41,407,407,
2461,44,310000,0,user_26,407,407,
2479,45,300000,0,user_39,407,407,
2460,46,220000,0,user_26,407,407,
2492,47,220000,0,user_48,407,407,
2488,48,160000,0,user_46,407,407,
2454,49,150000,0,user_24,407,407,
2465,50,120000,779000,user_31,407,407,
2475,51,120000,0,user_37,407,407,
2487,52,110000,5630,user_46,407,407,
2489,53,84000,0,user_46,407,407,
2495,54,70000,0,user_49,407,407,
2524,0,43000000,0,user_30,408,408,
2541,1,6300000,0,user_46,408,408,
2532,2,5000000,32900,user_37,408,408,
2540,3,4500000,0,user_45,408,408,
2539,4,2600000,0,user_44,408,408,
2496,5,2000000,0,user_0,408,408,
2515,6,2000000,0,user_22,408,408,
2538,7,2000000,42000,user_42,408,408,
2511,8,1600000,0,user_17,408,408,
2512,9,1600000,0,user_18,408,408,
2522,10,1600000,0,user_27,408,408,
2513,11,1500000,84800,user_20,408,408,
2527,12,1500000,0,user_34,408,408,
2531,13,1500000,0,user_36,408,408,
2516,14,1400000,0,user_24,408,408,
2525,15,1200000,0,user_31,408,408,
2497,16,1100000,0,user_2,408,408,
2535,17,1000000,68100,user_40,408,408,
2519,18,910000,0,user_27,408,408,
2530,19,370000,0,user_35,408,408,
2536,20,350000,0,user_40,408,408,
2521,21,320000,0,user_27,408,408,
2526,22,310000,0,user_33,408,408,
2514,23,260000,0,user_21,408,408,
2523,24,260000,0,user_30,408,408,
2529,25,240000,128000,user_35,408,408,
2533,26,160000,64600,user_39,408,408,
2542,27,160000,0,user_49,408,408,
2503,28,120001,0,user_10,408,408,2498
2506,29,120001,0,user_12,408,408,2498
2507,30,120001,0,user_12,408,408,2498
2509,31,120001,0,user_13,408,408,2498
2498,32,120000,164000,user_3,408,408,
2501,33,119999,0,user_7,408,408,2498
2502,34,119999,0,user_10,408,408,2498
2508,35,119999,0,user_13,408,408,2498
2510,36,119999,0,user_14,408,408,2498
2528,37,98000,0,user_35,408,408,
2520,38,79000,0,user_27,408,408,
2534,39,79000,0,user_39,408,408,
2570,0,30000000,0,user_30,409,409,
2567,1,2600000,0,user_29,409,409,
2582,2,2500000,71800,user_46,409,409,
2577,3,2400000,0,user_38,409,409,
2562,4,2000000,0,user_20,409,409,
2560,5,1900000,0,user_19,409,409,
2557,6,1600000,0,user_18,409,409,
2576,7,1500000,0,user_37,409,409,
2573,8,1200000,161000,user_32,409,409,
2555,9,1100000,0,user_16,409,409,
2558,10,1100000,0,user_19,409,409,
2569,11,670000,296000,user_30,409,409,
2583,12,600000,0,user_47,409,409,
2556,13,530000,0,user_17,409,409,
2566,14,530000,0,user_28,409,409,
2561,15,470000,0,user_19,409,409,
2580,16,470000,0,user_43,409,409,
2559,17,420000,0,user_19,409,409,
2565,18,420000,0,user_26,409,409,
2564,19,370000,36800,user_23,409,409,
2545,20,360001,0,user_2,409,409,2544
2546,21,360001,0,user_3,409,409,2544
2547,22,360001,0,user_4,409,409,2544
2549,23,360001,0,user_8,409,409,2544
2550,24,360001,0,user_8,409,409,2544
2551,25,360001,0,user_10,409,409,2544
2544,26,360000,49100,user_1,409,409,
2548,27,359999,0,user_5,409,409,2544
2553,28,359999,0,user_13,409,409,2544
2554,29,350000,0,user_16,409,409,
2568,30,220000,0,user_30,409,409,
2571,31,220000,0,user_30,409,409,
2563,32,160000,35600,user_21,409,409,
2581,33,150000,13900,user_44,409,409,
2584,34,130000,0,user_49,409,409,
2543,35,110000,0,user_0,409,409,
2572,36,110000,0,user_31,409,409,
2574,37,110000,0,user_33,409,409,
2579,38,98000,0,user_42,409,409,
2621,0,19000000,0,user_38,410,410,
2632,1,6100000,0,user_46,410,410,
2612,2,5200000,60700,user_27,410,410,
2624,3,4500000,0,user_39,410,410,
2587,4,3200001,0,user_2,410,410,2585
2588,5,3200001,0,user_3,410,410,2585
2592,6,3200001,0,user_7,410,410,2585
2593,7,3200001,0,user_7,410,410,2585
2594,8,3200001,0,user_7,410,410,2585
2600,9,3200001,0,user_10,410,410,2585
2603,10,3200001,0,user_10,410,410,2585
2605,11,3200001,0,user_12,410,410,2585
2585,12,3200000,30200,user_1,410,410,
2586,13,3199999,0,user_1,410,410,2585
2589,14,3199999,0,user_4,410,410,2585
2590,15,3199999,0,user_5,410,410,2585
2591,16,3199999,0,user_6,410,410,2585
2595,17,3199999,0,user_7,410,410,2585
2596,18,3199999,0,user_7,410,410,2585
2599,19,3199999,0,user_10,410,410,2585
2601,20,3199999,0,user_10,410,410,2585
2602,21,3199999,0,user_10,410,410,2585
2604,22,3199999,0,user_11,410,410,2585
2606,23,3199999,0,user_14,410,410,2585
2607,24,3199999,0,user_15,410,410,2585
2633,25,2500000,0,user_47,410,410,
2631,26,2400000,0,user_46,410,410,
2616,27,2000000,0,user_30,410,410,
2620,28,2000000,0,user_36,410,410,
2630,29,2000000,283000,user_43,410,410,
2634,30,2000000,0,user_48,410,410,
2611,31,1600000,0,user_25,410,410,
2609,32,1400000,0,user_22,410,410,
2613,33,1200000,0,user_29,410,410,
2636,34,670000,0,user_48,410,410,
2617,35,470000,0,user_32,410,410,
2622,36,460000,7190000,user_39,410,410,
2625,37,420000,0,user_39,410,410,
2626,38,360000,0,user_39,410,410,
2635,39,220000,0,user_48,410,410,
2623,40,170000,195000,user_39,410,410,
2608,41,130000,0,user_21,410,410,
2618,42,130000,0,user_34,410,410,
2614,43,110000,10700,user_30,410,410,
2615,44,110000,0,user_30,410,410,
2629,45,98000,779000,user_42,410,410,
2610,46,84000,0,user_22,410,410,
2682,0,30000000,0,user_46,411,411,
2666,1,6100000,0,user_28,411,411,
2658,2,5200000,4320000,user_20,411,411,
2663,3,5000000,0,user_24,411,411,
2685,4,5000000,0,user_48,411,411,
2683,5,4500000,0,user_47,411,411,
2644,6,3500000,0,user_10,411,411,
2677,7,3500000,0,user_43,411,411,
2684,8,2500000,0,user_48,411,411,
2669,9,2100000,0,user_32,411,411,
2642,10,2000000,0,user_7,411,411,
2665,11,2000000,0,user_27,411,411,
2671,12,2000000,0,user_34,411,411,
2659,13,1700000,0,user_22,411,411,
2653,14,1500000,0,user_16,411,411,
2652,15,1400000,0,user_16,411,411,
2680,16,1300000,0,user_45,411,411,
2667,17,1000000,0,user_29,411,411,
2672,18,670000,0,user_36,411,411,
2640,19,650000,0,user_5,411,411,
2678,20,650000,0,user_44,411,411,
2655,21,530000,0,user_18,411,411,
2679,22,530000,0,user_44,411,411,
2657,23,460000,10700,user_20,411,411,
2662,24,420000,39400,user_24,411,411,
2668,25,240000,0,user_30,411,411,
2673,26,220000,0,user_37,411,411,
2660,27,170000,0,user_23,411,411,
2664,28,170000,0,user_25,411,411,
2661,29,150000,0,user_24,411,411,
2638,30,120000,0,user_3,411,411,
2654,31,120000,35600,user_17,411,411,
2637,32,110000,0,user_1,411,411,
2646,33,85001,0,user_11,411,411,2645
2647,34,85001,0,user_12,411,411,2645
2649,35,85001,0,user_13,411,411,2645
2651,36,85001,0,user_15,411,411,2645
2641,37,85000,0,user_6,411,411,
2645,38,85000,779000,user_10,411,411,
2648,39,84999,0,user_13,411,411,2645
2650,40,84999,0,user_15,411,411,2645
2656,41,79000,64600,user_19,411,411,
2681,42,79000,0,user_45,411,411,
2639,43,77000,0,user_4,411,411,
2675,44,77000,0,user_41,411,411,
2670,45,70000,0,user_32,411,411,
2676,46,70000,0,user_41,411,411,
2729,0,43000000,0,user_45,412,412,
2702,1,3500000,0,user_19,412,412,
2700,2,2400000,0,user_17,412,412,
2703,3,2300000,16400,user_19,412,412,
2725,4,2100000,231000,user_42,412,412,
2732,5,1400000,283000,user_48,412,412,
2719,6,1100000,0,user_32,412,412,
2720,7,910000,0,user_34,412,412,
2730,8,870000,0,user_46,412,412,
2713,9,630000,0,user_28,412,412,
2714,10,630000,75000,user_29,412,412,
2716,11,460000,322000,user_30,412,412,
2707,12,370000,0,user_23,412,412,
2710,13,340000,33300,user_25,412,412,
2727,14,320000,0,user_44,412,412,
2728,15,310000,0,user_44,412,412,
2701,16,260000,594000,user_18,412,412,
2708,17,260000,161000,user_23,412,412,
2718,18,170000,0,user_31,412,412,
2712,19,160000,594000,user_27,412,412,
2709,20,150000,0,user_24,412,412,
2704,21,120000,0,user_20,412,412,
2706,22,120000,0,user_22,412,412,
2726,23,120000,0,user_43,412,412,
2731,24,120000,21800,user_47,412,412,
2705,25,110000,24700,user_21,412,412,
2711,26,110000,84800,user_26,412,412,
2715,27,110000,0,user_30,412,412,
2686,28,98000,0,user_0,412,412,
2691,29,83001,0,user_4,412,412,2687
2693,30,83001,0,user_6,412,412,2687
2694,31,83001,0,user_10,412,412,2687
2696,32,83001,0,user_12,412,412,2687
2697,33,83001,0,user_13,412,412,2687
2687,34,83000,42000,user_1,412,412,
2688,35,82999,0,user_3,412,412,2687
2689,36,82999,0,user_3,412,412,2687
2690,37,82999,0,user_3,412,412,2687
2692,38,82999,0,user_4,412,412,2687
2695,39,82999,0,user_12,412,412,2687
2698,40,82999,0,user_13,412,412,2687
2699,41,82999,0,user_15,412,412,2687
2717,42,82000,0,user_31,412,412,
2733,43,73000,0,user_48,412,412,
2734,44,73000,381000,user_49,412,412,
2755,0,43000000,0,user_16,413,413,
2775,1,30000000,0,user_38,413,413,
2782,2,6300000,0,user_40,413,413,
2735,3,6100000,0,user_0,413,413,
2756,4,5000000,0,user_18,413,413,
2780,5,4200000,0,user_39,413,413,
2761,6,3600000,0,user_25,413,413,
2790,7,2600000,0,user_44,413,413,
2758,8,2500000,16400,user_22,413,413,
2779,9,2500000,5630,user_39,413,413,
2772,10,2300000,0,user_37,413,413,
2773,11,2000000,215000,user_37,413,413,
2784,12,2000000,256000,user_42,413,413,
2763,13,1700000,0,user_27,413,413,
2776,14,1600000,0,user_38,413,413,
2785,15,1600000,0,user_42,413,413,
2767,16,970000,0,user_32,413,413,
2777,17,970000,0,user_38,413,413,
2774,18,650000,410000,user_38,413,413,
2788,19,630000,0,user_42,413,413,
2765,20,600000,0,user_31,413,413,
2766,21,460000,0,user_31,413,413,
2792,22,420000,0,user_46,413,413,
2778,23,310000,0,user_38,413,413,
2771,24,190000,35600,user_36,413,413,
2794,25,170000,47700,user_48,413,413,
2781,26,160000,0,user_40,413,413,
2786,27,160000,0,user_42,413,413,
2760,28,150000,0,user_23,413,413,
2764,29,150000,0,user_28,413,413,
2759,30,120000,0,user_23,413,413,
2770,31,120000,285000,user_35,413,413,
2757,32,98000,0,user_19,413,413,
2762,33,98000,0,user_26,413,413,
2787,34,85000,0,user_42,413,413,
2791,35,83000,0,user_45,413,413,
2737,36,77001,0,user_2,413,413,2736
2740,37,77001,0,user_4,413,413,2736
2741,38,77001,0,user_5,413,413,2736
2745,39,77001,0,user_8,413,413,2736
2747,40,77001,0,user_9,413,413,2736
2748,41,77001,0,user_10,413,413,2736
2754,42,77001,0,user_14,413,413,2736
2738,43,76999,0,user_2,413,413,2736
2742,44,76999,0,user_6,413,413,2736
2743,45,76999,0,user_7,413,413,2736
2744,46,76999,0,user_7,413,413,2736
2746,47,76999,0,user_9,413,413,2736
2749,48,76999,0,user_11,413,413,2736
2750,49,76999,0,user_11,413,413,2736
2751,50,76999,0,user_11,413,413,2736
2752,51,76999,0,user_12,413,413,2736
2753,52,76999,0,user_13,413,413,2736
2769,53,73000,0,user_34,413,413,
2822,0,30000000,0,user_20,414,414,
2838,1,19000000,13900,user_39,414,414,
2834,2,3200000,0,user_36,414,414,
2819,3,2000000,33300,user_20,414,414,
2843,4,2000000,0,user_46,414,414,
2832,5,1600000,0,user_34,414,414,
2839,6,1600000,11200,user_39,414,414,
2821,7,1500000,21800,user_20,414,414,
2823,8,1500000,0,user_21,414,414,
2827,9,1500000,0,user_28,414,414,
2796,10,1400000,0,user_0,414,414,
2836,11,1400000,0,user_37,414,414,
2818,12,1100000,68100,user_19,414,414,
2846,13,1100000,0,user_49,414,414,
2829,14,870000,0,user_30,414,414,
2844,15,660000,0,user_48,414,414,
2842,16,650000,0,user_44,414,414,
2825,17,460000,0,user_25,414,414,
2820,18,420000,0,user_20,414,414,
2815,19,350000,0,user_16,414,414,
2824,20,220000,4320000,user_22,414,414,
2826,21,220000,0,user_27,414,414,
2837,22,160000,0,user_39,414,414,
2799,23,150001,0,user_3,414,414,2798
2801,24,150001,0,user_5,414,414,2798
2802,25,150001,0,user_5,414,414,2798
2804,26,150001,0,user_5,414,414,2798
2805,27,150001,0,user_6,414,414,2798
2806,28,150001,0,user_7,414,414,2798
2810,29,150001,0,user_11,414,414,2798
2811,30,150001,0,user_12,414,414,2798
2812,31,150001,0,user_13,414,414,2798
2813,32,150001,0,user_15,414,414,2798
2798,33,150000,84800,user_3,414,414,
2830,34,150000,0,user_31,414,414,
2800,35,149999,0,user_4,414,414,2798
2803,36,149999,0,user_5,414,414,2798
2807,37,149999,0,user_7,414,414,2798
2809,38,149999,0,user_10,414,414,2798
2814,39,149999,0,user_15,414,414,2798
2816,40,130000,0,user_17,414,414,
2797,41,110000,0,user_2,414,414,
2835,42,100000,14200,user_37,414,414,
2845,43,85000,0,user_48,414,414,
2828,44,82000,0,user_29,414,414,
2831,45,79000,0,user_33,414,414,
2817,46,77000,0,user_18,414,414,
2869,0,30000000,0,user_23,415,415,
2875,1,6100000,18600,user_27,415,415,
2847,2,5000000,0,user_3,415,415,
2872,3,5000000,215000,user_25,415,415,
2891,4,5000000,0,user_41,415,415,
2892,5,5000000,0,user_44,415,415,
2882,6,4500000,0,user_33,415,415,
2880,7,3200000,0,user_33,415,415,
2866,8,2100000,5630,user_20,415,415,
2883,9,2100000,0,user_34,415,415,
2865,10,2000000,33300,user_20,415,415,
2848,11,1900000,0,user_4,415,415,
2877,12,1700000,0,user_30,415,415,
2871,13,1600000,0,user_24,415,415,
2862,14,1500000,0,user_18,415,415,
2879,15,1500000,75000,user_33,415,415,
2881,16,1500000,0,user_33,415,415,
2851,17,1200001,0,user_6,415,415,2849
2852,18,1200001,0,user_7,415,415,2849
2858,19,1200001,0,user_14,415,415,2849
2859,20,1200001,0,user_15,415,415,2849
2860,21,1200001,0,user_15,415,415,2849
2849,22,1200000,33100,user_5,415,415,
2867,23,1200000,47700,user_21,415,415,
2850,24,1199999,0,user_6,415,415,2849
2853,25,1199999,0,user_8,415,415,2849
2855,26,1199999,0,user_10,415,415,2849
2856,27,1199999,0,user_12,415,415,2849
2857,28,1199999,0,user_14,415,415,2849
2878,29,970000,0,user_31,415,415,
2874,30,910000,12300,user_26,415,415,
2893,31,910000,0,user_45,415,415,
2886,32,870000,15300,user_38,415,415,
2870,33,660000,0,user_23,415,415,
2864,34,630000,42000,user_19,415,415,
2876,35,420000,0,user_28,415,415,
2861,36,320000,0,user_17,415,415,
2894,37,320000,0,user_47,415,415,
2873,38,310000,7190000,user_25,415,415,
2885,39,220000,0,user_38,415,415,
2868,40,150000,0,user_22,415,415,
2890,41,150000,0,user_41,415,415,
2863,42,84000,0,user_18,415,415,
2887,43,82000,13900,user_38,415,415,
2895,44,80000,0,user_48,415,415,
2929,0,43000000,0,user_31,416,416,
2901,1,4500000,0,user_5,416,416,
2896,2,2400000,0,user_0,416,416,
2924,3,2100000,0,user_26,416,416,
2917,4,1500000,0,user_18,416,416,
2943,5,1500000,0,user_46,416,416,
2948,6,1500000,0,user_47,416,416,
2950,7,1500000,0,user_49,416,416,
2919,8,1400000,0,user_20,416,416,
2921,9,1100000,0,user_23,416,416,
2930,10,1000000,0,user_31,416,416,
2940,11,1000000,19700,user_42,416,416,
2914,12,910000,0,user_16,416,416,
2916,13,870000,15700,user_17,416,416,
2918,14,670000,0,user_19,416,416,
2946,15,670000,0,user_47,416,416,
2947,16,650000,0,user_47,416,416,
2942,17,630000,0,user_44,416,416,
2922,18,600000,15100,user_25,416,416,
2931,19,600000,21800,user_31,416,416,
2932,20,470000,7840,user_31,416,416,
2899,21,370000,0,user_4,416,416,
2949,22,370000,0,user_48,416,416,
2897,23,360000,0,user_2,416,416,
2920,24,320000,0,user_22,416,416,
2939,25,310000,0,user_42,416,416,
2941,26,310000,0,user_43,416,416,
2902,27,300000,0,user_6,416,416,
2934,28,220000,47700,user_38,416,416,
2944,29,220000,0,user_47,416,416,
2906,30,190001,0,user_10,416,416,2904
2908,31,190001,0,user_12,416,416,2904
2909,32,190001,0,user_13,416,416,2904
2910,33,190001,0,user_14,416,416,2904
2904,34,190000,7190000,user_8,416,416,
2907,35,189999,0,user_12,416,416,2904
2911,36,189999,0,user_14,416,416,2904
2912,37,189999,0,user_15,416,416,2904
2945,38,170000,0,user_47,416,416,
2903,39,150000,0,user_7,416,416,
2913,40,150000,0,user_16,416,416,
2923,41,120000,0,user_26,416,416,
2915,42,110000,18600,user_17,416,416,
2925,43,110000,0,user_28,416,416,
2927,44,110000,0,user_29,416,416,
2928,45,110000,43600,user_30,416,416,
2898,46,100000,0,user_4,416,416,
2926,47,85000,0,user_29,416,416,
2938,48,82000,0,user_42,416,416,
2937,49,80000,0,user_41,416,416,
2935,50,77000,155000,user_38,416,416,
2900,51,73000,0,user_5,416,416,
2981,0,43000000,0,user_36,417,417,
2974,1,27000000,0,user_26,417,417,
2979,2,6100000,0,user_34,417,417,
2978,3,5000000,0,user_33,417,417,
2969,4,4500000,0,user_21,417,417,
2962,5,2600000,0,user_16,417,417,
2992,6,2600000,0,user_44,417,417,
2988,7,2500000,0,user_39,417,417,
2952,8,2000001,0,user_4,417,417,2951
2954,9,2000001,0,user_6,417,417,2951
2957,10,2000001,0,user_12,417,417,2951
2958,11,2000001,0,user_13,417,417,2951
2959,12,2000001,0,user_13,417,417,2951
2960,13,2000001,0,user_15,417,417,2951
2951,14,2000000,66100,user_0,417,417,
2953,15,1999999,0,user_4,417,417,2951
2955,16,1999999,0,user_7,417,417,2951
2956,17,1999999,0,user_10,417,417,2951
2961,18,1999999,0,user_15,417,417,2951
2967,19,1600000,0,user_19,417,417,
2973,20,1400000,0,user_24,417,417,
2997,21,1100000,0,user_46,417,417,
2971,22,1000000,0,user_23,417,417,
2972,23,870000,0,user_23,417,417,
2999,24,870000,0,user_48,417,417,
2982,25,670000,21800,user_36,417,417,
3002,26,670000,0,user_48,417,417,
2977,27,660000,0,user_31,417,417,
2996,28,660000,545000,user_46,417,417,
2987,29,600000,0,user_38,417,417,
2985,30,460000,545000,user_37,417,417,
2963,31,420000,0,user_17,417,417,
2986,32,320000,0,user_37,417,417,
2976,33,240000,0,user_28,417,417,
2966,34,220000,23500,user_19,417,417,
3004,35,220000,0,user_49,417,417,
3000,36,190000,0,user_48,417,417,
2991,37,170000,0,user_43,417,417,
2993,38,170000,0,user_45,417,417,
2995,39,170000,0,user_46,417,417,
2965,40,160000,195000,user_18,417,417,
2968,41,160000,0,user_20,417,417,
2970,42,160000,21800,user_22,417,417,
3001,43,160000,0,user_48,417,417,
2964,44,150000,32900,user_18,417,417,
2975,45,150000,0,user_27,417,417,
2994,46,150000,164000,user_46,417,417,
2983,47,120000,0,user_37,417,417,
2984,48,120000,0,user_37,417,417,
2998,49,120000,0,user_46,417,417,
3003,50,82000,0,user_48,417,417,
2990,51,79000,0,user_42,417,417,
3035,0,27000000,0,user_39,418,418,
3022,1,4200000,0,user_20,418,418,
3018,2,3500000,0,user_16,418,418,
3041,3,1800000,0,user_44,418,418,
3026,4,1700000,0,user_26,418,418,
3025,5,1500000,0,user_23,418,418,
3005,6,1200000,0,user_2,418,418,
3027,7,910000,21800,user_26,418,418,
3040,8,670000,0,user_43,418,418,
3046,9,670000,32900,user_48,418,418,
3028,10,630000,0,user_30,418,418,
3034,11,630000,0,user_35,418,418,
3029,12,460000,0,user_31,418,418,
3020,13,420000,0,user_17,418,418,
3037,14,360000,0,user_41,418,418,
3036,15,310000,0,user_40,418,418,
3016,16,260000,0,user_16,418,418,
3038,17,220000,0,user_41,418,418,
3024,18,160000,0,user_22,418,418,
3017,19,120000,0,user_16,418,418,
3019,20,120000,0,user_16,418,418,
3023,21,120000,0,user_21,418,418,
3021,22,110000,0,user_19,418,418,
3009,23,80001,0,user_9,418,418,3007
3011,24,80001,0,user_11,418,418,3007
3015,25,80001,0,user_14,418,418,3007
3006,26,80000,0,user_3,418,418,
3007,27,80000,155000,user_6,418,418,
3039,28,80000,0,user_42,418,418,
3008,29,79999,0,user_8,418,418,3007
3010,30,79999,0,user_10,418,418,3007
3012,31,79999,0,user_11,418,418,3007
3013,32,79999,0,user_11,418,418,3007
3030,33,70000,0,user_31,418,418,
3087,0,30000000,0,user_33,419,419,
3105,1,6100000,0,user_48,419,419,
3073,2,5000000,0,user_22,419,419,
3082,3,5000000,0,user_32,419,419,
3089,4,5000000,34700,user_33,419,419,
3072,5,2400000,0,user_20,419,419,
3076,6,2400000,75000,user_26,419,419,
3069,7,2000000,0,user_18,419,419,
3081,8,1900000,0,user_31,419,419,
3079,9,1800000,0,user_28,419,419,
3075,10,1600000,15100,user_25,419,419,
3067,11,1500000,0,user_18,419,419,
3086,12,1500000,0,user_32,419,419,
3093,13,1500000,0,user_36,419,419,
3102,14,1500000,13800,user_45,419,419,
3101,15,1100000,0,user_44,419,419,
3090,16,1000000,21800,user_33,419,419,
3066,17,970000,0,user_17,419,419,
3065,18,910000,0,user_16,419,419,
3070,19,910000,0,user_19,419,419,
3083,20,910000,0,user_32,419,419,
3048,21,630001,0,user_1,419,419,3047
3049,22,630001,0,user_2,419,419,3047
3050,23,630001,0,user_3,419,419,3047
3051,24,630001,0,user_4,419,419,3047
3052,25,630001,0,user_5,419,419,3047
3055,26,630001,0,user_5,419,419,3047
3058,27,630001,0,user_6,419,419,3047
3061,28,630001,0,user_10,419,419,3047
3062,29,630001,0,user_11,419,419,3047
3047,30,630000,33300,user_0,419,419,
3053,31,629999,0,user_5,419,419,3047
3054,32,629999,0,user_5,419,419,3047
3056,33,629999,0,user_5,419,419,3047
3057,34,629999,0,user_6,419,419,3047
3059,35,629999,0,user_6,419,419,3047
3063,36,629999,0,user_12,419,419,3047
3064,37,629999,0,user_14,419,419,3047
3104,38,370000,0,user_47,419,419,
3103,39,310000,0,user_46,419,419,
3094,40,300000,0,user_37,419,419,
3099,41,300000,0,user_42,419,419,
3080,42,240000,0,user_29,419,419,
3091,43,220000,0,user_34,419,419,
3071,44,160000,0,user_20,419,419,
3074,45,160000,0,user_22,419,419,
3077,46,160000,0,user_27,419,419,
3078,47,150000,0,user_28,419,419,
3084,48,150000,0,user_32,419,419,
3100,49,150000,0,user_43,419,419,
3095,50,130000,0,user_38,419,419,
3106,51,110000,0,user_49,419,419,
3068,52,100000,0,user_18,419,419,
3098,53,83000,67900,user_42,419,419,
3085,54,70000,0,user_32,419,419,
3088,55,70000,0,user_33,419,419,
3125,0,43000000,0,user_18,420,420,
3135,1,30000000,0,user_30,420,420,
3129,2,19000000,0,user_26,420,420,
3134,3,5000000,0,user_30,420,420,
3132,4,4500000,0,user_28,420,420,
3151,5,3500000,0,user_47,420,420,
3126,6,2500000,0,user_23,420,420,
3131,7,1600000,0,user_27,420,420,
3152,8,1100000,0,user_48,420,420,
3110,9,1000000,0,user_4,420,420,
3145,10,650000,215000,user_41,420,420,
3146,11,650000,6390,user_44,420,420,
3141,12,630000,24700,user_37,420,420,
3139,13,530000,0,user_34,420,420,
3124,14,470000,0,user_17,420,420,
3114,15,460001,0,user_5,420,420,3112
3116,16,460001,0,user_6,420,420,3112
3119,17,460001,0,user_10,420,420,3112
3121,18,460001,0,user_15,420,420,3112
3112,19,460000,35600,user_4,420,420,
3113,20,459999,0,user_5,420,420,3112
3115,21,459999,0,user_6,420,420,3112
3117,22,459999,0,user_7,420,420,3112
3120,23,459999,0,user_13,420,420,3112
3122,24,459999,0,user_15,420,420,3112
3136,25,370000,0,user_30,420,420,
3149,26,370000,0,user_46,420,420,
3128,27,320000,0,user_24,420,420,
3138,28,260000,0,user_34,420,420,
3127,29,220000,0,user_23,420,420,
3150,30,170000,0,user_46,420,420,
3123,31,160000,17000,user_16,420,420,
3147,32,160000,15100,user_44,420,420,
3108,33,150000,0,user_2,420,420,
3107,34,130000,0,user_1,420,420,
3140,35,120000,0,user_36,420,420,
3143,36,120000,0,user_38,420,420,
3148,37,120000,0,user_45,420,420,
3109,38,87000,0,user_3,420,420,
3137,39,85000,0,user_30,420,420,
3133,40,84000,46500,user_28,420,420,
3111,41,82000,0,user_4,420,420,
3130,42,79000,0,user_26,420,420,
3142,43,79000,0,user_38,420,420,
3182,0,43000000,16400,user_31,421,421,
3176,1,30000000,0,user_25,421,421,
3157,2,27000000,0,user_2,421,421,
3159,3,5000000,0,user_3,421,421,
3185,4,5000000,959000,user_34,421,421,
3191,5,4200000,15300,user_39,421,421,
3195,6,4200000,0,user_42,421,421,
3155,7,3500000,0,user_1,421,421,
3165,8,1900001,0,user_9,421,421,3164
3167,9,1900001,0,user_9,421,421,3164
3170,10,1900001,0,user_15,421,421,3164
3164,11,1900000,5180,user_8,421,421,
3190,12,1900000,0,user_39,421,421,
3166,13,1899999,0,user_9,421,421,3164
3169,14,1899999,0,user_13,421,421,3164
3178,15,1600000,0,user_26,421,421,
3173,16,1500000,0,user_21,421,421,
3186,17,1500000,0,user_35,421,421,
3189,18,1500000,0,user_38,421,421,
3199,19,1100000,21800,user_46,421,421,
3160,20,970000,0,user_4,421,421,
3202,21,970000,5630,user_46,421,421,
3161,22,870000,0,user_5,421,421,
3196,23,670000,0,user_44,421,421,
3158,24,650000,0,user_3,421,421,
3154,25,600000,0,user_0,421,421,
3198,26,530000,0,user_46,421,421,
3174,27,420000,0,user_22,421,421,
3187,28,420000,0,user_37,421,421,
3175,29,370000,0,user_23,421,421,
3203,30,360000,0,user_47,421,421,
3177,31,260000,0,user_26,421,421,
3179,32,260000,0,user_26,421,421,
3184,33,260000,0,user_33,421,421,
3156,34,220000,0,user_1,421,421,
3163,35,220000,0,user_6,421,421,
3188,36,220000,410000,user_38,421,421,
3200,37,220000,0,user_46,421,421,
3181,38,170000,0,user_31,421,421,
3205,39,170000,0,user_49,421,421,
3171,40,160000,0,user_18,421,421,
3180,41,160000,0,user_28,421,421,
3194,42,120000,0,user_41,421,421,
3197,43,120000,0,user_44,421,421,
3201,44,120000,0,user_46,421,421,
3162,45,110000,0,user_5,421,421,
3153,46,85000,0,user_0,421,421,
3172,47,83000,0,user_20,421,421,
3229,0,19000000,0,user_23,422,422,
3238,1,4500000,0,user_31,422,422,
3253,2,4500000,0,user_47,422,422,
3232,3,1700000,100000,user_26,422,422,
3242,4,1600000,35600,user_35,422,422,
3225,5,1500000,0,user_18,422,422,
3244,6,1500000,0,user_37,422,422,
3251,7,1500000,0,user_43,422,422,
3240,8,1100000,0,user_33,422,422,
3231,9,1000000,121000,user_26,422,422,
3226,10,420000,0,user_20,422,422,
3243,11,420000,0,user_36,422,422,
3246,12,420000,0,user_40,422,422,
3233,13,350000,23500,user_27,422,422,
3254,14,310000,35600,user_48,422,422,
3235,15,220000,0,user_28,422,422,
3237,16,220000,71800,user_30,422,422,
3210,17,160001,0,user_3,422,422,3206
3211,18,160001,0,user_3,422,422,3206
3215,19,160001,0,user_7,422,422,3206
3218,20,160001,0,user_9,422,422,3206
3222,21,160001,0,user_13,422,422,3206
3206,22,160000,381000,user_0,422,422,
3241,23,160000,30200,user_33,422,422,
3245,24,160000,0,user_39,422,422,
3207,25,159999,0,user_1,422,422,3206
3208,26,159999,0,user_1,422,422,3206
3209,27,159999,0,user_2,422,422,3206
3213,28,159999,0,user_7,422,422,3206
3214,29,159999,0,user_7,422,422,3206
3216,30,159999,0,user_7,422,422,3206
3217,31,159999,0,user_8,422,422,3206
3221,32,159999,0,user_12,422,422,3206
3223,33,159999,0,user_15,422,422,3206
3228,34,120000,0,user_21,422,422,
3239,35,120000,0,user_32,422,422,
3252,36,120000,0,user_44,422,422,
3234,37,100000,0,user_28,422,422,
3255,38,100000,0,user_49,422,422,
3224,39,98000,0,user_16,422,422,
3227,40,85000,0,user_21,422,422,
3236,41,77000,17000,user_29,422,422,
3292,0,43000000,0,user_30,423,423,
3302,1,30000000,0,user_39,423,423,
3293,2,5200000,0,user_31,423,423,
3283,3,5000000,0,user_28,423,423,
3284,4,5000000,0,user_28,423,423,
3289,5,5000000,0,user_29,423,423,
3261,6,3500001,0,user_2,423,423,3259
3262,7,3500001,0,user_2,423,423,3259
3263,8,3500001,0,user_2,423,423,3259
3264,9,3500001,0,user_2,423,423,3259
3265,10,3500001,0,user_4,423,423,3259
3268,11,3500001,0,user_9,423,423,3259
3269,12,3500001,0,user_9,423,423,3259
3259,13,3500000,959000,user_1,423,423,
3273,14,3500000,0,user_16,423,423,
3281,15,3500000,35600,user_26,423,423,
3260,16,3499999,0,user_1,423,423,3259
3266,17,3499999,0,user_6,423,423,3259
3267,18,3499999,0,user_8,423,423,3259
3270,19,3499999,0,user_11,423,423,3259
3272,20,3499999,0,user_13,423,423,3259
3296,21,3200000,0,user_34,423,423,
3308,22,2600000,32900,user_45,423,423,
3300,23,2100000,0,user_37,423,423,
3290,24,2000000,30200,user_29,423,423,
3309,25,1900000,0,user_46,423,423,
3297,26,1500000,0,user_35,423,423,
3310,27,910000,0,user_47,423,423,
3286,28,460000,15100,user_28,423,423,
3298,29,460000,0,user_36,423,423,
3278,30,370000,0,user_23,423,423,
3256,31,310000,0,user_0,423,423,
3299,32,260000,0,user_36,423,423,
3282,33,220000,369000,user_27,423,423,
3291,34,220000,0,user_29,423,423,
3306,35,170000,0,user_43,423,423,
3313,36,170000,0,user_49,423,423,
3257,37,160000,0,user_1,423,423,
3295,38,150000,0,user_33,423,423,
3287,39,100000,0,user_28,423,423,
3307,40,100000,0,user_44,423,423,
3258,41,98000,0,user_1,423,423,
3305,42,98000,0,user_42,423,423,
3285,43,87000,100000,user_28,423,423,
3301,44,84000,108000,user_37,423,423,
3277,45,80000,100000,user_22,423,423,
3288,46,80000,0,user_29,423,423,
3276,47,79000,410000,user_22,423,423,
3275,48,73000,0,user_21,423,423,
3342,0,27000000,0,user_27,424,424,
3340,1,5000000,0,user_24,424,424,
3353,2,5000000,0,user_42,424,424,
3343,3,3600000,15700,user_28,424,424,
3346,4,2600000,0,user_31,424,424,
3332,5,2100000,0,user_16,424,424,
3348,6,2000000,0,user_32,424,424,
3334,7,1400000,0,user_17,424,424,
3337,8,1400000,0,user_21,424,424,
3351,9,1400000,0,user_37,424,424,
3333,10,1000000,0,user_17,424,424,
3336,11,1000000,0,user_19,424,424,
3341,12,650000,0,user_25,424,424,
3344,13,650000,0,user_29,424,424,
3349,14,360000,0,user_33,424,424,
3345,15,310000,0,user_30,424,424,
3347,16,310000,0,user_31,424,424,
3354,17,310000,0,user_44,424,424,
3338,18,170000,0,user_22,424,424,
3339,19,170000,0,user_23,424,424,
3315,20,150001,0,user_2,424,424,3314
3317,21,150001,0,user_3,424,424,3314
3320,22,150001,0,user_3,424,424,3314
3322,23,150001,0,user_5,424,424,3314
3324,24,150001,0,user_6,424,424,3314
3325,25,150001,0,user_7,424,424,3314
3326,26,150001,0,user_8,424,424,3314
3328,27,150001,0,user_10,424,424,3314
3329,28,150001,0,user_12,424,424,3314
3314,29,150000,75000,user_0,424,424,
3355,30,150000,0,user_46,424,424,
3316,31,149999,0,user_2,424,424,3314
3318,32,149999,0,user_3,424,424,3314
3319,33,149999,0,user_3,424,424,3314
3321,34,149999,0,user_3,424,424,3314
3323,35,149999,0,user_6,424,424,3314
3330,36,149999,0,user_14,424,424,3314
3331,37,149999,0,user_15,424,424,3314
3335,38,98000,0,user_18,424,424,
3400,0,30000000,0,user_46,425,425,
3375,1,5000000,0,user_16,425,425,
3392,2,3200000,18600,user_38,425,425,
3357,3,2600001,0,user_1,425,425,3356
3360,4,2600001,0,user_3,425,425,3356
3363,5,2600001,0,user_8,425,425,3356
3364,6,2600001,0,user_8,425,425,3356
3365,7,2600001,0,user_8,425,425,3356
3371,8,2600001,0,user_13,425,425,3356
3372,9,2600001,0,user_13,425,425,3356
3373,10,2600001,0,user_14,425,425,3356
3374,11,2600001,0,user_15,425,425,3356
3356,12,2600000,68100,user_0,425,425,
3358,13,2599999,0,user_2,425,425,3356
3359,14,2599999,0,user_3,425,425,3356
3361,15,2599999,0,user_4,425,425,3356
3362,16,2599999,0,user_4,425,425,3356
3366,17,2599999,0,user_9,425,425,3356
3367,18,2599999,0,user_9,425,425,3356
3368,19,2599999,0,user_10,425,425,3356
3369,20,2599999,0,user_10,425,425,3356
3390,21,1900000,215000,user_36,425,425,
3388,22,1800000,0,user_35,425,425,
3380,23,1700000,0,user_22,425,425,
3397,24,1700000,0,user_43,425,425,
3377,25,1400000,0,user_17,425,425,
3385,26,1000000,0,user_31,425,425,
3396,27,870000,73100,user_42,425,425,
3398,28,600000,0,user_44,425,425,
3399,29,600000,0,user_46,425,425,
3395,30,350000,0,user_41,425,425,
3384,31,340000,0,user_30,425,425,
3387,32,300000,0,user_33,425,425,
3389,33,260000,594000,user_35,425,425,
3379,34,160000,0,user_21,425,425,
3381,35,120000,0,user_23,425,425,
3376,36,87000,0,user_17,425,425,
3383,37,87000,0,user_29,425,425,
3391,38,87000,0,user_36,425,425,
3401,39,80000,0,user_47,425,425,
3450,0,43000000,128000,user_42,426,426,
3454,1,19000000,164000,user_49,426,426,
3431,2,6300000,14200,user_28,426,426,
3434,3,6300000,35600,user_28,426,426,
3437,4,5000000,0,user_29,426,426,
3408,5,2500000,0,user_4,426,426,
3451,6,2400000,121000,user_44,426,426,
3439,7,2100000,0,user_29,426,426,
3405,8,2000000,0,user_2,426,426,
3429,9,2000000,0,user_25,426,426,
3445,10,2000000,0,user_36,426,426,
3428,11,1900000,0,user_25,426,426,
3440,12,1600000,0,user_30,426,426,
3426,13,1400000,0,user_22,426,426,
3453,14,1400000,75000,user_48,426,426,
3427,15,1300000,4320000,user_25,426,426,
3442,16,1000000,0,user_31,426,426,
3422,17,970000,35100,user_18,426,426,
3446,18,670000,0,user_37,426,426,
3436,19,660000,0,user_29,426,426,
3447,20,660000,73100,user_37,426,426,
3412,21,630001,0,user_6,426,426,3410
3415,22,630001,0,user_9,426,426,3410
3420,23,630001,0,user_15,426,426,3410
3410,24,630000,12300,user_5,426,426,
3411,25,629999,0,user_6,426,426,3410
3413,26,629999,0,user_6,426,426,3410
3414,27,629999,0,user_7,426,426,3410
3416,28,629999,0,user_10,426,426,3410
3417,29,629999,0,user_11,426,426,3410
3418,30,629999,0,user_12,426,426,3410
3419,31,629999,0,user_14,426,426,3410
3424,32,530000,0,user_20,426,426,
3435,33,370000,0,user_29,426,426,
3441,34,350000,13900,user_31,426,426,
3421,35,190000,0,user_16,426,426,
3406,36,170000,0,user_3,426,426,
3444,37,160000,0,user_35,426,426,
3409,38,150000,0,user_5,426,426,
3423,39,130000,0,user_19,426,426,
3407,40,120000,0,user_4,426,426,
3430,41,120000,121000,user_26,426,426,
3425,42,98000,0,user_22,426,426,
3438,43,98000,0,user_29,426,426,
3433,44,87000,0,user_28,426,426,
3449,45,85000,0,user_40,426,426,
3448,46,82000,64600,user_38,426,426,
3432,47,79000,64600,user_28,426,426,
3487,0,30000000,0,user_34,427,427,
3455,1,2000000,0,user_0,427,427,
3489,2,2000000,0,user_37,427,427,
3475,3,1800000,0,user_21,427,427,
3473,4,1600000,545000,user_19,427,427,
3471,5,1300000,34700,user_16,427,427,
3486,6,1100000,0,user_34,427,427,
3474,7,970000,0,user_21,427,427,
3491,8,670000,17700000,user_37,427,427,
3490,9,460000,0,user_37,427,427,
3476,10,360000,17000,user_22,427,427,
3482,11,360000,0,user_31,427,427,
3498,12,350000,0,user_44,427,427,
3458,13,310001,0,user_1,427,427,3456
3460,14,310001,0,user_2,427,427,3456
3464,15,310001,0,user_8,427,427,3456
3465,16,310001,0,user_8,427,427,3456
3466,17,310001,0,user_10,427,427,3456
3469,18,310001,0,user_14,427,427,3456
3456,19,310000,7840,user_0,427,427,
3457,20,309999,0,user_0,427,427,3456
3459,21,309999,0,user_2,427,427,3456
3461,22,309999,0,user_3,427,427,3456
3462,23,309999,0,user_3,427,427,3456
3463,24,309999,0,user_4,427,427,3456
3468,25,309999,0,user_12,427,427,3456
3470,26,309999,0,user_15,427,427,3456
3485,27,170000,0,user_34,427,427,
3472,28,160000,0,user_18,427,427,
3479,29,150000,0,user_25,427,427,
3480,30,120000,0,user_26,427,427,
3502,31,120000,17700000,user_49,427,427,
3481,32,110000,0,user_27,427,427,
3503,33,110000,0,user_49,427,427,
3483,34,100000,0,user_32,427,427,
3477,35,87000,7840,user_22,427,427,
3499,36,87000,34700,user_47,427,427,
3478,37,85000,0,user_24,427,427,
3497,38,83000,0,user_43,427,427,
3484,39,79000,0,user_33,427,427,
3500,40,77000,0,user_48,427,427,
3501,41,73000,0,user_49,427,427,
3534,0,30000000,0,user_30,428,428,
3531,1,2300000,0,user_21,428,428,
3536,2,2300000,0,user_34,428,428,
3519,3,2100000,0,user_16,428,428,
3540,4,2000000,5640,user_42,428,428,
3506,5,1900000,0,user_1,428,428,
3508,6,1800001,0,user_6,428,428,3507
3509,7,1800001,0,user_6,428,428,3507
3512,8,1800001,0,user_11,428,428,3507
3515,9,1800001,0,user_13,428,428,3507
3516,10,1800001,0,user_14,428,428,3507
3517,11,1800001,0,user_15,428,428,3507
3507,12,1800000,6390,user_4,428,428,
3510,13,1799999,0,user_7,428,428,3507
3513,14,1799999,0,user_11,428,428,3507
3514,15,1799999,0,user_12,428,428,3507
3526,16,1700000,12800,user_18,428,428,
3532,17,1600000,0,user_21,428,428,
3504,18,1500000,0,user_1,428,428,
3521,19,1500000,0,user_17,428,428,
3530,20,1500000,7840,user_21,428,428,
3524,21,1400000,0,user_17,428,428,
3541,22,1400000,35100,user_43,428,428,
3537,23,1100000,0,user_36,428,428,
3518,24,1000000,15700,user_16,428,428,
3543,25,1000000,0,user_43,428,428,
3547,26,1000000,0,user_45,428,428,
3542,27,660000,0,user_43,428,428,
3529,28,460000,0,user_21,428,428,
3533,29,460000,0,user_22,428,428,
3505,30,370000,0,user_1,428,428,
3535,31,300000,0,user_31,428,428,
3549,32,240000,0,user_48,428,428,
3523,33,220000,0,user_17,428,428,
3527,34,220000,181000,user_19,428,428,
3544,35,220000,10700,user_44,428,428,
3520,36,190000,0,user_17,428,428,
3538,37,130000,0,user_38,428,428,
3525,38,120000,43600,user_18,428,428,
3546,39,120000,0,user_45,428,428,
3522,40,110000,0,user_17,428,428,
3548,41,100000,0,user_47,428,428,
3528,42,87000,0,user_20,428,428,
3545,43,87000,1100000,user_44,428,428,
3573,0,43000000,0,user_26,429,429,
3575,1,43000000,0,user_29,429,429,
3583,2,19000000,0,user_41,429,429,
3587,3,19000000,0,user_46,429,429,
3574,4,6300000,0,user_27,429,429,
3577,5,5000000,0,user_37,429,429,
3585,6,3200000,0,user_43,429,429,
3572,7,2400000,32900,user_24,429,429,
3588,8,2100000,71800,user_46,429,429,
3554,9,2000001,0,user_5,429,429,3553
3558,10,2000001,0,user_11,429,429,3553
3560,11,2000001,0,user_14,429,429,3553
3561,12,2000001,0,user_14,429,429,3553
3562,13,2000001,0,user_14,429,429,3553
3552,14,2000000,0,user_2,429,429,
3553,15,2000000,24700,user_4,429,429,
3556,16,1999999,0,user_10,429,429,3553
3557,17,1999999,0,user_10,429,429,3553
3559,18,1999999,0,user_14,429,429,3553
3563,19,1900000,17000,user_18,429,429,
3581,20,1900000,0,user_39,429,429,
3584,21,1800000,779000,user_42,429,429,
3565,22,1700000,0,user_19,429,429,
3570,23,1500000,0,user_23,429,429,
3579,24,660000,0,user_38,429,429,
3592,25,630000,0,user_47,429,429,
3580,26,530000,68100,user_38,429,429,
3567,27,470000,15700,user_19,429,429,
3576,28,460000,0,user_36,429,429,
3551,29,310000,0,user_0,429,429,
3550,30,300000,0,user_0,429,429,
3571,31,240000,0,user_24,429,429,
3568,32,170000,84800,user_21,429,429,
3589,33,170000,0,user_46,429,429,
3564,34,160000,0,user_18,429,429,
3586,35,150000,0,user_46,429,429,
3590,36,150000,0,user_46,429,429,
3594,37,130000,0,user_49,429,429,
3569,38,120000,545000,user_22,429,429,
3593,39,120000,0,user_49,429,429,
3566,40,110000,0,user_19,429,429,
3591,41,87000,17000,user_47,429,429,
3578,42,85000,0,user_38,429,429,
3624,0,27000000,322000,user_32,430,430,
3643,1,27000000,0,user_46,430,430,
3628,2,6300000,0,user_34,430,430,
3616,3,6100000,24700,user_21,430,430,
3595,4,5000000,0,user_0,430,430,
3615,5,5000000,0,user_20,430,430,
3629,6,4500000,0,user_36,430,430,
3634,7,3600000,594000,user_42,430,430,
3603,8,2500000,0,user_7,430,430,
3619,9,2300000,0,user_28,430,430,
3598,10,2000000,0,user_3,430,430,
3599,11,2000000,0,user_4,430,430,
3613,12,1500000,0,user_19,430,430,
3601,13,1400000,0,user_5,430,430,
3625,14,1400000,0,user_32,430,430,
3612,15,1100000,0,user_17,430,430,
3630,16,1100000,0,user_37,430,430,
3641,17,1100000,0,user_46,430,430,
3626,18,910000,67500,user_33,430,430,
3636,19,910000,0,user_44,430,430,
3622,20,630000,0,user_30,430,430,
3637,21,530000,0,user_44,430,430,
3621,22,420000,769000,user_30,430,430,
3645,23,360000,0,user_48,430,430,
3642,24,340000,0,user_46,430,430,
3602,25,320000,0,user_6,430,430,
3597,26,300000,0,user_2,430,430,
3635,27,240000,0,user_43,430,430,
3644,28,240000,0,user_47,430,430,
3631,29,220000,0,user_38,430,430,
3618,30,190000,0,user_26,430,430,
3620,31,170000,0,user_29,430,430,
3633,32,150000,0,user_41,430,430,
3638,33,150000,0,user_44,430,430,
3639,34,130000,0,user_44,430,430,
3608,35,120001,0,user_15,430,430,3604
3611,36,120001,0,user_15,430,430,3604
3606,37,119999,0,user_11,430,430,3604
3607,38,119999,0,user_12,430,430,3604
3609,39,119999,0,user_15,430,430,3604
3610,40,119999,0,user_15,430,430,3604
3600,41,110000,0,user_5,430,430,
3614,42,110000,0,user_19,430,430,
3623,43,85000,5180,user_32,430,430,
3640,44,83000,13900,user_44,430,430,
3596,45,80000,0,user_1,430,430,
3627,46,79000,18600,user_34,430,430,
3646,47,77000,0,user_48,430,430,
3617,48,73000,0,user_21,430,430,
3689,0,27000000,10700,user_40,431,431,
3686,1,19000000,0,user_37,431,431,
3673,2,3600000,0,user_25,431,431,
3649,3,2300000,0,user_2,431,431,
3671,4,2100000,0,user_20,431,431,
3660,5,1900000,0,user_8,431,431,
3659,6,1600000,0,user_8,431,431,
3672,7,1500000,0,user_24,431,431,
3675,8,1500000,0,user_27,431,431,
3684,9,1000000,0,user_34,431,431,
3663,10,910000,0,user_11,431,431,
3676,11,650000,0,user_28,431,431,
3658,12,630000,0,user_8,431,431,
3662,13,630000,0,user_10,431,431,
3680,14,600000,0,user_32,431,431,
3677,15,470000,0,user_29,431,431,
3651,16,460000,0,user_4,431,431,
3669,17,460000,0,user_20,431,431,
3679,18,420000,0,user_31,431,431,
3685,19,420000,0,user_36,431,431,
3661,20,370000,0,user_9,431,431,
3653,21,350000,0,user_5,431,431,
3693,22,350000,0,user_45,431,431,
3666,23,320000,0,user_15,431,431,
3678,24,320000,0,user_29,431,431,
3665,25,310000,0,user_15,431,431,
3691,26,300000,33100,user_42,431,431,
3655,27,220000,0,user_6,431,431,
3674,28,170000,34700,user_25,431,431,
3687,29,170000,14200,user_38,431,431,
3654,30,160000,0,user_6,431,431,
3657,31,150000,0,user_8,431,431,
3688,32,150000,0,user_38,431,431,
3647,33,120000,0,user_0,431,431,
3656,34,120000,0,user_8,431,431,
3670,35,120000,0,user_20,431,431,
3664,36,110000,0,user_12,431,431,
3652,37,100000,0,user_4,431,431,
3667,38,85000,0,user_16,431,431,
3668,39,73000,0,user_19,431,431,
3681,40,73000,0,user_32,431,431,
1871,0,19000000,0,user_39,432,432,
1855,1,6100000,0,user_18,432,432,
1863,2,4500000,0,user_29,432,432,
1880,3,4500000,0,user_46,432,432,
1837,4,4200000,0,user_3,432,432,
1879,5,3500000,0,user_45,432,432,
1853,6,2400000,0,user_17,432,432,
1877,7,2000000,0,user_45,432,432,
1878,8,2000000,43600,user_45,432,432,
1884,9,2000000,5630,user_48,432,432,
1870,10,1700000,0,user_38,432,432,
1869,11,1600000,0,user_37,432,432,
1852,12,1500000,56200,user_16,432,432,
1854,13,1500000,0,user_18,432,432,
1875,14,1400000,0,user_45,432,432,
1881,15,1400000,0,user_47,432,432,
1832,16,1200000,0,user_0,432,432,
1833,17,1100000,0,user_1,432,432,
1856,18,1100000,0,user_18,432,432,
1868,19,1100000,13800,user_36,432,432,
1851,20,970000,0,user_16,432,432,
1838,21,910000,0,user_5,432,432,
1882,22,910000,0,user_47,432,432,
1842,23,630001,0,user_11,432,432,1839
1843,24,630001,0,user_13,432,432,1839
1845,25,630001,0,user_14,432,432,1839
1849,26,630001,0,user_15,432,432,1839
1839,27,630000,285000,user_7,432,432,
1840,28,629999,0,user_7,432,432,1839
1841,29,629999,0,user_10,432,432,1839
1844,30,629999,0,user_13,432,432,1839
1846,31,629999,0,user_15,432,432,1839
1847,32,629999,0,user_15,432,432,1839
1848,33,629999,0,user_15,432,432,1839
1850,34,629999,0,user_15,432,432,1839
1836,35,460000,0,user_3,432,432,
1864,36,460000,0,user_30,432,432,
1865,37,460000,21800,user_33,432,432,
1835,38,360000,0,user_2,432,432,
1866,39,350000,13900,user_34,432,432,
1876,40,350000,0,user_45,432,432,
1883,41,240000,0,user_48,432,432,
1858,42,220000,17000,user_23,432,432,
1859,43,170000,0,user_26,432,432,
1861,44,160000,0,user_28,432,432,
1834,45,150000,0,user_1,432,432,
1872,46,110000,0,user_41,432,432,
1862,47,84000,0,user_29,432,432,
1860,48,82000,0,user_26,432,432,
1873,49,80000,0,user_43,432,432,
1874,50,80000,0,user_44,432,432,
1857,51,70000,0,user_19,432,432,
1932,0,43000000,0,user_42,433,433,
1903,1,27000000,17000,user_19,433,433,
1924,2,27000000,0,user_33,433,433,
1907,3,6300000,0,user_24,433,433,
1926,4,5000000,0,user_35,433,433,
1905,5,4500000,0,user_23,433,433,
1936,6,3600000,0,user_44,433,433,
1913,7,2600000,0,user_28,433,433,
1920,8,2500000,12800,user_30,433,433,
1901,9,2100000,0,user_17,433,433,
1908,10,2000000,0,user_24,433,433,
1909,11,1800000,0,user_25,433,433,
1922,12,1800000,0,user_31,433,433,
1911,13,1600000,0,user_25,433,433,
1918,14,1600000,769000,user_30,433,433,
1917,15,1400000,16400,user_29,433,433,
1925,16,1300000,18600,user_35,433,433,
1931,17,1000000,0,user_42,433,433,
1933,18,1000000,17000,user_42,433,433,
1902,19,970000,0,user_19,433,433,
1912,20,910000,0,user_25,433,433,
1910,21,660000,0,user_25,433,433,
1927,22,660000,0,user_37,433,433,
1919,23,650000,0,user_30,433,433,
1934,24,530000,0,user_42,433,433,
1914,25,310000,0,user_28,433,433,
1939,26,310000,0,user_48,433,433,
1915,27,260000,0,user_28,433,433,
1921,28,220000,0,user_30,433,433,
1940,29,220000,64600,user_49,433,433,
1929,30,170000,0,user_38,433,433,
1888,31,160001,0,user_4,433,433,1887
1890,32,160001,0,user_7,433,433,1887
1891,33,160001,0,user_7,433,433,1887
1893,34,160001,0,user_9,433,433,1887
1894,35,160001,0,user_9,433,433,1887
1897,36,160001,0,user_11,433,433,1887
1898,37,160001,0,user_12,433,433,1887
1899,38,160001,0,user_14,433,433,1887
1900,39,160001,0,user_15,433,433,1887
1887,40,160000,231000,user_2,433,433,
1906,41,160000,0,user_24,433,433,
1889,42,159999,0,user_5,433,433,1887
1892,43,159999,0,user_8,433,433,1887
1895,44,159999,0,user_10,433,433,1887
1896,45,159999,0,user_11,433,433,1887
1916,46,150000,0,user_28,433,433,
1928,47,120000,0,user_38,433,433,
1904,48,98000,0,user_21,433,433,
1930,49,87000,0,user_41,433,433,
1935,50,87000,0,user_42,433,433,
1937,51,77000,0,user_44,433,433,
1984,0,27000000,12300,user_35,434,434,
1987,1,27000000,0,user_40,434,434,
1976,2,19000000,0,user_25,434,434,
1991,3,19000000,36800,user_44,434,434,
1974,4,6300000,0,user_22,434,434,
1972,5,6100000,33300,user_21,434,434,
1995,6,2600000,17000,user_45,434,434,
1981,7,2500000,0,user_30,434,434,
1970,8,2400000,0,user_18,434,434,
1942,9,2300000,0,user_0,434,434,
1983,10,2000000,0,user_35,434,434,
1985,11,2000000,4320000,user_36,434,434,
1989,12,2000000,0,user_43,434,434,
1969,13,1900000,0,user_16,434,434,
1978,14,1300000,0,user_28,434,434,
1990,15,1000000,0,user_43,434,434,
1992,16,670000,164000,user_45,434,434,
1993,17,670000,381000,user_45,434,434,
1979,18,600000,0,user_28,434,434,
1988,19,600000,0,user_41,434,434,
1941,20,310000,0,user_0,434,434,
1994,21,300000,0,user_45,434,434,
1998,22,300000,0,user_48,434,434,
1996,23,170000,0,user_46,434,434,
1986,24,150000,0,user_37,434,434,
2000,25,150000,0,user_49,434,434,
1980,26,110000,0,user_29,434,434,
1944,27,87001,0,user_2,434,434,1943
1945,28,87001,0,user_4,434,434,1943
1946,29,87001,0,user_6,434,434,1943
1954,30,87001,0,user_11,434,434,1943
1963,31,87001,0,user_14,434,434,1943
1964,32,87001,0,user_14,434,434,1943
1967,33,87001,0,user_14,434,434,1943
1968,34,87001,0,user_15,434,434,1943
1943,35,87000,15700,user_1,434,434,
1951,36,86999,0,user_10,434,434,1943
1952,37,86999,0,user_11,434,434,1943
1953,38,86999,0,user_11,434,434,1943
1955,39,86999,0,user_11,434,434,1943
1956,40,86999,0,user_11,434,434,1943
1965,41,86999,0,user_14,434,434,1943
1966,42,86999,0,user_14,434,434,1943
1999,43,77000,0,user_48,434,434,
1973,44,73000,0,user_22,434,434,
2014,0,19000000,0,user_19,435,435,
2027,1,6300000,0,user_36,435,435,
2029,2,5200000,0,user_37,435,435,
2026,3,5000000,128000,user_34,435,435,
2022,4,4200000,108000,user_28,435,435,
2024,5,4200000,0,user_31,435,435,
2039,6,2600000,0,user_47,435,435,
2015,7,2500000,8520,user_21,435,435,
2030,8,2500000,0,user_39,435,435,
2011,9,2400000,73100,user_17,435,435,
2023,10,2400000,0,user_29,435,435,
2035,11,1800000,0,user_42,435,435,
2018,12,1600000,0,user_23,435,435,
2021,13,1600000,0,user_26,435,435,
2038,14,1500000,4320000,user_45,435,435,
2020,15,1100000,0,user_26,435,435,
2034,16,1000000,0,user_42,435,435,
2032,17,910000,0,user_41,435,435,
2012,18,870000,0,user_17,435,435,
2028,19,460000,0,user_36,435,435,
2040,20,360000,0,user_48,435,435,
2043,21,340000,0,user_49,435,435,
2013,22,320000,0,user_18,435,435,
2033,23,300000,0,user_42,435,435,
2025,24,170000,0,user_33,435,435,
2037,25,170000,0,user_44,435,435,
2017,26,160000,0,user_22,435,435,
2019,27,150000,0,user_24,435,435,
2036,28,150000,0,user_42,435,435,
2042,29,150000,0,user_48,435,435,
2016,30,120000,15100,user_22,435,435,
2041,31,120000,0,user_48,435,435,
2002,32,83001,0,user_5,435,435,2001
2004,33,83001,0,user_6,435,435,2001
2006,34,83001,0,user_10,435,435,2001
2009,35,83001,0,user_12,435,435,2001
2010,36,83001,0,user_14,435,435,2001
2001,37,83000,231000,user_3,435,435,
2003,38,82999,0,user_5,435,435,2001
2007,39,82999,0,user_11,435,435,2001
2008,40,82999,0,user_11,435,435,2001
2059,0,43000000,0,user_16,436,436,
2088,1,6100000,381000,user_40,436,436,
2083,2,5000000,0,user_37,436,436,
2094,3,5000000,0,user_46,436,436,
2090,4,2300000,0,user_42,436,436,
2095,5,2000000,0,user_47,436,436,
2084,6,1900000,0,user_37,436,436,
2067,7,1700000,14200,user_19,436,436,
2062,8,1600000,0,user_16,436,436,
2070,9,1500000,0,user_22,436,436,
2077,10,1500000,6390,user_28,436,436,
2044,11,1100000,0,user_1,436,436,
2079,12,1100000,0,user_32,436,436,
2064,13,970000,0,user_17,436,436,
2063,14,670000,0,user_17,436,436,
2078,15,670000,19700,user_28,436,436,
2047,16,660001,0,user_2,436,436,2046
2049,17,660001,0,user_3,436,436,2046
2050,18,660001,0,user_4,436,436,2046
2051,19,660001,0,user_6,436,436,2046
2052,20,660001,0,user_6,436,436,2046
2054,21,660001,0,user_9,436,436,2046
2057,22,660001,0,user_11,436,436,2046
2058,23,660001,0,user_13,436,436,2046
2046,24,660000,11200,user_2,436,436,
2066,25,660000,0,user_19,436,436,
2091,26,660000,0,user_43,436,436,
2048,27,659999,0,user_2,436,436,2046
2053,28,659999,0,user_8,436,436,2046
2056,29,659999,0,user_11,436,436,2046
2045,30,370000,0,user_2,436,436,
2082,31,360000,0,user_35,436,436,
2060,32,320000,0,user_16,436,436,
2089,33,310000,0,user_42,436,436,
2080,34,260000,0,user_33,436,436,
2081,35,220000,959000,user_35,436,436,
2092,36,170000,0,user_45,436,436,
2065,37,150000,0,user_18,436,436,
2068,38,120000,0,user_21,436,436,
2085,39,87000,0,user_38,436,436,
2061,40,80000,0,user_16,436,436,
2069,41,80000,0,user_21,436,436,
2093,42,70000,30200,user_46,436,436,
2098,0,27000000,0,user_1,437,437,
2118,1,27000000,100000,user_18,437,437,
2125,2,27000000,0,user_26,437,437,
2121,3,19000000,0,user_19,437,437,
2130,4,5000000,164000,user_31,437,437,
2101,5,4500000,0,user_7,437,437,
2122,6,3600000,0,user_23,437,437,
2097,7,2400000,0,user_0,437,437,
2124,8,2000000,0,user_25,437,437,
2143,9,1600000,0,user_47,437,437,
2137,10,1500000,0,user_40,437,437,
2117,11,1400000,0,user_18,437,437,
2142,12,530000,73100,user_45,437,437,
2104,13,420001,0,user_9,437,437,2103
2105,14,420001,0,user_9,437,437,2103
2106,15,420001,0,user_9,437,437,2103
2109,16,420001,0,user_11,437,437,2103
2113,17,420001,0,user_11,437,437,2103
2114,18,420001,0,user_12,437,437,2103
2103,19,420000,164000,user_9,437,437,
2126,20,420000,0,user_27,437,437,
2107,21,419999,0,user_9,437,437,2103
2108,22,419999,0,user_10,437,437,2103
2110,23,419999,0,user_11,437,437,2103
2111,24,419999,0,user_11,437,437,2103
2112,25,419999,0,user_11,437,437,2103
2115,26,419999,0,user_13,437,437,2103
2102,27,310000,0,user_8,437,437,
2129,28,310000,0,user_30,437,437,
2099,29,300000,0,user_2,437,437,
2135,30,300000,42000,user_39,437,437,
2136,31,260000,0,user_40,437,437,
2141,32,190000,0,user_45,437,437,
2123,33,160000,0,user_24,437,437,
2116,34,120000,0,user_17,437,437,
2119,35,110000,0,user_18,437,437,
2138,36,110000,0,user_41,437,437,
2131,37,100000,0,user_33,437,437,
2128,38,84000,0,user_29,437,437,
2120,39,83000,0,user_18,437,437,
2134,40,79000,0,user_38,437,437,
2132,41,77000,0,user_35,437,437,
2174,0,43000000,0,user_26,438,438,
2186,1,43000000,0,user_37,438,438,
2162,2,27000000,0,user_16,438,438,
2187,3,27000000,1100000,user_37,438,438,
2151,4,3500000,0,user_7,438,438,
2148,5,2500000,0,user_5,438,438,
2167,6,2500000,14200,user_18,438,438,
2181,7,2000000,0,user_33,438,438,
2172,8,1900000,0,user_25,438,438,
2153,9,1800000,0,user_9,438,438,
2190,10,1800000,0,user_39,438,438,
2146,11,1600000,0,user_3,438,438,
2189,12,1400000,195000,user_38,438,438,
2203,13,1400000,0,user_48,438,438,
2173,14,1100000,0,user_26,438,438,
2171,15,1000000,0,user_24,438,438,
2175,16,1000000,0,user_26,438,438,
2150,17,600000,0,user_6,438,438,
2197,18,470000,13800,user_42,438,438,
2178,19,350000,0,user_29,438,438,
2191,20,340000,0,user_40,438,438,
2198,21,300000,0,user_43,438,438,
2157,22,260001,0,user_12,438,438,2155
2158,23,260001,0,user_12,438,438,2155
2155,24,260000,33100,user_10,438,438,
2156,25,259999,0,user_11,438,438,2155
2159,26,259999,0,user_12,438,438,2155
2160,27,259999,0,user_14,438,438,2155
2161,28,259999,0,user_15,438,438,2155
2192,29,240000,0,user_40,438,438,
2166,30,220000,0,user_18,438,438,
2168,31,220000,0,user_18,438,438,
2179,32,220000,0,user_30,438,438,
2183,33,220000,0,user_35,438,438,
2188,34,220000,0,user_37,438,438,
2154,35,190000,0,user_10,438,438,
2177,36,190000,0,user_26,438,438,
2185,37,170000,0,user_36,438,438,
2163,38,160000,0,user_17,438,438,
2196,39,160000,0,user_42,438,438,
2176,40,150000,0,user_26,438,438,
2204,41,150000,30200,user_49,438,438,
2147,42,120000,0,user_4,438,438,
2164,43,120000,0,user_17,438,438,
2184,44,120000,0,user_36,438,438,
2149,45,110000,0,user_6,438,438,
2152,46,110000,0,user_8,438,438,
2170,47,110000,0,user_23,438,438,
2180,48,100000,0,user_31,438,438,
2194,49,100000,0,user_40,438,438,
2199,50,100000,0,user_44,438,438,
2169,51,98000,0,user_20,438,438,
2165,52,85000,0,user_18,438,438,
2193,53,80000,0,user_40,438,438,
2195,54,79000,0,user_41,438,438,
2248,0,27000000,5630,user_31,439,439,
2256,1,19000000,0,user_36,439,439,
2224,2,4500000,0,user_18,439,439,
2233,3,3600000,0,user_23,439,439,
2250,4,3600000,73100,user_32,439,439,
2269,5,3500000,0,user_48,439,439,
2232,6,2600000,0,user_23,439,439,
2238,7,2000000,959000,user_28,439,439,
2247,8,2000000,19700,user_30,439,439,
2223,9,1500000,0,user_17,439,439,
2211,10,970001,0,user_4,439,439,2209
2212,11,970001,0,user_5,439,439,2209
2217,12,970001,0,user_10,439,439,2209
2219,13,970001,0,user_13,439,439,2209
2209,14,970000,285000,user_1,439,439,
2210,15,969999,0,user_3,439,439,2209
2213,16,969999,0,user_6,439,439,2209
2214,17,969999,0,user_7,439,439,2209
2218,18,969999,0,user_12,439,439,2209
2220,19,969999,0,user_14,439,439,2209
2221,20,969999,0,user_15,439,439,2209
2261,21,910000,0,user_38,439,439,
2260,22,670000,0,user_38,439,439,
2270,23,670000,0,user_49,439,439,
2263,24,660000,164000,user_43,439,439,
2268,25,650000,0,user_48,439,439,
2228,26,600000,0,user_18,439,439,
2266,27,530000,0,user_47,439,439,
2234,28,470000,350000,user_24,439,439,
2246,29,460000,46500,user_29,439,439,
2253,30,460000,0,user_36,439,439,
2255,31,360000,0,user_36,439,439,
2227,32,350000,0,user_18,439,439,
2267,33,320000,0,user_47,439,439,
2208,34,310000,0,user_1,439,439,
2229,35,300000,0,user_19,439,439,
2237,36,300000,0,user_28,439,439,
2257,37,260000,0,user_38,439,439,
2262,38,260000,34700,user_42,439,439,
2265,39,260000,0,user_45,439,439,
2235,40,220000,33300,user_24,439,439,
2258,41,220000,510000,user_38,439,439,
2259,42,220000,47700,user_38,439,439,
2225,43,190000,0,user_18,439,439,
2226,44,170000,0,user_18,439,439,
2207,45,150000,0,user_1,439,439,
2222,46,150000,146000,user_16,439,439,
2231,47,150000,0,user_21,439,439,
2244,48,130000,0,user_29,439,439,
2206,49,120000,0,user_1,439,439,
2230,50,120000,0,user_20,439,439,
2239,51,120000,0,user_28,439,439,
2240,52,120000,0,user_28,439,439,
2249,53,120000,0,user_32,439,439,
2242,54,110000,15700,user_29,439,439,
2245,55,100000,0,user_29,439,439,
2254,56,98000,0,user_36,439,439,
2205,57,87000,0,user_1,439,439,
2243,58,84000,0,user_29,439,439,
2241,59,83000,0,user_28,439,439,
2264,60,83000,296000,user_44,439,439,
2236,61,82000,0,user_26,439,439,
2298,0,43000000,0,user_27,440,440,
2294,1,19000000,0,user_21,440,440,
2295,2,19000000,0,user_22,440,440,
2304,3,5200000,0,user_33,440,440,
2272,4,4200001,0,user_1,440,440,2271
2273,5,4200001,0,user_2,440,440,2271
2276,6,4200001,0,user_6,440,440,2271
2281,7,4200001,0,user_9,440,440,2271
2286,8,4200001,0,user_12,440,440,2271
2289,9,4200001,0,user_15,440,440,2271
2271,10,4200000,12800,user_0,440,440,
2275,11,4199999,0,user_6,440,440,2271
2277,12,4199999,0,user_7,440,440,2271
2278,13,4199999,0,user_7,440,440,2271
2279,14,4199999,0,user_8,440,440,2271
2280,15,4199999,0,user_8,440,440,2271
2282,16,4199999,0,user_9,440,440,2271
2283,17,4199999,0,user_10,440,440,2271
2284,18,4199999,0,user_10,440,440,2271
2285,19,4199999,0,user_11,440,440,2271
2287,20,4199999,0,user_13,440,440,2271
2288,21,4199999,0,user_14,440,440,2271
2310,22,2600000,296000,user_39,440,440,
2301,23,1700000,35600,user_30,440,440,
2312,24,1600000,0,user_39,440,440,
2311,25,1500000,0,user_39,440,440,
2292,26,1100000,0,user_18,440,440,
2317,27,910000,0,user_43,440,440,
2315,28,470000,0,user_41,440,440,
2308,29,420000,0,user_36,440,440,
2290,30,370000,0,user_16,440,440,
2302,31,370000,0,user_31,440,440,
2314,32,310000,0,user_40,440,440,
2319,33,310000,0,user_43,440,440,
2318,34,300000,0,user_43,440,440,
2300,35,220000,0,user_30,440,440,
2303,36,220000,0,user_33,440,440,
2307,37,160000,381000,user_35,440,440,
2323,38,100000,36800,user_47,440,440,
2293,39,87000,0,user_19,440,440,
2320,40,83000,0,user_43,440,440,
2313,41,80000,0,user_39,440,440,
2325,0,30000000,0,user_3,441,441,
2343,1,30000000,0,user_19,441,441,
2372,2,30000000,0,user_45,441,441,
2329,3,5200001,0,user_8,441,441,2327
2333,4,5200001,0,user_11,441,441,2327
2334,5,5200001,0,user_11,441,441,2327
2327,6,5200000,779000,user_4,441,441,
2330,7,5199999,0,user_9,441,441,2327
2331,8,5199999,0,user_10,441,441,2327
2332,9,5199999,0,user_10,441,441,2327
2335,10,5199999,0,user_12,441,441,2327
2336,11,5199999,0,user_14,441,441,2327
2352,12,5000000,0,user_27,441,441,
2363,13,4500000,146000,user_41,441,441,
2337,14,4200000,0,user_16,441,441,
2369,15,4200000,0,user_44,441,441,
2357,16,2500000,35600,user_31,441,441,
2341,17,2000000,0,user_18,441,441,
2366,18,2000000,0,user_43,441,441,
2356,19,1900000,0,user_30,441,441,
2362,20,1900000,0,user_39,441,441,
2339,21,1600000,0,user_18,441,441,
2342,22,1100000,381000,user_18,441,441,
2371,23,870000,0,user_44,441,441,
2344,24,660000,0,user_22,441,441,
2345,25,650000,0,user_23,441,441,
2338,26,630000,0,user_18,441,441,
2367,27,470000,381000,user_43,441,441,
2340,28,420000,36800,user_18,441,441,
2348,29,420000,121000,user_25,441,441,
2373,30,420000,0,user_45,441,441,
2326,31,300000,0,user_3,441,441,
2364,32,260000,0,user_42,441,441,
2355,33,240000,24700,user_30,441,441,
2358,34,220000,0,user_32,441,441,
2365,35,220000,0,user_42,441,441,
2351,36,170000,0,user_25,441,441,
2324,37,150000,0,user_1,441,441,
2359,38,150000,0,user_33,441,441,
2349,39,120000,0,user_25,441,441,
2368,40,110000,0,user_44,441,441,
2370,41,100000,0,user_44,441,441,
2350,42,87000,71800,user_25,441,441,
2354,43,82000,0,user_29,441,441,
2347,44,80000,0,user_25,441,441,
2407,0,5000000,0,user_29,442,442,
2412,1,5000000,12800,user_39,442,442,
2408,2,4500000,769000,user_30,442,442,
2396,3,2600000,0,user_16,442,442,
2417,4,2600000,0,user_42,442,442,
2398,5,2300000,10700,user_17,442,442,
2404,6,2000000,0,user_25,442,442,
2415,7,2000000,0,user_42,442,442,
2413,8,1600000,0,user_40,442,442,
2419,9,1600000,322000,user_45,442,442,
2409,10,650000,0,user_31,442,442,
2411,11,460000,0,user_35,442,442,
2400,12,370000,0,user_20,442,442,
2397,13,360000,0,user_16,442,442,
2401,14,360000,0,user_21,442,442,
2418,15,360000,161000,user_44,442,442,
2403,16,340000,60700,user_23,442,442,
2410,17,340000,0,user_34,442,442,
2423,18,310000,0,user_49,442,442,
2420,19,260000,0,user_46,442,442,
2406,20,220000,0,user_28,442,442,
2422,21,160000,0,user_49,442,442,
2402,22,150000,42000,user_22,442,442,
2414,23,130000,0,user_41,442,442,
2416,24,120000,0,user_42,442,442,
2375,25,110001,0,user_1,442,442,2374
2376,26,110001,0,user_2,442,442,2374
2377,27,110001,0,user_3,442,442,2374
2378,28,110001,0,user_4,442,442,2374
2385,29,110001,0,user_9,442,442,2374
2386,30,110001,0,user_10,442,442,2374
2387,31,110001,0,user_11,442,442,2374
2388,32,110001,0,user_11,442,442,2374
2389,33,110001,0,user_11,442,442,2374
2390,34,110001,0,user_11,442,442,2374
2391,35,110001,0,user_11,442,442,2374
2394,36,110001,0,user_14,442,442,2374
2374,37,110000,15300,user_0,442,442,
2421,38,110000,0,user_48,442,442,
2379,39,109999,0,user_5,442,442,2374
2395,40,109999,0,user_15,442,442,2374
2405,41,87000,296000,user_27,442,442,
2429,0,43000001,0,user_2,443,443,2426
2431,1,43000001,0,user_4,443,443,2426
2435,2,43000001,0,user_6,443,443,2426
2436,3,43000001,0,user_7,443,443,2426
2438,4,43000001,0,user_8,443,443,2426
2440,5,43000001,0,user_9,443,443,2426
2441,6,43000001,0,user_11,443,443,2426
2443,7,43000001,0,user_13,443,443,2426
2444,8,43000001,0,user_14,443,443,2426
2426,9,43000000,7840,user_2,443,443,
2427,10,42999999,0,user_2,443,443,2426
2428,11,42999999,0,user_2,443,443,2426
2432,12,42999999,0,user_4,443,443,2426
2433,13,42999999,0,user_6,443,443,2426
2434,14,42999999,0,user_6,443,443,2426
2437,15,42999999,0,user_7,443,443,2426
2439,16,42999999,0,user_8,443,443,2426
2442,17,42999999,0,user_12,443,443,2426
2445,18,42999999,0,user_14,443,443,2426
2446,19,42999999,0,user_15,443,443,2426
2482,20,6300000,0,user_41,443,443,
2491,21,6100000,0,user_48,443,443,
2451,22,5200000,0,user_21,443,443,
2476,23,5000000,0,user_37,443,443,
2450,24,4500000,0,user_21,443,443,
2468,25,4500000,0,user_33,443,443,
2466,26,3600000,0,user_31,443,443,
2490,27,2400000,47700,user_47,443,443,
2425,28,1400000,0,user_1,443,443,
2449,29,1400000,0,user_19,443,443,
2483,30,1400000,100000,user_41,443,443,
2474,31,1300000,0,user_36,443,443,
2477,32,1100000,0,user_37,443,443,
2448,33,1000000,0,user_18,443,443,
2447,34,970000,0,user_16,443,443,
2463,35,670000,0,user_28,443,443,
2493,36,670000,256000,user_48,443,443,
2484,37,650000,0,user_41,443,443,
2494,38,630000,0,user_48,443,443,
2462,39,530000,0,user_28,443,443,
2424,40,470000,0,user_0,443,443,
2452,41,460000,0,user_22,443,443,
2481,42,460000,0,user_41,443,443,
2480,43,320000,36800,user_41,443,443,
2461,44,310000,0,user_26,443,443,
2479,45,300000,0,user_39,443,443,
2460,46,220000,0,user_26,443,443,
2492,47,220000,0,user_48,443,443,
2488,48,160000,0,user_46,443,443,
2454,49,150000,0,user_24,443,443,
2465,50,120000,779000,user_31,443,443,
2475,51,120000,0,user_37,443,443,
2487,52,110000,5630,user_46,443,443,
2489,53,84000,0,user_46,443,443,
2495,54,70000,0,user_49,443,443,
2524,0,43000000,0,user_30,444,444,
2541,1,6300000,0,user_46,444,444,
2532,2,5000000,32900,user_37,444,444,
2540,3,4500000,0,user_45,444,444,
2539,4,2600000,0,user_44,444,444,
2496,5,2000000,0,user_0,444,444,
2515,6,2000000,0,user_22,444,444,
2538,7,2000000,42000,user_42,444,444,
2511,8,1600000,0,user_17,444,444,
2512,9,1600000,0,user_18,444,444,
2522,10,1600000,0,user_27,444,444,
2513,11,1500000,84800,user_20,444,444,
2527,12,1500000,0,user_34,444,444,
2531,13,1500000,0,user_36,444,444,
2516,14,1400000,0,user_24,444,444,
2525,15,1200000,0,user_31,444,444,
2497,16,1100000,0,user_2,444,444,
2535,17,1000000,68100,user_40,444,444,
2519,18,910000,0,user_27,444,444,
2530,19,370000,0,user_35,444,444,
2536,20,350000,0,user_40,444,444,
2521,21,320000,0,user_27,444,444,
2526,22,310000,0,user_33,444,444,
2514,23,260000,0,user_21,444,444,
2523,24,260000,0,user_30,444,444,
2529,25,240000,128000,user_35,444,444,
2533,26,160000,64600,user_39,444,444,
2542,27,160000,0,user_49,444,444,
2503,28,120001,0,user_10,444,444,2498
2506,29,120001,0,user_12,444,444,2498
2507,30,120001,0,user_12,444,444,2498
2509,31,120001,0,user_13,444,444,2498
2498,32,120000,164000,user_3,444,444,
2501,33,119999,0,user_7,444,444,2498
2502,34,119999,0,user_10,444,444,2498
2508,35,119999,0,user_13,444,444,2498
2510,36,119999,0,user_14,444,444,2498
2528,37,98000,0,user_35,444,444,
2520,38,79000,0,user_27,444,444,
2534,39,79000,0,user_39,444,444,
2570,0,30000000,0,user_30,445,445,
2567,1,2600000,0,user_29,445,445,
2582,2,2500000,71800,user_46,445,445,
2577,3,2400000,0,user_38,445,445,
2562,4,2000000,0,user_20,445,445,
2560,5,1900000,0,user_19,445,445,
2557,6,1600000,0,user_18,445,445,
2576,7,1500000,0,user_37,445,445,
2573,8,1200000,161000,user_32,445,445,
2555,9,1100000,0,user_16,445,445,
2558,10,1100000,0,user_19,445,445,
2569,11,670000,296000,user_30,445,445,
2583,12,600000,0,user_47,445,445,
2556,13,530000,0,user_17,445,445,
2566,14,530000,0,user_28,445,445,
2561,15,470000,0,user_19,445,445,
2580,16,470000,0,user_43,445,445,
2559,17,420000,0,user_19,445,445,
2565,18,420000,0,user_26,445,445,
2564,19,370000,36800,user_23,445,445,
2545,20,360001,0,user_2,445,445,2544
2546,21,360001,0,user_3,445,445,2544
2547,22,360001,0,user_4,445,445,2544
2549,23,360001,0,user_8,445,445,2544
2550,24,360001,0,user_8,445,445,2544
2551,25,360001,0,user_10,445,445,2544
2544,26,360000,49100,user_1,445,445,
2548,27,359999,0,user_5,445,445,2544
2553,28,359999,0,user_13,445,445,2544
2554,29,350000,0,user_16,445,445,
2568,30,220000,0,user_30,445,445,
2571,31,220000,0,user_30,445,445,
2563,32,160000,35600,user_21,445,445,
2581,33,150000,13900,user_44,445,445,
2584,34,130000,0,user_49,445,445,
2543,35,110000,0,user_0,445,445,
2572,36,110000,0,user_31,445,445,
2574,37,110000,0,user_33,445,445,
2579,38,98000,0,user_42,445,445,
2621,0,19000000,0,user_38,446,446,
2632,1,6100000,0,user_46,446,446,
2612,2,5200000,60700,user_27,446,446,
2624,3,4500000,0,user_39,446,446,
2587,4,3200001,0,user_2,446,446,2585
2588,5,3200001,0,user_3,446,446,2585
2592,6,3200001,0,user_7,446,446,2585
2593,7,3200001,0,user_7,446,446,2585
2594,8,3200001,0,user_7,446,446,2585
2600,9,3200001,0,user_10,446,446,2585
2603,10,3200001,0,user_10,446,446,2585
2605,11,3200001,0,user_12,446,446,2585
2585,12,3200000,30200,user_1,446,446,
2586,13,3199999,0,user_1,446,446,2585
2589,14,3199999,0,user_4,446,446,2585
2590,15,3199999,0,user_5,446,446,2585
2591,16,3199999,0,user_6,446,446,2585
2595,17,3199999,0,user_7,446,446,2585
2596,18,3199999,0,user_7,446,446,2585
2599,19,3199999,0,user_10,446,446,2585
2601,20,3199999,0,user_10,446,446,2585
2602,21,3199999,0,user_10,446,446,2585
2604,22,3199999,0,user_11,446,446,2585
2606,23,3199999,0,user_14,446,446,2585
2607,24,3199999,0,user_15,446,446,2585
2633,25,2500000,0,user_47,446,446,
2631,26,2400000,0,user_46,446,446,
2616,27,2000000,0,user_30,446,446,
2620,28,2000000,0,user_36,446,446,
2630,29,2000000,283000,user_43,446,446,
2634,30,2000000,0,user_48,446,446,
2611,31,1600000,0,user_25,446,446,
2609,32,1400000,0,user_22,446,446,
2613,33,1200000,0,user_29,446,446,
2636,34,670000,0,user_48,446,446,
2617,35,470000,0,user_32,446,446,
2622,36,460000,7190000,user_39,446,446,
2625,37,420000,0,user_39,446,446,
2626,38,360000,0,user_39,446,446,
2635,39,220000,0,user_48,446,446,
2623,40,170000,195000,user_39,446,446,
2608,41,130000,0,user_21,446,446,
2618,42,130000,0,user_34,446,446,
2614,43,110000,10700,user_30,446,446,
2615,44,110000,0,user_30,446,446,
2629,45,98000,779000,user_42,446,446,
2610,46,84000,0,user_22,446,446,
2682,0,30000000,0,user_46,447,447,
2666,1,6100000,0,user_28,447,447,
2658,2,5200000,4320000,user_20,447,447,
2663,3,5000000,0,user_24,447,447,
2685,4,5000000,0,user_48,447,447,
2683,5,4500000,0,user_47,447,447,
2644,6,3500000,0,user_10,447,447,
2677,7,3500000,0,user_43,447,447,
2684,8,2500000,0,user_48,447,447,
2669,9,2100000,0,user_32,447,447,
2642,10,2000000,0,user_7,447,447,
2665,11,2000000,0,user_27,447,447,
2671,12,2000000,0,user_34,447,447,
2659,13,1700000,0,user_22,447,447,
2653,14,1500000,0,user_16,447,447,
2652,15,1400000,0,user_16,447,447,
2680,16,1300000,0,user_45,447,447,
2667,17,1000000,0,user_29,447,447,
2672,18,670000,0,user_36,447,447,
2640,19,650000,0,user_5,447,447,
2678,20,650000,0,user_44,447,447,
2655,21,530000,0,user_18,447,447,
2679,22,530000,0,user_44,447,447,
2657,23,460000,10700,user_20,447,447,
2662,24,420000,39400,user_24,447,447,
2668,25,240000,0,user_30,447,447,
2673,26,220000,0,user_37,447,447,
2660,27,170000,0,user_23,447,447,
2664,28,170000,0,user_25,447,447,
2661,29,150000,0,user_24,447,447,
2638,30,120000,0,user_3,447,447,
2654,31,120000,35600,user_17,447,447,
2637,32,110000,0,user_1,447,447,
2646,33,85001,0,user_11,447,447,2645
2647,34,85001,0,user_12,447,447,2645
2649,35,85001,0,user_13,447,447,2645
2651,36,85001,0,user_15,447,447,2645
2641,37,85000,0,user_6,447,447,
2645,38,85000,779000,user_10,447,447,
2648,39,84999,0,user_13,447,447,2645
2650,40,84999,0,user_15,447,447,2645
2656,41,79000,64600,user_19,447,447,
2681,42,79000,0,user_45,447,447,
2639,43,77000,0,user_4,447,447,
2675,44,77000,0,user_41,447,447,
2670,45,70000,0,user_32,447,447,
2676,46,70000,0,user_41,447,447,
2729,0,43000000,0,user_45,448,448,
2702,1,3500000,0,user_19,448,448,
2700,2,2400000,0,user_17,448,448,
2703,3,2300000,16400,user_19,448,448,
2725,4,2100000,231000,user_42,448,448,
2732,5,1400000,283000,user_48,448,448,
2719,6,1100000,0,user_32,448,448,
2720,7,910000,0,user_34,448,448,
2730,8,870000,0,user_46,448,448,
2713,9,630000,0,user_28,448,448,
2714,10,630000,75000,user_29,448,448,
2716,11,460000,322000,user_30,448,448,
2707,12,370000,0,user_23,448,448,
2710,13,340000,33300,user_25,448,448,
2727,14,320000,0,user_44,448,448,
2728,15,310000,0,user_44,448,448,
2701,16,260000,594000,user_18,448,448,
2708,17,260000,161000,user_23,448,448,
2718,18,170000,0,user_31,448,448,
2712,19,160000,594000,user_27,448,448,
2709,20,150000,0,user_24,448,448,
2704,21,120000,0,user_20,448,448,
2706,22,120000,0,user_22,448,448,
2726,23,120000,0,user_43,448,448,
2731,24,120000,21800,user_47,448,448,
2705,25,110000,24700,user_21,448,448,
2711,26,110000,84800,user_26,448,448,
2715,27,110000,0,user_30,448,448,
2686,28,98000,0,user_0,448,448,
2691,29,83001,0,user_4,448,448,2687
2693,30,83001,0,user_6,448,448,2687
2694,31,83001,0,user_10,448,448,2687
2696,32,83001,0,user_12,448,448,2687
2697,33,83001,0,user_13,448,448,2687
2687,34,83000,42000,user_1,448,448,
2688,35,82999,0,user_3,448,448,2687
2689,36,82999,0,user_3,448,448,2687
2690,37,82999,0,user_3,448,448,2687
2692,38,82999,0,user_4,448,448,2687
2695,39,82999,0,user_12,448,448,2687
2698,40,82999,0,user_13,448,448,2687
2699,41,82999,0,user_15,448,448,2687
2717,42,82000,0,user_31,448,448,
2733,43,73000,0,user_48,448,448,
2734,44,73000,381000,user_49,448,448,
2755,0,43000000,0,user_16,449,449,
2775,1,30000000,0,user_38,449,449,
2782,2,6300000,0,user_40,449,449,
2735,3,6100000,0,user_0,449,449,
2756,4,5000000,0,user_18,449,449,
2780,5,4200000,0,user_39,449,449,
2761,6,3600000,0,user_25,449,449,
2790,7,2600000,0,user_44,449,449,
2758,8,2500000,16400,user_22,449,449,
2779,9,2500000,5630,user_39,449,449,
2772,10,2300000,0,user_37,449,449,
2773,11,2000000,215000,user_37,449,449,
2784,12,2000000,256000,user_42,449,449,
2763,13,1700000,0,user_27,449,449,
2776,14,1600000,0,user_38,449,449,
2785,15,1600000,0,user_42,449,449,
2767,16,970000,0,user_32,449,449,
2777,17,970000,0,user_38,449,449,
2774,18,650000,410000,user_38,449,449,
2788,19,630000,0,user_42,449,449,
2765,20,600000,0,user_31,449,449,
2766,21,460000,0,user_31,449,449,
2792,22,420000,0,user_46,449,449,
2778,23,310000,0,user_38,449,449,
2771,24,190000,35600,user_36,449,449,
2794,25,170000,47700,user_48,449,449,
2781,26,160000,0,user_40,449,449,
2786,27,160000,0,user_42,449,449,
2760,28,150000,0,user_23,449,449,
2764,29,150000,0,user_28,449,449,
2759,30,120000,0,user_23,449,449,
2770,31,120000,285000,user_35,449,449,
2757,32,98000,0,user_19,449,449,
2762,33,98000,0,user_26,449,449,
2787,34,85000,0,user_42,449,449,
2791,35,83000,0,user_45,449,449,
2737,36,77001,0,user_2,449,449,2736
2740,37,77001,0,user_4,449,449,2736
2741,38,77001,0,user_5,449,449,2736
2745,39,77001,0,user_8,449,449,2736
2747,40,77001,0,user_9,449,449,2736
2748,41,77001,0,user_10,449,449,2736
2754,42,77001,0,user_14,449,449,2736
2738,43,76999,0,user_2,449,449,2736
2742,44,76999,0,user_6,449,449,2736
2743,45,76999,0,user_7,449,449,2736
2744,46,76999,0,user_7,449,449,2736
2746,47,76999,0,user_9,449,449,2736
2749,48,76999,0,user_11,449,449,2736
2750,49,76999,0,user_11,449,449,2736
2751,50,76999,0,user_11,449,449,2736
2752,51,76999,0,user_12,449,449,2736
2753,52,76999,0,user_13,449,449,2736
2769,53,73000,0,user_34,449,449,
2822,0,30000000,0,user_20,450,450,
2838,1,19000000,13900,user_39,450,450,
2834,2,3200000,0,user_36,450,450,
2819,3,2000000,33300,user_20,450,450,
2843,4,2000000,0,user_46,450,450,
2832,5,1600000,0,user_34,450,450,
2839,6,1600000,11200,user_39,450,450,
2821,7,1500000,21800,user_20,450,450,
2823,8,1500000,0,user_21,450,450,
2827,9,1500000,0,user_28,450,450,
2796,10,1400000,0,user_0,450,450,
2836,11,1400000,0,user_37,450,450,
2818,12,1100000,68100,user_19,450,450,
2846,13,1100000,0,user_49,450,450,
2829,14,870000,0,user_30,450,450,
2844,15,660000,0,user_48,450,450,
2842,16,650000,0,user_44,450,450,
2825,17,460000,0,user_25,450,450,
2820,18,420000,0,user_20,450,450,
2815,19,350000,0,user_16,450,450,
2824,20,220000,4320000,user_22,450,450,
2826,21,220000,0,user_27,450,450,
2837,22,160000,0,user_39,450,450,
2799,23,150001,0,user_3,450,450,2798
2801,24,150001,0,user_5,450,450,2798
2802,25,150001,0,user_5,450,450,2798
2804,26,150001,0,user_5,450,450,2798
2805,27,150001,0,user_6,450,450,2798
2806,28,150001,0,user_7,450,450,2798
2810,29,150001,0,user_11,450,450,2798
2811,30,150001,0,user_12,450,450,2798
2812,31,150001,0,user_13,450,450,2798
2813,32,150001,0,user_15,450,450,2798
2798,33,150000,84800,user_3,450,450,
2830,34,150000,0,user_31,450,450,
2800,35,149999,0,user_4,450,450,2798
2803,36,149999,0,user_5,450,450,2798
2807,37,149999,0,user_7,450,450,2798
2809,38,149999,0,user_10,450,450,2798
2814,39,149999,0,user_15,450,450,2798
2816,40,130000,0,user_17,450,450,
2797,41,110000,0,user_2,450,450,
2835,42,100000,14200,user_37,450,450,
2845,43,85000,0,user_48,450,450,
2828,44,82000,0,user_29,450,450,
2831,45,79000,0,user_33,450,450,
2817,46,77000,0,user_18,450,450,
2869,0,30000000,0,user_23,451,451,
2875,1,6100000,18600,user_27,451,451,
2847,2,5000000,0,user_3,451,451,
2872,3,5000000,215000,user_25,451,451,
2891,4,5000000,0,user_41,451,451,
2892,5,5000000,0,user_44,451,451,
2882,6,4500000,0,user_33,451,451,
2880,7,3200000,0,user_33,451,451,
2866,8,2100000,5630,user_20,451,451,
2883,9,2100000,0,user_34,451,451,
2865,10,2000000,33300,user_20,451,451,
2848,11,1900000,0,user_4,451,451,
2877,12,1700000,0,user_30,451,451,
2871,13,1600000,0,user_24,451,451,
2862,14,1500000,0,user_18,451,451,
2879,15,1500000,75000,user_33,451,451,
2881,16,1500000,0,user_33,451,451,
2851,17,1200001,0,user_6,451,451,2849
2852,18,1200001,0,user_7,451,451,2849
2858,19,1200001,0,user_14,451,451,2849
2859,20,1200001,0,user_15,451,451,2849
2860,21,1200001,0,user_15,451,451,2849
2849,22,1200000,33100,user_5,451,451,
2867,23,1200000,47700,user_21,451,451,
2850,24,1199999,0,user_6,451,451,2849
2853,25,1199999,0,user_8,451,451,2849
2855,26,1199999,0,user_10,451,451,2849
2856,27,1199999,0,user_12,451,451,2849
2857,28,1199999,0,user_14,451,451,2849
2878,29,970000,0,user_31,451,451,
2874,30,910000,12300,user_26,451,451,
2893,31,910000,0,user_45,451,451,
2886,32,870000,15300,user_38,451,451,
2870,33,660000,0,user_23,451,451,
2864,34,630000,42000,user_19,451,451,
2876,35,420000,0,user_28,451,451,
2861,36,320000,0,user_17,451,451,
2894,37,320000,0,user_47,451,451,
2873,38,310000,7190000,user_25,451,451,
2885,39,220000,0,user_38,451,451,
2868,40,150000,0,user_22,451,451,
2890,41,150000,0,user_41,451,451,
2863,42,84000,0,user_18,451,451,
2887,43,82000,13900,user_38,451,451,
2895,44,80000,0,user_48,451,451,
2929,0,43000000,0,user_31,452,452,
2901,1,4500000,0,user_5,452,452,
2896,2,2400000,0,user_0,452,452,
2924,3,2100000,0,user_26,452,452,
2917,4,1500000,0,user_18,452,452,
2943,5,1500000,0,user_46,452,452,
2948,6,1500000,0,user_47,452,452,
2950,7,1500000,0,user_49,452,452,
2919,8,1400000,0,user_20,452,452,
2921,9,1100000,0,user_23,452,452,
2930,10,1000000,0,user_31,452,452,
2940,11,1000000,19700,user_42,452,452,
2914,12,910000,0,user_16,452,452,
2916,13,870000,15700,user_17,452,452,
2918,14,670000,0,user_19,452,452,
2946,15,670000,0,user_47,452,452,
2947,16,650000,0,user_47,452,452,
2942,17,630000,0,user_44,452,452,
2922,18,600000,15100,user_25,452,452,
2931,19,600000,21800,user_31,452,452,
2932,20,470000,7840,user_31,452,452,
2899,21,370000,0,user_4,452,452,
2949,22,370000,0,user_48,452,452,
2897,23,360000,0,user_2,452,452,
2920,24,320000,0,user_22,452,452,
2939,25,310000,0,user_42,452,452,
2941,26,310000,0,user_43,452,452,
2902,27,300000,0,user_6,452,452,
2934,28,220000,47700,user_38,452,452,
2944,29,220000,0,user_47,452,452,
2906,30,190001,0,user_10,452,452,2904
2908,31,190001,0,user_12,452,452,2904
2909,32,190001,0,user_13,452,452,2904
2910,33,190001,0,user_14,452,452,2904
2904,34,190000,7190000,user_8,452,452,
2907,35,189999,0,user_12,452,452,2904
2911,36,189999,0,user_14,452,452,2904
2912,37,189999,0,user_15,452,452,2904
2945,38,170000,0,user_47,452,452,
2903,39,150000,0,user_7,452,452,
2913,40,150000,0,user_16,452,452,
2923,41,120000,0,user_26,452,452,
2915,42,110000,18600,user_17,452,452,
2925,43,110000,0,user_28,452,452,
2927,44,110000,0,user_29,452,452,
2928,45,110000,43600,user_30,452,452,
2898,46,100000,0,user_4,452,452,
2926,47,85000,0,user_29,452,452,
2938,48,82000,0,user_42,452,452,
2937,49,80000,0,user_41,452,452,
2935,50,77000,155000,user_38,452,452,
2900,51,73000,0,user_5,452,452,
2981,0,43000000,0,user_36,453,453,
2974,1,27000000,0,user_26,453,453,
2979,2,6100000,0,user_34,453,453,
2978,3,5000000,0,user_33,453,453,
2969,4,4500000,0,user_21,453,453,
2962,5,2600000,0,user_16,453,453,
2992,6,2600000,0,user_44,453,453,
2988,7,2500000,0,user_39,453,453,
2952,8,2000001,0,user_4,453,453,2951
2954,9,2000001,0,user_6,453,453,2951
2957,10,2000001,0,user_12,453,453,2951
2958,11,2000001,0,user_13,453,453,2951
2959,12,2000001,0,user_13,453,453,2951
2960,13,2000001,0,user_15,453,453,2951
2951,14,2000000,66100,user_0,453,453,
2953,15,1999999,0,user_4,453,453,2951
2955,16,1999999,0,user_7,453,453,2951
2956,17,1999999,0,user_10,453,453,2951
2961,18,1999999,0,user_15,453,453,2951
2967,19,1600000,0,user_19,453,453,
2973,20,1400000,0,user_24,453,453,
2997,21,1100000,0,user_46,453,453,
2971,22,1000000,0,user_23,453,453,
2972,23,870000,0,user_23,453,453,
2999,24,870000,0,user_48,453,453,
2982,25,670000,21800,user_36,453,453,
3002,26,670000,0,user_48,453,453,
2977,27,660000,0,user_31,453,453,
2996,28,660000,545000,user_46,453,453,
2987,29,600000,0,user_38,453,453,
2985,30,460000,545000,user_37,453,453,
2963,31,420000,0,user_17,453,453,
2986,32,320000,0,user_37,453,453,
2976,33,240000,0,user_28,453,453,
2966,34,220000,23500,user_19,453,453,
3004,35,220000,0,user_49,453,453,
3000,36,190000,0,user_48,453,453,
2991,37,170000,0,user_43,453,453,
2993,38,170000,0,user_45,453,453,
2995,39,170000,0,user_46,453,453,
2965,40,160000,195000,user_18,453,453,
2968,41,160000,0,user_20,453,453,
2970,42,160000,21800,user_22,453,453,
3001,43,160000,0,user_48,453,453,
2964,44,150000,32900,user_18,453,453,
2975,45,150000,0,user_27,453,453,
2994,46,150000,164000,user_46,453,453,
2983,47,120000,0,user_37,453,453,
2984,48,120000,0,user_37,453,453,
2998,49,120000,0,user_46,453,453,
3003,50,82000,0,user_48,453,453,
2990,51,79000,0,user_42,453,453,
3035,0,27000000,0,user_39,454,454,
3022,1,4200000,0,user_20,454,454,
3018,2,3500000,0,user_16,454,454,
3041,3,1800000,0,user_44,454,454,
3026,4,1700000,0,user_26,454,454,
3025,5,1500000,0,user_23,454,454,
3005,6,1200000,0,user_2,454,454,
3027,7,910000,21800,user_26,454,454,
3040,8,670000,0,user_43,454,454,
3046,9,670000,32900,user_48,454,454,
3028,10,630000,0,user_30,454,454,
3034,11,630000,0,user_35,454,454,
3029,12,460000,0,user_31,454,454,
3020,13,420000,0,user_17,454,454,
3037,14,360000,0,user_41,454,454,
3036,15,310000,0,user_40,454,454,
3016,16,260000,0,user_16,454,454,
3038,17,220000,0,user_41,454,454,
3024,18,160000,0,user_22,454,454,
3017,19,120000,0,user_16,454,454,
3019,20,120000,0,user_16,454,454,
3023,21,120000,0,user_21,454,454,
3021,22,110000,0,user_19,454,454,
3009,23,80001,0,user_9,454,454,3007
3011,24,80001,0,user_11,454,454,3007
3015,25,80001,0,user_14,454,454,3007
3006,26,80000,0,user_3,454,454,
3007,27,80000,155000,user_6,454,454,
3039,28,80000,0,user_42,454,454,
3008,29,79999,0,user_8,454,454,3007
3010,30,79999,0,user_10,454,454,3007
3012,31,79999,0,user_11,454,454,3007
3013,32,79999,0,user_11,454,454,3007
3030,33,70000,0,user_31,454,454,
3087,0,30000000,0,user_33,455,455,
3105,1,6100000,0,user_48,455,455,
3073,2,5000000,0,user_22,455,455,
3082,3,5000000,0,user_32,455,455,
3089,4,5000000,34700,user_33,455,455,
3072,5,2400000,0,user_20,455,455,
3076,6,2400000,75000,user_26,455,455,
3069,7,2000000,0,user_18,455,455,
3081,8,1900000,0,user_31,455,455,
3079,9,1800000,0,user_28,455,455,
3075,10,1600000,15100,user_25,455,455,
3067,11,1500000,0,user_18,455,455,
3086,12,1500000,0,user_32,455,455,
3093,13,1500000,0,user_36,455,455,
3102,14,1500000,13800,user_45,455,455,
3101,15,1100000,0,user_44,455,455,
3090,16,1000000,21800,user_33,455,455,
3066,17,970000,0,user_17,455,455,
3065,18,910000,0,user_16,455,455,
3070,19,910000,0,user_19,455,455,
3083,20,910000,0,user_32,455,455,
3048,21,630001,0,user_1,455,455,3047
3049,22,630001,0,user_2,455,455,3047
3050,23,630001,0,user_3,455,455,3047
3051,24,630001,0,user_4,455,455,3047
3052,25,630001,0,user_5,455,455,3047
3055,26,630001,0,user_5,455,455,3047
3058,27,630001,0,user_6,455,455,3047
3061,28,630001,0,user_10,455,455,3047
3062,29,630001,0,user_11,455,455,3047
3047,30,630000,33300,user_0,455,455,
3053,31,629999,0,user_5,455,455,3047
3054,32,629999,0,user_5,455,455,3047
3056,33,629999,0,user_5,455,455,3047
3057,34,629999,0,user_6,455,455,3047
3059,35,629999,0,user_6,455,455,3047
3063,36,629999,0,user_12,455,455,3047
3064,37,629999,0,user_14,455,455,3047
3104,38,370000,0,user_47,455,455,
3103,39,310000,0,user_46,455,455,
3094,40,300000,0,user_37,455,455,
3099,41,300000,0,user_42,455,455,
3080,42,240000,0,user_29,455,455,
3091,43,220000,0,user_34,455,455,
3071,44,160000,0,user_20,455,455,
3074,45,160000,0,user_22,455,455,
3077,46,160000,0,user_27,455,455,
3078,47,150000,0,user_28,455,455,
3084,48,150000,0,user_32,455,455,
3100,49,150000,0,user_43,455,455,
3095,50,130000,0,user_38,455,455,
3106,51,110000,0,user_49,455,455,
3068,52,100000,0,user_18,455,455,
3098,53,83000,67900,user_42,455,455,
3085,54,70000,0,user_32,455,455,
3088,55,70000,0,user_33,455,455,
3125,0,43000000,0,user_18,456,456,
3135,1,30000000,0,user_30,456,456,
3129,2,19000000,0,user_26,456,456,
3134,3,5000000,0,user_30,456,456,
3132,4,4500000,0,user_28,456,456,
3151,5,3500000,0,user_47,456,456,
3126,6,2500000,0,user_23,456,456,
3131,7,1600000,0,user_27,456,456,
3152,8,1100000,0,user_48,456,456,
3110,9,1000000,0,user_4,456,456,
3145,10,650000,215000,user_41,456,456,
3146,11,650000,6390,user_44,456,456,
3141,12,630000,24700,user_37,456,456,
3139,13,530000,0,user_34,456,456,
3124,14,470000,0,user_17,456,456,
3114,15,460001,0,user_5,456,456,3112
3116,16,460001,0,user_6,456,456,3112
3119,17,460001,0,user_10,456,456,3112
3121,18,460001,0,user_15,456,456,3112
3112,19,460000,35600,user_4,456,456,
3113,20,459999,0,user_5,456,456,3112
3115,21,459999,0,user_6,456,456,3112
3117,22,459999,0,user_7,456,456,3112
3120,23,459999,0,user_13,456,456,3112
3122,24,459999,0,user_15,456,456,3112
3136,25,370000,0,user_30,456,456,
3149,26,370000,0,user_46,456,456,
3128,27,320000,0,user_24,456,456,
3138,28,260000,0,user_34,456,456,
3127,29,220000,0,user_23,456,456,
3150,30,170000,0,user_46,456,456,
3123,31,160000,17000,user_16,456,456,
3147,32,160000,15100,user_44,456,456,
3108,33,150000,0,user_2,456,456,
3107,34,130000,0,user_1,456,456,
3140,35,120000,0,user_36,456,456,
3143,36,120000,0,user_38,456,456,
3148,37,120000,0,user_45,456,456,
3109,38,87000,0,user_3,456,456,
3137,39,85000,0,user_30,456,456,
3133,40,84000,46500,user_28,456,456,
3111,41,82000,0,user_4,456,456,
3130,42,79000,0,user_26,456,456,
3142,43,79000,0,user_38,456,456,
3182,0,43000000,16400,user_31,457,457,
3176,1,30000000,0,user_25,457,457,
3157,2,27000000,0,user_2,457,457,
3159,3,5000000,0,user_3,457,457,
3185,4,5000000,959000,user_34,457,457,
3191,5,4200000,15300,user_39,457,457,
3195,6,4200000,0,user_42,457,457,
3155,7,3500000,0,user_1,457,457,
3165,8,1900001,0,user_9,457,457,3164
3167,9,1900001,0,user_9,457,457,3164
3170,10,1900001,0,user_15,457,457,3164
3164,11,1900000,5180,user_8,457,457,
3190,12,1900000,0,user_39,457,457,
3166,13,1899999,0,user_9,457,457,3164
3169,14,1899999,0,user_13,457,457,3164
3178,15,1600000,0,user_26,457,457,
3173,16,1500000,0,user_21,457,457,
3186,17,1500000,0,user_35,457,457,
3189,18,1500000,0,user_38,457,457,
3199,19,1100000,21800,user_46,457,457,
3160,20,970000,0,user_4,457,457,
3202,21,970000,5630,user_46,457,457,
3161,22,870000,0,user_5,457,457,
3196,23,670000,0,user_44,457,457,
3158,24,650000,0,user_3,457,457,
3154,25,600000,0,user_0,457,457,
3198,26,530000,0,user_46,457,457,
3174,27,420000,0,user_22,457,457,
3187,28,420000,0,user_37,457,457,
3175,29,370000,0,user_23,457,457,
3203,30,360000,0,user_47,457,457,
3177,31,260000,0,user_26,457,457,
3179,32,260000,0,user_26,457,457,
3184,33,260000,0,user_33,457,457,
3156,34,220000,0,user_1,457,457,
3163,35,220000,0,user_6,457,457,
3188,36,220000,410000,user_38,457,457,
3200,37,220000,0,user_46,457,457,
3181,38,170000,0,user_31,457,457,
3205,39,170000,0,user_49,457,457,
3171,40,160000,0,user_18,457,457,
3180,41,160000,0,user_28,457,457,
3194,42,120000,0,user_41,457,457,
3197,43,120000,0,user_44,457,457,
3201,44,120000,0,user_46,457,457,
3162,45,110000,0,user_5,457,457,
3153,46,85000,0,user_0,457,457,
3172,47,83000,0,user_20,457,457,
3229,0,19000000,0,user_23,458,458,
3238,1,4500000,0,user_31,458,458,
3253,2,4500000,0,user_47,458,458,
3232,3,1700000,100000,user_26,458,458,
3242,4,1600000,35600,user_35,458,458,
3225,5,1500000,0,user_18,458,458,
3244,6,1500000,0,user_37,458,458,
3251,7,1500000,0,user_43,458,458,
3240,8,1100000,0,user_33,458,458,
3231,9,1000000,121000,user_26,458,458,
3226,10,420000,0,user_20,458,458,
3243,11,420000,0,user_36,458,458,
3246,12,420000,0,user_40,458,458,
3233,13,350000,23500,user_27,458,458,
3254,14,310000,35600,user_48,458,458,
3235,15,220000,0,user_28,458,458,
3237,16,220000,71800,user_30,458,458,
3210,17,160001,0,user_3,458,458,3206
3211,18,160001,0,user_3,458,458,3206
3215,19,160001,0,user_7,458,458,3206
3218,20,160001,0,user_9,458,458,3206
3222,21,160001,0,user_13,458,458,3206
3206,22,160000,381000,user_0,458,458,
3241,23,160000,30200,user_33,458,458,
3245,24,160000,0,user_39,458,458,
3207,25,159999,0,user_1,458,458,3206
3208,26,159999,0,user_1,458,458,3206
3209,27,159999,0,user_2,458,458,3206
3213,28,159999,0,user_7,458,458,3206
3214,29,159999,0,user_7,458,458,3206
3216,30,159999,0,user_7,458,458,3206
3217,31,159999,0,user_8,458,458,3206
3221,32,159999,0,user_12,458,458,3206
3223,33,159999,0,user_15,458,458,3206
3228,34,120000,0,user_21,458,458,
3239,35,120000,0,user_32,458,458,
3252,36,120000,0,user_44,458,458,
3234,37,100000,0,user_28,458,458,
3255,38,100000,0,user_49,458,458,
3224,39,98000,0,user_16,458,458,
3227,40,85000,0,user_21,458,458,
3236,41,77000,17000,user_29,458,458,
3292,0,43000000,0,user_30,459,459,
3302,1,30000000,0,user_39,459,459,
3293,2,5200000,0,user_31,459,459,
3283,3,5000000,0,user_28,459,459,
3284,4,5000000,0,user_28,459,459,
3289,5,5000000,0,user_29,459,459,
3261,6,3500001,0,user_2,459,459,3259
3262,7,3500001,0,user_2,459,459,3259
3263,8,3500001,0,user_2,459,459,3259
3264,9,3500001,0,user_2,459,459,3259
3265,10,3500001,0,user_4,459,459,3259
3268,11,3500001,0,user_9,459,459,3259
3269,12,3500001,0,user_9,459,459,3259
3259,13,3500000,959000,user_1,459,459,
3273,14,3500000,0,user_16,459,459,
3281,15,3500000,35600,user_26,459,459,
3260,16,3499999,0,user_1,459,459,3259
3266,17,3499999,0,user_6,459,459,3259
3267,18,3499999,0,user_8,459,459,3259
3270,19,3499999,0,user_11,459,459,3259
3272,20,3499999,0,user_13,459,459,3259
3296,21,3200000,0,user_34,459,459,
3308,22,2600000,32900,user_45,459,459,
3300,23,2100000,0,user_37,459,459,
3290,24,2000000,30200,user_29,459,459,
3309,25,1900000,0,user_46,459,459,
3297,26,1500000,0,user_35,459,459,
3310,27,910000,0,user_47,459,459,
3286,28,460000,15100,user_28,459,459,
3298,29,460000,0,user_36,459,459,
3278,30,370000,0,user_23,459,459,
3256,31,310000,0,user_0,459,459,
3299,32,260000,0,user_36,459,459,
3282,33,220000,369000,user_27,459,459,
3291,34,220000,0,user_29,459,459,
3306,35,170000,0,user_43,459,459,
3313,36,170000,0,user_49,459,459,
3257,37,160000,0,user_1,459,459,
3295,38,150000,0,user_33,459,459,
3287,39,100000,0,user_28,459,459,
3307,40,100000,0,user_44,459,459,
3258,41,98000,0,user_1,459,459,
3305,42,98000,0,user_42,459,459,
3285,43,87000,100000,user_28,459,459,
3301,44,84000,108000,user_37,459,459,
3277,45,80000,100000,user_22,459,459,
3288,46,80000,0,user_29,459,459,
3276,47,79000,410000,user_22,459,459,
3275,48,73000,0,user_21,459,459,
3342,0,27000000,0,user_27,460,460,
3340,1,5000000,0,user_24,460,460,
3353,2,5000000,0,user_42,460,460,
3343,3,3600000,15700,user_28,460,460,
3346,4,2600000,0,user_31,460,460,
3332,5,2100000,0,user_16,460,460,
3348,6,2000000,0,user_32,460,460,
3334,7,1400000,0,user_17,460,460,
3337,8,1400000,0,user_21,460,460,
3351,9,1400000,0,user_37,460,460,
3333,10,1000000,0,user_17,460,460,
3336,11,1000000,0,user_19,460,460,
3341,12,650000,0,user_25,460,460,
3344,13,650000,0,user_29,460,460,
3349,14,360000,0,user_33,460,460,
3345,15,310000,0,user_30,460,460,
3347,16,310000,0,user_31,460,460,
3354,17,310000,0,user_44,460,460,
3338,18,170000,0,user_22,460,460,
3339,19,170000,0,user_23,460,460,
3315,20,150001,0,user_2,460,460,3314
3317,21,150001,0,user_3,460,460,3314
3320,22,150001,0,user_3,460,460,3314
3322,23,150001,0,user_5,460,460,3314
3324,24,150001,0,user_6,460,460,3314
3325,25,150001,0,user_7,460,460,3314
3326,26,150001,0,user_8,460,460,3314
3328,27,150001,0,user_10,460,460,3314
3329,28,150001,0,user_12,460,460,3314
3314,29,150000,75000,user_0,460,460,
3355,30,150000,0,user_46,460,460,
3316,31,149999,0,user_2,460,460,3314
3318,32,149999,0,user_3,460,460,3314
3319,33,149999,0,user_3,460,460,3314
3321,34,149999,0,user_3,460,460,3314
3323,35,149999,0,user_6,460,460,3314
3330,36,149999,0,user_14,460,460,3314
3331,37,149999,0,user_15,460,460,3314
3335,38,98000,0,user_18,460,460,
3400,0,30000000,0,user_46,461,461,
3375,1,5000000,0,user_16,461,461,
3392,2,3200000,18600,user_38,461,461,
3357,3,2600001,0,user_1,461,461,3356
3360,4,2600001,0,user_3,461,461,3356
3363,5,2600001,0,user_8,461,461,3356
3364,6,2600001,0,user_8,461,461,3356
3365,7,2600001,0,user_8,461,461,3356
3371,8,2600001,0,user_13,461,461,3356
3372,9,2600001,0,user_13,461,461,3356
3373,10,2600001,0,user_14,461,461,3356
3374,11,2600001,0,user_15,461,461,3356
3356,12,2600000,68100,user_0,461,461,
3358,13,2599999,0,user_2,461,461,3356
3359,14,2599999,0,user_3,461,461,3356
3361,15,2599999,0,user_4,461,461,3356
3362,16,2599999,0,user_4,461,461,3356
3366,17,2599999,0,user_9,461,461,3356
3367,18,2599999,0,user_9,461,461,3356
3368,19,2599999,0,user_10,461,461,3356
3369,20,2599999,0,user_10,461,461,3356
3390,21,1900000,215000,user_36,461,461,
3388,22,1800000,0,user_35,461,461,
3380,23,1700000,0,user_22,461,461,
3397,24,1700000,0,user_43,461,461,
3377,25,1400000,0,user_17,461,461,
3385,26,1000000,0,user_31,461,461,
3396,27,870000,73100,user_42,461,461,
3398,28,600000,0,user_44,461,461,
3399,29,600000,0,user_46,461,461,
3395,30,350000,0,user_41,461,461,
3384,31,340000,0,user_30,461,461,
3387,32,300000,0,user_33,461,461,
3389,33,260000,594000,user_35,461,461,
3379,34,160000,0,user_21,461,461,
3381,35,120000,0,user_23,461,461,
3376,36,87000,0,user_17,461,461,
3383,37,87000,0,user_29,461,461,
3391,38,87000,0,user_36,461,461,
3401,39,80000,0,user_47,461,461,
3450,0,43000000,128000,user_42,462,462,
3454,1,19000000,164000,user_49,462,462,
3431,2,6300000,14200,user_28,462,462,
3434,3,6300000,35600,user_28,462,462,
3437,4,5000000,0,user_29,462,462,
3408,5,2500000,0,user_4,462,462,
3451,6,2400000,121000,user_44,462,462,
3439,7,2100000,0,user_29,462,462,
3405,8,2000000,0,user_2,462,462,
3429,9,2000000,0,user_25,462,462,
3445,10,2000000,0,user_36,462,462,
3428,11,1900000,0,user_25,462,462,
3440,12,1600000,0,user_30,462,462,
3426,13,1400000,0,user_22,462,462,
3453,14,1400000,75000,user_48,462,462,
3427,15,1300000,4320000,user_25,462,462,
3442,16,1000000,0,user_31,462,462,
3422,17,970000,35100,user_18,462,462,
3446,18,670000,0,user_37,462,462,
3436,19,660000,0,user_29,462,462,
3447,20,660000,73100,user_37,462,462,
3412,21,630001,0,user_6,462,462,3410
3415,22,630001,0,user_9,462,462,3410
3420,23,630001,0,user_15,462,462,3410
3410,24,630000,12300,user_5,462,462,
3411,25,629999,0,user_6,462,462,3410
3413,26,629999,0,user_6,462,462,3410
3414,27,629999,0,user_7,462,462,3410
3416,28,629999,0,user_10,462,462,3410
3417,29,629999,0,user_11,462,462,3410
3418,30,629999,0,user_12,462,462,3410
3419,31,629999,0,user_14,462,462,3410
3424,32,530000,0,user_20,462,462,
3435,33,370000,0,user_29,462,462,
3441,34,350000,13900,user_31,462,462,
3421,35,190000,0,user_16,462,462,
3406,36,170000,0,user_3,462,462,
3444,37,160000,0,user_35,462,462,
3409,38,150000,0,user_5,462,462,
3423,39,130000,0,user_19,462,462,
3407,40,120000,0,user_4,462,462,
3430,41,120000,121000,user_26,462,462,
3425,42,98000,0,user_22,462,462,
3438,43,98000,0,user_29,462,462,
3433,44,87000,0,user_28,462,462,
3449,45,85000,0,user_40,462,462,
3448,46,82000,64600,user_38,462,462,
3432,47,79000,64600,user_28,462,462,
3487,0,30000000,0,user_34,463,463,
3455,1,2000000,0,user_0,463,463,
3489,2,2000000,0,user_37,463,463,
3475,3,1800000,0,user_21,463,463,
3473,4,1600000,545000,user_19,463,463,
3471,5,1300000,34700,user_16,463,463,
3486,6,1100000,0,user_34,463,463,
3474,7,970000,0,user_21,463,463,
3491,8,670000,17700000,user_37,463,463,
3490,9,460000,0,user_37,463,463,
3476,10,360000,17000,user_22,463,463,
3482,11,360000,0,user_31,463,463,
3498,12,350000,0,user_44,463,463,
3458,13,310001,0,user_1,463,463,3456
3460,14,310001,0,user_2,463,463,3456
3464,15,310001,0,user_8,463,463,3456
3465,16,310001,0,user_8,463,463,3456
3466,17,310001,0,user_10,463,463,3456
3469,18,310001,0,user_14,463,463,3456
3456,19,310000,7840,user_0,463,463,
3457,20,309999,0,user_0,463,463,3456
3459,21,309999,0,user_2,463,463,3456
3461,22,309999,0,user_3,463,463,3456
3462,23,309999,0,user_3,463,463,3456
3463,24,309999,0,user_4,463,463,3456
3468,25,309999,0,user_12,463,463,3456
3470,26,309999,0,user_15,463,463,3456
3485,27,170000,0,user_34,463,463,
3472,28,160000,0,user_18,463,463,
3479,29,150000,0,user_25,463,463,
3480,30,120000,0,user_26,463,463,
3502,31,120000,17700000,user_49,463,463,
3481,32,110000,0,user_27,463,463,
3503,33,110000,0,user_49,463,463,
3483,34,100000,0,user_32,463,463,
3477,35,87000,7840,user_22,463,463,
3499,36,87000,34700,user_47,463,463,
3478,37,85000,0,user_24,463,463,
3497,38,83000,0,user_43,463,463,
3484,39,79000,0,user_33,463,463,
3500,40,77000,0,user_48,463,463,
3501,41,73000,0,user_49,463,463,
3534,0,30000000,0,user_30,464,464,
3531,1,2300000,0,user_21,464,464,
3536,2,2300000,0,user_34,464,464,
3519,3,2100000,0,user_16,464,464,
3540,4,2000000,5640,user_42,464,464,
3506,5,1900000,0,user_1,464,464,
3508,6,1800001,0,user_6,464,464,3507
3509,7,1800001,0,user_6,464,464,3507
3512,8,1800001,0,user_11,464,464,3507
3515,9,1800001,0,user_13,464,464,3507
3516,10,1800001,0,user_14,464,464,3507
3517,11,1800001,0,user_15,464,464,3507
3507,12,1800000,6390,user_4,464,464,
3510,13,1799999,0,user_7,464,464,3507
3513,14,1799999,0,user_11,464,464,3507
3514,15,1799999,0,user_12,464,464,3507
3526,16,1700000,12800,user_18,464,464,
3532,17,1600000,0,user_21,464,464,
3504,18,1500000,0,user_1,464,464,
3521,19,1500000,0,user_17,464,464,
3530,20,1500000,7840,user_21,464,464,
3524,21,1400000,0,user_17,464,464,
3541,22,1400000,35100,user_43,464,464,
3537,23,1100000,0,user_36,464,464,
3518,24,1000000,15700,user_16,464,464,
3543,25,1000000,0,user_43,464,464,
3547,26,1000000,0,user_45,464,464,
3542,27,660000,0,user_43,464,464,
3529,28,460000,0,user_21,464,464,
3533,29,460000,0,user_22,464,464,
3505,30,370000,0,user_1,464,464,
3535,31,300000,0,user_31,464,464,
3549,32,240000,0,user_48,464,464,
3523,33,220000,0,user_17,464,464,
3527,34,220000,181000,user_19,464,464,
3544,35,220000,10700,user_44,464,464,
3520,36,190000,0,user_17,464,464,
3538,37,130000,0,user_38,464,464,
3525,38,120000,43600,user_18,464,464,
3546,39,120000,0,user_45,464,464,
3522,40,110000,0,user_17,464,464,
3548,41,100000,0,user_47,464,464,
3528,42,87000,0,user_20,464,464,
3545,43,87000,1100000,user_44,464,464,
3573,0,43000000,0,user_26,465,465,
3575,1,43000000,0,user_29,465,465,
3583,2,19000000,0,user_41,465,465,
3587,3,19000000,0,user_46,465,465,
3574,4,6300000,0,user_27,465,465,
3577,5,5000000,0,user_37,465,465,
3585,6,3200000,0,user_43,465,465,
3572,7,2400000,32900,user_24,465,465,
3588,8,2100000,71800,user_46,465,465,
3554,9,2000001,0,user_5,465,465,3553
3558,10,2000001,0,user_11,465,465,3553
3560,11,2000001,0,user_14,465,465,3553
3561,12,2000001,0,user_14,465,465,3553
3562,13,2000001,0,user_14,465,465,3553
3552,14,2000000,0,user_2,465,465,
3553,15,2000000,24700,user_4,465,465,
3556,16,1999999,0,user_10,465,465,3553
3557,17,1999999,0,user_10,465,465,3553
3559,18,1999999,0,user_14,465,465,3553
3563,19,1900000,17000,user_18,465,465,
3581,20,1900000,0,user_39,465,465,
3584,21,1800000,779000,user_42,465,465,
3565,22,1700000,0,user_19,465,465,
3570,23,1500000,0,user_23,465,465,
3579,24,660000,0,user_38,465,465,
3592,25,630000,0,user_47,465,465,
3580,26,530000,68100,user_38,465,465,
3567,27,470000,15700,user_19,465,465,
3576,28,460000,0,user_36,465,465,
3551,29,310000,0,user_0,465,465,
3550,30,300000,0,user_0,465,465,
3571,31,240000,0,user_24,465,465,
3568,32,170000,84800,user_21,465,465,
3589,33,170000,0,user_46,465,465,
3564,34,160000,0,user_18,465,465,
3586,35,150000,0,user_46,465,465,
3590,36,150000,0,user_46,465,465,
3594,37,130000,0,user_49,465,465,
3569,38,120000,545000,user_22,465,465,
3593,39,120000,0,user_49,465,465,
3566,40,110000,0,user_19,465,465,
3591,41,87000,17000,user_47,465,465,
3578,42,85000,0,user_38,465,465,
3624,0,27000000,322000,user_32,466,466,
3643,1,27000000,0,user_46,466,466,
3628,2,6300000,0,user_34,466,466,
3616,3,6100000,24700,user_21,466,466,
3595,4,5000000,0,user_0,466,466,
3615,5,5000000,0,user_20,466,466,
3629,6,4500000,0,user_36,466,466,
3634,7,3600000,594000,user_42,466,466,
3603,8,2500000,0,user_7,466,466,
3619,9,2300000,0,user_28,466,466,
3598,10,2000000,0,user_3,466,466,
3599,11,2000000,0,user_4,466,466,
3613,12,1500000,0,user_19,466,466,
3601,13,1400000,0,user_5,466,466,
3625,14,1400000,0,user_32,466,466,
3612,15,1100000,0,user_17,466,466,
3630,16,1100000,0,user_37,466,466,
3641,17,1100000,0,user_46,466,466,
3626,18,910000,67500,user_33,466,466,
3636,19,910000,0,user_44,466,466,
3622,20,630000,0,user_30,466,466,
3637,21,530000,0,user_44,466,466,
3621,22,420000,769000,user_30,466,466,
3645,23,360000,0,user_48,466,466,
3642,24,340000,0,user_46,466,466,
3602,25,320000,0,user_6,466,466,
3597,26,300000,0,user_2,466,466,
3635,27,240000,0,user_43,466,466,
3644,28,240000,0,user_47,466,466,
3631,29,220000,0,user_38,466,466,
3618,30,190000,0,user_26,466,466,
3620,31,170000,0,user_29,466,466,
3633,32,150000,0,user_41,466,466,
3638,33,150000,0,user_44,466,466,
3639,34,130000,0,user_44,466,466,
3608,35,120001,0,user_15,466,466,3604
3611,36,120001,0,user_15,466,466,3604
3606,37,119999,0,user_11,466,466,3604
3607,38,119999,0,user_12,466,466,3604
3609,39,119999,0,user_15,466,466,3604
3610,40,119999,0,user_15,466,466,3604
3600,41,110000,0,user_5,466,466,
3614,42,110000,0,user_19,466,466,
3623,43,85000,5180,user_32,466,466,
3640,44,83000,13900,user_44,466,466,
3596,45,80000,0,user_1,466,466,
3627,46,79000,18600,user_34,466,466,
3646,47,77000,0,user_48,466,466,
3617,48,73000,0,user_21,466,466,
3689,0,27000000,10700,user_40,467,467,
3686,1,19000000,0,user_37,467,467,
3673,2,3600000,0,user_25,467,467,
3649,3,2300000,0,user_2,467,467,
3671,4,2100000,0,user_20,467,467,
3660,5,1900000,0,user_8,467,467,
3659,6,1600000,0,user_8,467,467,
3672,7,1500000,0,user_24,467,467,
3675,8,1500000,0,user_27,467,467,
3684,9,1000000,0,user_34,467,467,
3663,10,910000,0,user_11,467,467,
3676,11,650000,0,user_28,467,467,
3658,12,630000,0,user_8,467,467,
3662,13,630000,0,user_10,467,467,
3680,14,600000,0,user_32,467,467,
3677,15,470000,0,user_29,467,467,
3651,16,460000,0,user_4,467,467,
3669,17,460000,0,user_20,467,467,
3679,18,420000,0,user_31,467,467,
3685,19,420000,0,user_36,467,467,
3661,20,370000,0,user_9,467,467,
3653,21,350000,0,user_5,467,467,
3693,22,350000,0,user_45,467,467,
3666,23,320000,0,user_15,467,467,
3678,24,320000,0,user_29,467,467,
3665,25,310000,0,user_15,467,467,
3691,26,300000,33100,user_42,467,467,
3655,27,220000,0,user_6,467,467,
3674,28,170000,34700,user_25,467,467,
3687,29,170000,14200,user_38,467,467,
3654,30,160000,0,user_6,467,467,
3657,31,150000,0,user_8,467,467,
3688,32,150000,0,user_38,467,467,
3647,33,120000,0,user_0,467,467,
3656,34,120000,0,user_8,467,467,
3670,35,120000,0,user_20,467,467,
3664,36,110000,0,user_12,467,467,
3652,37,100000,0,user_4,467,467,
3667,38,85000,0,user_16,467,467,
3668,39,73000,0,user_19,467,467,
3681,40,73000,0,user_32,467,467,
1871,0,19000000,0,user_39,468,468,
1855,1,6100000,0,user_18,468,468,
1863,2,4500000,0,user_29,468,468,
1880,3,4500000,0,user_46,468,468,
1837,4,4200000,0,user_3,468,468,
1879,5,3500000,0,user_45,468,468,
1853,6,2400000,0,user_17,468,468,
1877,7,2000000,0,user_45,468,468,
1878,8,2000000,43600,user_45,468,468,
1884,9,2000000,5630,user_48,468,468,
1870,10,1700000,0,user_38,468,468,
1869,11,1600000,0,user_37,468,468,
1852,12,1500000,56200,user_16,468,468,
1854,13,1500000,0,user_18,468,468,
1875,14,1400000,0,user_45,468,468,
1881,15,1400000,0,user_47,468,468,
1832,16,1200000,0,user_0,468,468,
1833,17,1100000,0,user_1,468,468,
1856,18,1100000,0,user_18,468,468,
1868,19,1100000,13800,user_36,468,468,
1851,20,970000,0,user_16,468,468,
1838,21,910000,0,user_5,468,468,
1882,22,910000,0,user_47,468,468,
1842,23,630001,0,user_11,468,468,1839
1843,24,630001,0,user_13,468,468,1839
1845,25,630001,0,user_14,468,468,1839
1849,26,630001,0,user_15,468,468,1839
1839,27,630000,285000,user_7,468,468,
1840,28,629999,0,user_7,468,468,1839
1841,29,629999,0,user_10,468,468,1839
1844,30,629999,0,user_13,468,468,1839
1846,31,629999,0,user_15,468,468,1839
1847,32,629999,0,user_15,468,468,1839
1848,33,629999,0,user_15,468,468,1839
1850,34,629999,0,user_15,468,468,1839
1836,35,460000,0,user_3,468,468,
1864,36,460000,0,user_30,468,468,
1865,37,460000,21800,user_33,468,468,
1835,38,360000,0,user_2,468,468,
1866,39,350000,13900,user_34,468,468,
1876,40,350000,0,user_45,468,468,
1883,41,240000,0,user_48,468,468,
1858,42,220000,17000,user_23,468,468,
1859,43,170000,0,user_26,468,468,
1861,44,160000,0,user_28,468,468,
1834,45,150000,0,user_1,468,468,
1872,46,110000,0,user_41,468,468,
1862,47,84000,0,user_29,468,468,
1860,48,82000,0,user_26,468,468,
1873,49,80000,0,user_43,468,468,
1874,50,80000,0,user_44,468,468,
1857,51,70000,0,user_19,468,468,
1932,0,43000000,0,user_42,469,469,
1903,1,27000000,17000,user_19,469,469,
1924,2,27000000,0,user_33,469,469,
1907,3,6300000,0,user_24,469,469,
1926,4,5000000,0,user_35,469,469,
1905,5,4500000,0,user_23,469,469,
1936,6,3600000,0,user_44,469,469,
1913,7,2600000,0,user_28,469,469,
1920,8,2500000,12800,user_30,469,469,
1901,9,2100000,0,user_17,469,469,
1908,10,2000000,0,user_24,469,469,
1909,11,1800000,0,user_25,469,469,
1922,12,1800000,0,user_31,469,469,
1911,13,1600000,0,user_25,469,469,
1918,14,1600000,769000,user_30,469,469,
1917,15,1400000,16400,user_29,469,469,
1925,16,1300000,18600,user_35,469,469,
1931,17,1000000,0,user_42,469,469,
1933,18,1000000,17000,user_42,469,469,
1902,19,970000,0,user_19,469,469,
1912,20,910000,0,user_25,469,469,
1910,21,660000,0,user_25,469,469,
1927,22,660000,0,user_37,469,469,
1919,23,650000,0,user_30,469,469,
1934,24,530000,0,user_42,469,469,
1914,25,310000,0,user_28,469,469,
1939,26,310000,0,user_48,469,469,
1915,27,260000,0,user_28,469,469,
1921,28,220000,0,user_30,469,469,
1940,29,220000,64600,user_49,469,469,
1929,30,170000,0,user_38,469,469,
1888,31,160001,0,user_4,469,469,1887
1890,32,160001,0,user_7,469,469,1887
1891,33,160001,0,user_7,469,469,1887
1893,34,160001,0,user_9,469,469,1887
1894,35,160001,0,user_9,469,469,1887
1897,36,160001,0,user_11,469,469,1887
1898,37,160001,0,user_12,469,469,1887
1899,38,160001,0,user_14,469,469,1887
1900,39,160001,0,user_15,469,469,1887
1887,40,160000,231000,user_2,469,469,
1906,41,160000,0,user_24,469,469,
1889,42,159999,0,user_5,469,469,1887
1892,43,159999,0,user_8,469,469,1887
1895,44,159999,0,user_10,469,469,1887
1896,45,159999,0,user_11,469,469,1887
1916,46,150000,0,user_28,469,469,
1928,47,120000,0,user_38,469,469,
1904,48,98000,0,user_21,469,469,
1930,49,87000,0,user_41,469,469,
1935,50,87000,0,user_42,469,469,
1937,51,77000,0,user_44,469,469,
1984,0,27000000,12300,user_35,470,470,
1987,1,27000000,0,user_40,470,470,
1976,2,19000000,0,user_25,470,470,
1991,3,19000000,36800,user_44,470,470,
1974,4,6300000,0,user_22,470,470,
1972,5,6100000,33300,user_21,470,470,
1995,6,2600000,17000,user_45,470,470,
1981,7,2500000,0,user_30,470,470,
1970,8,2400000,0,user_18,470,470,
1942,9,2300000,0,user_0,470,470,
1983,10,2000000,0,user_35,470,470,
1985,11,2000000,4320000,user_36,470,470,
1989,12,2000000,0,user_43,470,470,
1969,13,1900000,0,user_16,470,470,
1978,14,1300000,0,user_28,470,470,
1990,15,1000000,0,user_43,470,470,
1992,16,670000,164000,user_45,470,470,
1993,17,670000,381000,user_45,470,470,
1979,18,600000,0,user_28,470,470,
1988,19,600000,0,user_41,470,470,
1941,20,310000,0,user_0,470,470,
1994,21,300000,0,user_45,470,470,
1998,22,300000,0,user_48,470,470,
1996,23,170000,0,user_46,470,470,
1986,24,150000,0,user_37,470,470,
2000,25,150000,0,user_49,470,470,
1980,26,110000,0,user_29,470,470,
1944,27,87001,0,user_2,470,470,1943
1945,28,87001,0,user_4,470,470,1943
1946,29,87001,0,user_6,470,470,1943
1954,30,87001,0,user_11,470,470,1943
1963,31,87001,0,user_14,470,470,1943
1964,32,87001,0,user_14,470,470,1943
1967,33,87001,0,user_14,470,470,1943
1968,34,87001,0,user_15,470,470,1943
1943,35,87000,15700,user_1,470,470,
1951,36,86999,0,user_10,470,470,1943
1952,37,86999,0,user_11,470,470,1943
1953,38,86999,0,user_11,470,470,1943
1955,39,86999,0,user_11,470,470,1943
1956,40,86999,0,user_11,470,470,1943
1965,41,86999,0,user_14,470,470,1943
1966,42,86999,0,user_14,470,470,1943
1999,43,77000,0,user_48,470,470,
1973,44,73000,0,user_22,470,470,
2014,0,19000000,0,user_19,471,471,
2027,1,6300000,0,user_36,471,471,
2029,2,5200000,0,user_37,471,471,
2026,3,5000000,128000,user_34,471,471,
2022,4,4200000,108000,user_28,471,471,
2024,5,4200000,0,user_31,471,471,
2039,6,2600000,0,user_47,471,471,
2015,7,2500000,8520,user_21,471,471,
2030,8,2500000,0,user_39,471,471,
2011,9,2400000,73100,user_17,471,471,
2023,10,2400000,0,user_29,471,471,
2035,11,1800000,0,user_42,471,471,
2018,12,1600000,0,user_23,471,471,
2021,13,1600000,0,user_26,471,471,
2038,14,1500000,4320000,user_45,471,471,
2020,15,1100000,0,user_26,471,471,
2034,16,1000000,0,user_42,471,471,
2032,17,910000,0,user_41,471,471,
2012,18,870000,0,user_17,471,471,
2028,19,460000,0,user_36,471,471,
2040,20,360000,0,user_48,471,471,
2043,21,340000,0,user_49,471,471,
2013,22,320000,0,user_18,471,471,
2033,23,300000,0,user_42,471,471,
2025,24,170000,0,user_33,471,471,
2037,25,170000,0,user_44,471,471,
2017,26,160000,0,user_22,471,471,
2019,27,150000,0,user_24,471,471,
2036,28,150000,0,user_42,471,471,
2042,29,150000,0,user_48,471,471,
2016,30,120000,15100,user_22,471,471,
2041,31,120000,0,user_48,471,471,
2002,32,83001,0,user_5,471,471,2001
2004,33,83001,0,user_6,471,471,2001
2006,34,83001,0,user_10,471,471,2001
2009,35,83001,0,user_12,471,471,2001
2010,36,83001,0,user_14,471,471,2001
2001,37,83000,231000,user_3,471,471,
2003,38,82999,0,user_5,471,471,2001
2007,39,82999,0,user_11,471,471,2001
2008,40,82999,0,user_11,471,471,2001
2059,0,43000000,0,user_16,472,472,
2088,1,6100000,381000,user_40,472,472,
2083,2,5000000,0,user_37,472,472,
2094,3,5000000,0,user_46,472,472,
2090,4,2300000,0,user_42,472,472,
2095,5,2000000,0,user_47,472,472,
2084,6,1900000,0,user_37,472,472,
2067,7,1700000,14200,user_19,472,472,
2062,8,1600000,0,user_16,472,472,
2070,9,1500000,0,user_22,472,472,
2077,10,1500000,6390,user_28,472,472,
2044,11,1100000,0,user_1,472,472,
2079,12,1100000,0,user_32,472,472,
2064,13,970000,0,user_17,472,472,
2063,14,670000,0,user_17,472,472,
2078,15,670000,19700,user_28,472,472,
2047,16,660001,0,user_2,472,472,2046
2049,17,660001,0,user_3,472,472,2046
2050,18,660001,0,user_4,472,472,2046
2051,19,660001,0,user_6,472,472,2046
2052,20,660001,0,user_6,472,472,2046
2054,21,660001,0,user_9,472,472,2046
2057,22,660001,0,user_11,472,472,2046
2058,23,660001,0,user_13,472,472,2046
2046,24,660000,11200,user_2,472,472,
2066,25,660000,0,user_19,472,472,
2091,26,660000,0,user_43,472,472,
2048,27,659999,0,user_2,472,472,2046
2053,28,659999,0,user_8,472,472,2046
2056,29,659999,0,user_11,472,472,2046
2045,30,370000,0,user_2,472,472,
2082,31,360000,0,user_35,472,472,
2060,32,320000,0,user_16,472,472,
2089,33,310000,0,user_42,472,472,
2080,34,260000,0,user_33,472,472,
2081,35,220000,959000,user_35,472,472,
2092,36,170000,0,user_45,472,472,
2065,37,150000,0,user_18,472,472,
2068,38,120000,0,user_21,472,472,
2085,39,87000,0,user_38,472,472,
2061,40,80000,0,user_16,472,472,
2069,41,80000,0,user_21,472,472,
2093,42,70000,30200,user_46,472,472,
2098,0,27000000,0,user_1,473,473,
2118,1,27000000,100000,user_18,473,473,
2125,2,27000000,0,user_26,473,473,
2121,3,19000000,0,user_19,473,473,
2130,4,5000000,164000,user_31,473,473,
2101,5,4500000,0,user_7,473,473,
2122,6,3600000,0,user_23,473,473,
2097,7,2400000,0,user_0,473,473,
2124,8,2000000,0,user_25,473,473,
2143,9,1600000,0,user_47,473,473,
2137,10,1500000,0,user_40,473,473,
2117,11,1400000,0,user_18,473,473,
2142,12,530000,73100,user_45,473,473,
2104,13,420001,0,user_9,473,473,2103
2105,14,420001,0,user_9,473,473,2103
2106,15,420001,0,user_9,473,473,2103
2109,16,420001,0,user_11,473,473,2103
2113,17,420001,0,user_11,473,473,2103
2114,18,420001,0,user_12,473,473,2103
2103,19,420000,164000,user_9,473,473,
2126,20,420000,0,user_27,473,473,
2107,21,419999,0,user_9,473,473,2103
2108,22,419999,0,user_10,473,473,2103
2110,23,419999,0,user_11,473,473,2103
2111,24,419999,0,user_11,473,473,2103
2112,25,419999,0,user_11,473,473,2103
2115,26,419999,0,user_13,473,473,2103
2102,27,310000,0,user_8,473,473,
2129,28,310000,0,user_30,473,473,
2099,29,300000,0,user_2,473,473,
2135,30,300000,42000,user_39,473,473,
2136,31,260000,0,user_40,473,473,
2141,32,190000,0,user_45,473,473,
2123,33,160000,0,user_24,473,473,
2116,34,120000,0,user_17,473,473,
2119,35,110000,0,user_18,473,473,
2138,36,110000,0,user_41,473,473,
2131,37,100000,0,user_33,473,473,
2128,38,84000,0,user_29,473,473,
2120,39,83000,0,user_18,473,473,
2134,40,79000,0,user_38,473,473,
2132,41,77000,0,user_35,473,473,
2174,0,43000000,0,user_26,474,474,
2186,1,43000000,0,user_37,474,474,
2162,2,27000000,0,user_16,474,474,
2187,3,27000000,1100000,user_37,474,474,
2151,4,3500000,0,user_7,474,474,
2148,5,2500000,0,user_5,474,474,
2167,6,2500000,14200,user_18,474,474,
2181,7,2000000,0,user_33,474,474,
2172,8,1900000,0,user_25,474,474,
2153,9,1800000,0,user_9,474,474,
2190,10,1800000,0,user_39,474,474,
2146,11,1600000,0,user_3,474,474,
2189,12,1400000,195000,user_38,474,474,
2203,13,1400000,0,user_48,474,474,
2173,14,1100000,0,user_26,474,474,
2171,15,1000000,0,user_24,474,474,
2175,16,1000000,0,user_26,474,474,
2150,17,600000,0,user_6,474,474,
2197,18,470000,13800,user_42,474,474,
2178,19,350000,0,user_29,474,474,
2191,20,340000,0,user_40,474,474,
2198,21,300000,0,user_43,474,474,
2157,22,260001,0,user_12,474,474,2155
2158,23,260001,0,user_12,474,474,2155
2155,24,260000,33100,user_10,474,474,
2156,25,259999,0,user_11,474,474,2155
2159,26,259999,0,user_12,474,474,2155
2160,27,259999,0,user_14,474,474,2155
2161,28,259999,0,user_15,474,474,2155
2192,29,240000,0,user_40,474,474,
2166,30,220000,0,user_18,474,474,
2168,31,220000,0,user_18,474,474,
2179,32,220000,0,user_30,474,474,
2183,33,220000,0,user_35,474,474,
2188,34,220000,0,user_37,474,474,
2154,35,190000,0,user_10,474,474,
2177,36,190000,0,user_26,474,474,
2185,37,170000,0,user_36,474,474,
2163,38,160000,0,user_17,474,474,
2196,39,160000,0,user_42,474,474,
2176,40,150000,0,user_26,474,474,
2204,41,150000,30200,user_49,474,474,
2147,42,120000,0,user_4,474,474,
2164,43,120000,0,user_17,474,474,
2184,44,120000,0,user_36,474,474,
2149,45,110000,0,user_6,474,474,
2152,46,110000,0,user_8,474,474,
2170,47,110000,0,user_23,474,474,
2180,48,100000,0,user_31,474,474,
2194,49,100000,0,user_40,474,474,
2199,50,100000,0,user_44,474,474,
2169,51,98000,0,user_20,474,474,
2165,52,85000,0,user_18,474,474,
2193,53,80000,0,user_40,474,474,
2195,54,79000,0,user_41,474,474,
2248,0,27000000,5630,user_31,475,475,
2256,1,19000000,0,user_36,475,475,
2224,2,4500000,0,user_18,475,475,
2233,3,3600000,0,user_23,475,475,
2250,4,3600000,73100,user_32,475,475,
2269,5,3500000,0,user_48,475,475,
2232,6,2600000,0,user_23,475,475,
2238,7,2000000,959000,user_28,475,475,
2247,8,2000000,19700,user_30,475,475,
2223,9,1500000,0,user_17,475,475,
2211,10,970001,0,user_4,475,475,2209
2212,11,970001,0,user_5,475,475,2209
2217,12,970001,0,user_10,475,475,2209
2219,13,970001,0,user_13,475,475,2209
2209,14,970000,285000,user_1,475,475,
2210,15,969999,0,user_3,475,475,2209
2213,16,969999,0,user_6,475,475,2209
2214,17,969999,0,user_7,475,475,2209
2218,18,969999,0,user_12,475,475,2209
2220,19,969999,0,user_14,475,475,2209
2221,20,969999,0,user_15,475,475,2209
2261,21,910000,0,user_38,475,475,
2260,22,670000,0,user_38,475,475,
2270,23,670000,0,user_49,475,475,
2263,24,660000,164000,user_43,475,475,
2268,25,650000,0,user_48,475,475,
2228,26,600000,0,user_18,475,475,
2266,27,530000,0,user_47,475,475,
2234,28,470000,350000,user_24,475,475,
2246,29,460000,46500,user_29,475,475,
2253,30,460000,0,user_36,475,475,
2255,31,360000,0,user_36,475,475,
2227,32,350000,0,user_18,475,475,
2267,33,320000,0,user_47,475,475,
2208,34,310000,0,user_1,475,475,
2229,35,300000,0,user_19,475,475,
2237,36,300000,0,user_28,475,475,
2257,37,260000,0,user_38,475,475,
2262,38,260000,34700,user_42,475,475,
2265,39,260000,0,user_45,475,475,
2235,40,220000,33300,user_24,475,475,
2258,41,220000,510000,user_38,475,475,
2259,42,220000,47700,user_38,475,475,
2225,43,190000,0,user_18,475,475,
2226,44,170000,0,user_18,475,475,
2207,45,150000,0,user_1,475,475,
2222,46,150000,146000,user_16,475,475,
2231,47,150000,0,user_21,475,475,
2244,48,130000,0,user_29,475,475,
2206,49,120000,0,user_1,475,475,
2230,50,120000,0,user_20,475,475,
2239,51,120000,0,user_28,475,475,
2240,52,120000,0,user_28,475,475,
2249,53,120000,0,user_32,475,475,
2242,54,110000,15700,user_29,475,475,
2245,55,100000,0,user_29,475,475,
2254,56,98000,0,user_36,475,475,
2205,57,87000,0,user_1,475,475,
2243,58,84000,0,user_29,475,475,
2241,59,83000,0,user_28,475,475,
2264,60,83000,296000,user_44,475,475,
2236,61,82000,0,user_26,475,475,
2298,0,43000000,0,user_27,476,476,
2294,1,19000000,0,user_21,476,476,
2295,2,19000000,0,user_22,476,476,
2304,3,5200000,0,user_33,476,476,
2272,4,4200001,0,user_1,476,476,2271
2273,5,4200001,0,user_2,476,476,2271
2276,6,4200001,0,user_6,476,476,2271
2281,7,4200001,0,user_9,476,476,2271
2286,8,4200001,0,user_12,476,476,2271
2289,9,4200001,0,user_15,476,476,2271
2271,10,4200000,12800,user_0,476,476,
2275,11,4199999,0,user_6,476,476,2271
2277,12,4199999,0,user_7,476,476,2271
2278,13,4199999,0,user_7,476,476,2271
2279,14,4199999,0,user_8,476,476,2271
2280,15,4199999,0,user_8,476,476,2271
2282,16,4199999,0,user_9,476,476,2271
2283,17,4199999,0,user_10,476,476,2271
2284,18,4199999,0,user_10,476,476,2271
2285,19,4199999,0,user_11,476,476,2271
2287,20,4199999,0,user_13,476,476,2271
2288,21,4199999,0,user_14,476,476,2271
2310,22,2600000,296000,user_39,476,476,
2301,23,1700000,35600,user_30,476,476,
2312,24,1600000,0,user_39,476,476,
2311,25,1500000,0,user_39,476,476,
2292,26,1100000,0,user_18,476,476,
2317,27,910000,0,user_43,476,476,
2315,28,470000,0,user_41,476,476,
2308,29,420000,0,user_36,476,476,
2290,30,370000,0,user_16,476,476,
2302,31,370000,0,user_31,476,476,
2314,32,310000,0,user_40,476,476,
2319,33,310000,0,user_43,476,476,
2318,34,300000,0,user_43,476,476,
2300,35,220000,0,user_30,476,476,
2303,36,220000,0,user_33,476,476,
2307,37,160000,381000,user_35,476,476,
2323,38,100000,36800,user_47,476,476,
2293,39,87000,0,user_19,476,476,
2320,40,83000,0,user_43,476,476,
2313,41,80000,0,user_39,476,476,
2325,0,30000000,0,user_3,477,477,
2343,1,30000000,0,user_19,477,477,
2372,2,30000000,0,user_45,477,477,
2329,3,5200001,0,user_8,477,477,2327
2333,4,5200001,0,user_11,477,477,2327
2334,5,5200001,0,user_11,477,477,2327
2327,6,5200000,779000,user_4,477,477,
2330,7,5199999,0,user_9,477,477,2327
2331,8,5199999,0,user_10,477,477,2327
2332,9,5199999,0,user_10,477,477,2327
2335,10,5199999,0,user_12,477,477,2327
2336,11,5199999,0,user_14,477,477,2327
2352,12,5000000,0,user_27,477,477,
2363,13,4500000,146000,user_41,477,477,
2337,14,4200000,0,user_16,477,477,
2369,15,4200000,0,user_44,477,477,
2357,16,2500000,35600,user_31,477,477,
2341,17,2000000,0,user_18,477,477,
2366,18,2000000,0,user_43,477,477,
2356,19,1900000,0,user_30,477,477,
2362,20,1900000,0,user_39,477,477,
2339,21,1600000,0,user_18,477,477,
2342,22,1100000,381000,user_18,477,477,
2371,23,870000,0,user_44,477,477,
2344,24,660000,0,user_22,477,477,
2345,25,650000,0,user_23,477,477,
2338,26,630000,0,user_18,477,477,
2367,27,470000,381000,user_43,477,477,
2340,28,420000,36800,user_18,477,477,
2348,29,420000,121000,user_25,477,477,
2373,30,420000,0,user_45,477,477,
2326,31,300000,0,user_3,477,477,
2364,32,260000,0,user_42,477,477,
2355,33,240000,24700,user_30,477,477,
2358,34,220000,0,user_32,477,477,
2365,35,220000,0,user_42,477,477,
2351,36,170000,0,user_25,477,477,
2324,37,150000,0,user_1,477,477,
2359,38,150000,0,user_33,477,477,
2349,39,120000,0,user_25,477,477,
2368,40,110000,0,user_44,477,477,
2370,41,100000,0,user_44,477,477,
2350,42,87000,71800,user_25,477,477,
2354,43,82000,0,user_29,477,477,
2347,44,80000,0,user_25,477,477,
2407,0,5000000,0,user_29,478,478,
2412,1,5000000,12800,user_39,478,478,
2408,2,4500000,769000,user_30,478,478,
2396,3,2600000,0,user_16,478,478,
2417,4,2600000,0,user_42,478,478,
2398,5,2300000,10700,user_17,478,478,
2404,6,2000000,0,user_25,478,478,
2415,7,2000000,0,user_42,478,478,
2413,8,1600000,0,user_40,478,478,
2419,9,1600000,322000,user_45,478,478,
2409,10,650000,0,user_31,478,478,
2411,11,460000,0,user_35,478,478,
2400,12,370000,0,user_20,478,478,
2397,13,360000,0,user_16,478,478,
2401,14,360000,0,user_21,478,478,
2418,15,360000,161000,user_44,478,478,
2403,16,340000,60700,user_23,478,478,
2410,17,340000,0,user_34,478,478,
2423,18,310000,0,user_49,478,478,
2420,19,260000,0,user_46,478,478,
2406,20,220000,0,user_28,478,478,
2422,21,160000,0,user_49,478,478,
2402,22,150000,42000,user_22,478,478,
2414,23,130000,0,user_41,478,478,
2416,24,120000,0,user_42,478,478,
2375,25,110001,0,user_1,478,478,2374
2376,26,110001,0,user_2,478,478,2374
2377,27,110001,0,user_3,478,478,2374
2378,28,110001,0,user_4,478,478,2374
2385,29,110001,0,user_9,478,478,2374
2386,30,110001,0,user_10,478,478,2374
2387,31,110001,0,user_11,478,478,2374
2388,32,110001,0,user_11,478,478,2374
2389,33,110001,0,user_11,478,478,2374
2390,34,110001,0,user_11,478,478,2374
2391,35,110001,0,user_11,478,478,2374
2394,36,110001,0,user_14,478,478,2374
2374,37,110000,15300,user_0,478,478,
2421,38,110000,0,user_48,478,478,
2379,39,109999,0,user_5,478,478,2374
2395,40,109999,0,user_15,478,478,2374
2405,41,87000,296000,user_27,478,478,
2429,0,43000001,0,user_2,479,479,2426
2431,1,43000001,0,user_4,479,479,2426
2435,2,43000001,0,user_6,479,479,2426
2436,3,43000001,0,user_7,479,479,2426
2438,4,43000001,0,user_8,479,479,2426
2440,5,43000001,0,user_9,479,479,2426
2441,6,43000001,0,user_11,479,479,2426
2443,7,43000001,0,user_13,479,479,2426
2444,8,43000001,0,user_14,479,479,2426
2426,9,43000000,7840,user_2,479,479,
2427,10,42999999,0,user_2,479,479,2426
2428,11,42999999,0,user_2,479,479,2426
2432,12,42999999,0,user_4,479,479,2426
2433,13,42999999,0,user_6,479,479,2426
2434,14,42999999,0,user_6,479,479,2426
2437,15,42999999,0,user_7,479,479,2426
2439,16,42999999,0,user_8,479,479,2426
2442,17,42999999,0,user_12,479,479,2426
2445,18,42999999,0,user_14,479,479,2426
2446,19,42999999,0,user_15,479,479,2426
2482,20,6300000,0,user_41,479,479,
2491,21,6100000,0,user_48,479,479,
2451,22,5200000,0,user_21,479,479,
2476,23,5000000,0,user_37,479,479,
2450,24,4500000,0,user_21,479,479,
2468,25,4500000,0,user_33,479,479,
2466,26,3600000,0,user_31,479,479,
2490,27,2400000,47700,user_47,479,479,
2425,28,1400000,0,user_1,479,479,
2449,29,1400000,0,user_19,479,479,
2483,30,1400000,100000,user_41,479,479,
2474,31,1300000,0,user_36,479,479,
2477,32,1100000,0,user_37,479,479,
2448,33,1000000,0,user_18,479,479,
2447,34,970000,0,user_16,479,479,
2463,35,670000,0,user_28,479,479,
2493,36,670000,256000,user_48,479,479,
2484,37,650000,0,user_41,479,479,
2494,38,630000,0,user_48,479,479,
2462,39,530000,0,user_28,479,479,
2424,40,470000,0,user_0,479,479,
2452,41,460000,0,user_22,479,479,
2481,42,460000,0,user_41,479,479,
2480,43,320000,36800,user_41,479,479,
2461,44,310000,0,user_26,479,479,
2479,45,300000,0,user_39,479,479,
2460,46,220000,0,user_26,479,479,
2492,47,220000,0,user_48,479,479,
2488,48,160000,0,user_46,479,479,
2454,49,150000,0,user_24,479,479,
2465,50,120000,779000,user_31,479,479,
2475,51,120000,0,user_37,479,479,
2487,52,110000,5630,user_46,479,479,
2489,53,84000,0,user_46,479,479,
2495,54,70000,0,user_49,479,479,
2524,0,43000000,0,user_30,480,480,
2541,1,6300000,0,user_46,480,480,
2532,2,5000000,32900,user_37,480,480,
2540,3,4500000,0,user_45,480,480,
2539,4,2600000,0,user_44,480,480,
2496,5,2000000,0,user_0,480,480,
2515,6,2000000,0,user_22,480,480,
2538,7,2000000,42000,user_42,480,480,
2511,8,1600000,0,user_17,480,480,
2512,9,1600000,0,user_18,480,480,
2522,10,1600000,0,user_27,480,480,
2513,11,1500000,84800,user_20,480,480,
2527,12,1500000,0,user_34,480,480,
2531,13,1500000,0,user_36,480,480,
2516,14,1400000,0,user_24,480,480,
2525,15,1200000,0,user_31,480,480,
2497,16,1100000,0,user_2,480,480,
2535,17,1000000,68100,user_40,480,480,
2519,18,910000,0,user_27,480,480,
2530,19,370000,0,user_35,480,480,
2536,20,350000,0,user_40,480,480,
2521,21,320000,0,user_27,480,480,
2526,22,310000,0,user_33,480,480,
2514,23,260000,0,user_21,480,480,
2523,24,260000,0,user_30,480,480,
2529,25,240000,128000,user_35,480,480,
2533,26,160000,64600,user_39,480,480,
2542,27,160000,0,user_49,480,480,
2503,28,120001,0,user_10,480,480,2498
2506,29,120001,0,user_12,480,480,2498
2507,30,120001,0,user_12,480,480,2498
2509,31,120001,0,user_13,480,480,2498
2498,32,120000,164000,user_3,480,480,
2501,33,119999,0,user_7,480,480,2498
2502,34,119999,0,user_10,480,480,2498
2508,35,119999,0,user_13,480,480,2498
2510,36,119999,0,user_14,480,480,2498
2528,37,98000,0,user_35,480,480,
2520,38,79000,0,user_27,480,480,
2534,39,79000,0,user_39,480,480,
2570,0,30000000,0,user_30,481,481,
2567,1,2600000,0,user_29,481,481,
2582,2,2500000,71800,user_46,481,481,
2577,3,2400000,0,user_38,481,481,
2562,4,2000000,0,user_20,481,481,
2560,5,1900000,0,user_19,481,481,
2557,6,1600000,0,user_18,481,481,
2576,7,1500000,0,user_37,481,481,
2573,8,1200000,161000,user_32,481,481,
2555,9,1100000,0,user_16,481,481,
2558,10,1100000,0,user_19,481,481,
2569,11,670000,296000,user_30,481,481,
2583,12,600000,0,user_47,481,481,
2556,13,530000,0,user_17,481,481,
2566,14,530000,0,user_28,481,481,
2561,15,470000,0,user_19,481,481,
2580,16,470000,0,user_43,481,481,
2559,17,420000,0,user_19,481,481,
2565,18,420000,0,user_26,481,481,
2564,19,370000,36800,user_23,481,481,
2545,20,360001,0,user_2,481,481,2544
2546,21,360001,0,user_3,481,481,2544
2547,22,360001,0,user_4,481,481,2544
2549,23,360001,0,user_8,481,481,2544
2550,24,360001,0,user_8,481,481,2544
2551,25,360001,0,user_10,481,481,2544
2544,26,360000,49100,user_1,481,481,
2548,27,359999,0,user_5,481,481,2544
2553,28,359999,0,user_13,481,481,2544
2554,29,350000,0,user_16,481,481,
2568,30,220000,0,user_30,481,481,
2571,31,220000,0,user_30,481,481,
2563,32,160000,35600,user_21,481,481,
2581,33,150000,13900,user_44,481,481,
2584,34,130000,0,user_49,481,481,
2543,35,110000,0,user_0,481,481,
2572,36,110000,0,user_31,481,481,
2574,37,110000,0,user_33,481,481,
2579,38,98000,0,user_42,481,481,
2621,0,19000000,0,user_38,482,482,
2632,1,6100000,0,user_46,482,482,
2612,2,5200000,60700,user_27,482,482,
2624,3,4500000,0,user_39,482,482,
2587,4,3200001,0,user_2,482,482,2585
2588,5,3200001,0,user_3,482,482,2585
2592,6,3200001,0,user_7,482,482,2585
2593,7,3200001,0,user_7,482,482,2585
2594,8,3200001,0,user_7,482,482,2585
2600,9,3200001,0,user_10,482,482,2585
2603,10,3200001,0,user_10,482,482,2585
2605,11,3200001,0,user_12,482,482,2585
2585,12,3200000,30200,user_1,482,482,
2586,13,3199999,0,user_1,482,482,2585
2589,14,3199999,0,user_4,482,482,2585
2590,15,3199999,0,user_5,482,482,2585
2591,16,3199999,0,user_6,482,482,2585
2595,17,3199999,0,user_7,482,482,2585
2596,18,3199999,0,user_7,482,482,2585
2599,19,3199999,0,user_10,482,482,2585
2601,20,3199999,0,user_10,482,482,2585
2602,21,3199999,0,user_10,482,482,2585
2604,22,3199999,0,user_11,482,482,2585
2606,23,3199999,0,user_14,482,482,2585
2607,24,3199999,0,user_15,482,482,2585
2633,25,2500000,0,user_47,482,482,
2631,26,2400000,0,user_46,482,482,
2616,27,2000000,0,user_30,482,482,
2620,28,2000000,0,user_36,482,482,
2630,29,2000000,283000,user_43,482,482,
2634,30,2000000,0,user_48,482,482,
2611,31,1600000,0,user_25,482,482,
2609,32,1400000,0,user_22,482,482,
2613,33,1200000,0,user_29,482,482,
2636,34,670000,0,user_48,482,482,
2617,35,470000,0,user_32,482,482,
2622,36,460000,7190000,user_39,482,482,
2625,37,420000,0,user_39,482,482,
2626,38,360000,0,user_39,482,482,
2635,39,220000,0,user_48,482,482,
2623,40,170000,195000,user_39,482,482,
2608,41,130000,0,user_21,482,482,
2618,42,130000,0,user_34,482,482,
2614,43,110000,10700,user_30,482,482,
2615,44,110000,0,user_30,482,482,
2629,45,98000,779000,user_42,482,482,
2610,46,84000,0,user_22,482,482,
2682,0,30000000,0,user_46,483,483,
2666,1,6100000,0,user_28,483,483,
2658,2,5200000,4320000,user_20,483,483,
2663,3,5000000,0,user_24,483,483,
2685,4,5000000,0,user_48,483,483,
2683,5,4500000,0,user_47,483,483,
2644,6,3500000,0,user_10,483,483,
2677,7,3500000,0,user_43,483,483,
2684,8,2500000,0,user_48,483,483,
2669,9,2100000,0,user_32,483,483,
2642,10,2000000,0,user_7,483,483,
2665,11,2000000,0,user_27,483,483,
2671,12,2000000,0,user_34,483,483,
2659,13,1700000,0,user_22,483,483,
2653,14,1500000,0,user_16,483,483,
2652,15,1400000,0,user_16,483,483,
2680,16,1300000,0,user_45,483,483,
2667,17,1000000,0,user_29,483,483,
2672,18,670000,0,user_36,483,483,
2640,19,650000,0,user_5,483,483,
2678,20,650000,0,user_44,483,483,
2655,21,530000,0,user_18,483,483,
2679,22,530000,0,user_44,483,483,
2657,23,460000,10700,user_20,483,483,
2662,24,420000,39400,user_24,483,483,
2668,25,240000,0,user_30,483,483,
2673,26,220000,0,user_37,483,483,
2660,27,170000,0,user_23,483,483,
2664,28,170000,0,user_25,483,483,
2661,29,150000,0,user_24,483,483,
2638,30,120000,0,user_3,483,483,
2654,31,120000,35600,user_17,483,483,
2637,32,110000,0,user_1,483,483,
2646,33,85001,0,user_11,483,483,2645
2647,34,85001,0,user_12,483,483,2645
2649,35,85001,0,user_13,483,483,2645
2651,36,85001,0,user_15,483,483,2645
2641,37,85000,0,user_6,483,483,
2645,38,85000,779000,user_10,483,483,
2648,39,84999,0,user_13,483,483,2645
2650,40,84999,0,user_15,483,483,2645
2656,41,79000,64600,user_19,483,483,
2681,42,79000,0,user_45,483,483,
2639,43,77000,0,user_4,483,483,
2675,44,77000,0,user_41,483,483,
2670,45,70000,0,user_32,483,483,
2676,46,70000,0,user_41,483,483,
2729,0,43000000,0,user_45,484,484,
2702,1,3500000,0,user_19,484,484,
2700,2,2400000,0,user_17,484,484,
2703,3,2300000,16400,user_19,484,484,
2725,4,2100000,231000,user_42,484,484,
2732,5,1400000,283000,user_48,484,484,
2719,6,1100000,0,user_32,484,484,
2720,7,910000,0,user_34,484,484,
2730,8,870000,0,user_46,484,484,
2713,9,630000,0,user_28,484,484,
2714,10,630000,75000,user_29,484,484,
2716,11,460000,322000,user_30,484,484,
2707,12,370000,0,user_23,484,484,
2710,13,340000,33300,user_25,484,484,
2727,14,320000,0,user_44,484,484,
2728,15,310000,0,user_44,484,484,
2701,16,260000,594000,user_18,484,484,
2708,17,260000,161000,user_23,484,484,
2718,18,170000,0,user_31,484,484,
2712,19,160000,594000,user_27,484,484,
2709,20,150000,0,user_24,484,484,
2704,21,120000,0,user_20,484,484,
2706,22,120000,0,user_22,484,484,
2726,23,120000,0,user_43,484,484,
2731,24,120000,21800,user_47,484,484,
2705,25,110000,24700,user_21,484,484,
2711,26,110000,84800,user_26,484,484,
2715,27,110000,0,user_30,484,484,
2686,28,98000,0,user_0,484,484,
2691,29,83001,0,user_4,484,484,2687
2693,30,83001,0,user_6,484,484,2687
2694,31,83001,0,user_10,484,484,2687
2696,32,83001,0,user_12,484,484,2687
2697,33,83001,0,user_13,484,484,2687
2687,34,83000,42000,user_1,484,484,
2688,35,82999,0,user_3,484,484,2687
2689,36,82999,0,user_3,484,484,2687
2690,37,82999,0,user_3,484,484,2687
2692,38,82999,0,user_4,484,484,2687
2695,39,82999,0,user_12,484,484,2687
2698,40,82999,0,user_13,484,484,2687
2699,41,82999,0,user_15,484,484,2687
2717,42,82000,0,user_31,484,484,
2733,43,73000,0,user_48,484,484,
2734,44,73000,381000,user_49,484,484,
2755,0,43000000,0,user_16,485,485,
2775,1,30000000,0,user_38,485,485,
2782,2,6300000,0,user_40,485,485,
2735,3,6100000,0,user_0,485,485,
2756,4,5000000,0,user_18,485,485,
2780,5,4200000,0,user_39,485,485,
2761,6,3600000,0,user_25,485,485,
2790,7,2600000,0,user_44,485,485,
2758,8,2500000,16400,user_22,485,485,
2779,9,2500000,5630,user_39,485,485,
2772,10,2300000,0,user_37,485,485,
2773,11,2000000,215000,user_37,485,485,
2784,12,2000000,256000,user_42,485,485,
2763,13,1700000,0,user_27,485,485,
2776,14,1600000,0,user_38,485,485,
2785,15,1600000,0,user_42,485,485,
2767,16,970000,0,user_32,485,485,
2777,17,970000,0,user_38,485,485,
2774,18,650000,410000,user_38,485,485,
2788,19,630000,0,user_42,485,485,
2765,20,600000,0,user_31,485,485,
2766,21,460000,0,user_31,485,485,
2792,22,420000,0,user_46,485,485,
2778,23,310000,0,user_38,485,485,
2771,24,190000,35600,user_36,485,485,
2794,25,170000,47700,user_48,485,485,
2781,26,160000,0,user_40,485,485,
2786,27,160000,0,user_42,485,485,
2760,28,150000,0,user_23,485,485,
2764,29,150000,0,user_28,485,485,
2759,30,120000,0,user_23,485,485,
2770,31,120000,285000,user_35,485,485,
2757,32,98000,0,user_19,485,485,
2762,33,98000,0,user_26,485,485,
2787,34,85000,0,user_42,485,485,
2791,35,83000,0,user_45,485,485,
2737,36,77001,0,user_2,485,485,2736
2740,37,77001,0,user_4,485,485,2736
2741,38,77001,0,user_5,485,485,2736
2745,39,77001,0,user_8,485,485,2736
2747,40,77001,0,user_9,485,485,2736
2748,41,77001,0,user_10,485,485,2736
2754,42,77001,0,user_14,485,485,2736
2738,43,76999,0,user_2,485,485,2736
2742,44,76999,0,user_6,485,485,2736
2743,45,76999,0,user_7,485,485,2736
2744,46,76999,0,user_7,485,485,2736
2746,47,76999,0,user_9,485,485,2736
2749,48,76999,0,user_11,485,485,2736
2750,49,76999,0,user_11,485,485,2736
2751,50,76999,0,user_11,485,485,2736
2752,51,76999,0,user_12,485,485,2736
2753,52,76999,0,user_13,485,485,2736
2769,53,73000,0,user_34,485,485,
2822,0,30000000,0,user_20,486,486,
2838,1,19000000,13900,user_39,486,486,
2834,2,3200000,0,user_36,486,486,
2819,3,2000000,33300,user_20,486,486,
2843,4,2000000,0,user_46,486,486,
2832,5,1600000,0,user_34,486,486,
2839,6,1600000,11200,user_39,486,486,
2821,7,1500000,21800,user_20,486,486,
2823,8,1500000,0,user_21,486,486,
2827,9,1500000,0,user_28,486,486,
2796,10,1400000,0,user_0,486,486,
2836,11,1400000,0,user_37,486,486,
2818,12,1100000,68100,user_19,486,486,
2846,13,1100000,0,user_49,486,486,
2829,14,870000,0,user_30,486,486,
2844,15,660000,0,user_48,486,486,
2842,16,650000,0,user_44,486,486,
2825,17,460000,0,user_25,486,486,
2820,18,420000,0,user_20,486,486,
2815,19,350000,0,user_16,486,486,
2824,20,220000,4320000,user_22,486,486,
2826,21,220000,0,user_27,486,486,
2837,22,160000,0,user_39,486,486,
2799,23,150001,0,user_3,486,486,2798
2801,24,150001,0,user_5,486,486,2798
2802,25,150001,0,user_5,486,486,2798
2804,26,150001,0,user_5,486,486,2798
2805,27,150001,0,user_6,486,486,2798
2806,28,150001,0,user_7,486,486,2798
2810,29,150001,0,user_11,486,486,2798
2811,30,150001,0,user_12,486,486,2798
2812,31,150001,0,user_13,486,486,2798
2813,32,150001,0,user_15,486,486,2798
2798,33,150000,84800,user_3,486,486,
2830,34,150000,0,user_31,486,486,
2800,35,149999,0,user_4,486,486,2798
2803,36,149999,0,user_5,486,486,2798
2807,37,149999,0,user_7,486,486,2798
2809,38,149999,0,user_10,486,486,2798
2814,39,149999,0,user_15,486,486,2798
2816,40,130000,0,user_17,486,486,
2797,41,110000,0,user_2,486,486,
2835,42,100000,14200,user_37,486,486,
2845,43,85000,0,user_48,486,486,
2828,44,82000,0,user_29,486,486,
2831,45,79000,0,user_33,486,486,
2817,46,77000,0,user_18,486,486,
2869,0,30000000,0,user_23,487,487,
2875,1,6100000,18600,user_27,487,487,
2847,2,5000000,0,user_3,487,487,
2872,3,5000000,215000,user_25,487,487,
2891,4,5000000,0,user_41,487,487,
2892,5,5000000,0,user_44,487,487,
2882,6,4500000,0,user_33,487,487,
2880,7,3200000,0,user_33,487,487,
2866,8,2100000,5630,user_20,487,487,
2883,9,2100000,0,user_34,487,487,
2865,10,2000000,33300,user_20,487,487,
2848,11,1900000,0,user_4,487,487,
2877,12,1700000,0,user_30,487,487,
2871,13,1600000,0,user_24,487,487,
2862,14,1500000,0,user_18,487,487,
2879,15,1500000,75000,user_33,487,487,
2881,16,1500000,0,user_33,487,487,
2851,17,1200001,0,user_6,487,487,2849
2852,18,1200001,0,user_7,487,487,2849
2858,19,1200001,0,user_14,487,487,2849
2859,20,1200001,0,user_15,487,487,2849
2860,21,1200001,0,user_15,487,487,2849
2849,22,1200000,33100,user_5,487,487,
2867,23,1200000,47700,user_21,487,487,
2850,24,1199999,0,user_6,487,487,2849
2853,25,1199999,0,user_8,487,487,2849
2855,26,1199999,0,user_10,487,487,2849
2856,27,1199999,0,user_12,487,487,2849
2857,28,1199999,0,user_14,487,487,2849
2878,29,970000,0,user_31,487,487,
2874,30,910000,12300,user_26,487,487,
2893,31,910000,0,user_45,487,487,
2886,32,870000,15300,user_38,487,487,
2870,33,660000,0,user_23,487,487,
2864,34,630000,42000,user_19,487,487,
2876,35,420000,0,user_28,487,487,
2861,36,320000,0,user_17,487,487,
2894,37,320000,0,user_47,487,487,
2873,38,310000,7190000,user_25,487,487,
2885,39,220000,0,user_38,487,487,
2868,40,150000,0,user_22,487,487,
2890,41,150000,0,user_41,487,487,
2863,42,84000,0,user_18,487,487,
2887,43,82000,13900,user_38,487,487,
2895,44,80000,0,user_48,487,487,
2929,0,43000000,0,user_31,488,488,
2901,1,4500000,0,user_5,488,488,
2896,2,2400000,0,user_0,488,488,
2924,3,2100000,0,user_26,488,488,
2917,4,1500000,0,user_18,488,488,
2943,5,1500000,0,user_46,488,488,
2948,6,1500000,0,user_47,488,488,
2950,7,1500000,0,user_49,488,488,
2919,8,1400000,0,user_20,488,488,
2921,9,1100000,0,user_23,488,488,
2930,10,1000000,0,user_31,488,488,
2940,11,1000000,19700,user_42,488,488,
2914,12,910000,0,user_16,488,488,
2916,13,870000,15700,user_17,488,488,
2918,14,670000,0,user_19,488,488,
2946,15,670000,0,user_47,488,488,
2947,16,650000,0,user_47,488,488,
2942,17,630000,0,user_44,488,488,
2922,18,600000,15100,user_25,488,488,
2931,19,600000,21800,user_31,488,488,
2932,20,470000,7840,user_31,488,488,
2899,21,370000,0,user_4,488,488,
2949,22,370000,0,user_48,488,488,
2897,23,360000,0,user_2,488,488,
2920,24,320000,0,user_22,488,488,
2939,25,310000,0,user_42,488,488,
2941,26,310000,0,user_43,488,488,
2902,27,300000,0,user_6,488,488,
2934,28,220000,47700,user_38,488,488,
2944,29,220000,0,user_47,488,488,
2906,30,190001,0,user_10,488,488,2904
2908,31,190001,0,user_12,488,488,2904
2909,32,190001,0,user_13,488,488,2904
2910,33,190001,0,user_14,488,488,2904
2904,34,190000,7190000,user_8,488,488,
2907,35,189999,0,user_12,488,488,2904
2911,36,189999,0,user_14,488,488,2904
2912,37,189999,0,user_15,488,488,2904
2945,38,170000,0,user_47,488,488,
2903,39,150000,0,user_7,488,488,
2913,40,150000,0,user_16,488,488,
2923,41,120000,0,user_26,488,488,
2915,42,110000,18600,user_17,488,488,
2925,43,110000,0,user_28,488,488,
2927,44,110000,0,user_29,488,488,
2928,45,110000,43600,user_30,488,488,
2898,46,100000,0,user_4,488,488,
2926,47,85000,0,user_29,488,488,
2938,48,82000,0,user_42,488,488,
2937,49,80000,0,user_41,488,488,
2935,50,77000,155000,user_38,488,488,
2900,51,73000,0,user_5,488,488,
2981,0,43000000,0,user_36,489,489,
2974,1,27000000,0,user_26,489,489,
2979,2,6100000,0,user_34,489,489,
2978,3,5000000,0,user_33,489,489,
2969,4,4500000,0,user_21,489,489,
2962,5,2600000,0,user_16,489,489,
2992,6,2600000,0,user_44,489,489,
2988,7,2500000,0,user_39,489,489,
2952,8,2000001,0,user_4,489,489,2951
2954,9,2000001,0,user_6,489,489,2951
2957,10,2000001,0,user_12,489,489,2951
2958,11,2000001,0,user_13,489,489,2951
2959,12,2000001,0,user_13,489,489,2951
2960,13,2000001,0,user_15,489,489,2951
2951,14,2000000,66100,user_0,489,489,
2953,15,1999999,0,user_4,489,489,2951
2955,16,1999999,0,user_7,489,489,2951
2956,17,1999999,0,user_10,489,489,2951
2961,18,1999999,0,user_15,489,489,2951
2967,19,1600000,0,user_19,489,489,
2973,20,1400000,0,user_24,489,489,
2997,21,1100000,0,user_46,489,489,
2971,22,1000000,0,user_23,489,489,
2972,23,870000,0,user_23,489,489,
2999,24,870000,0,user_48,489,489,
2982,25,670000,21800,user_36,489,489,
3002,26,670000,0,user_48,489,489,
2977,27,660000,0,user_31,489,489,
2996,28,660000,545000,user_46,489,489,
2987,29,600000,0,user_38,489,489,
2985,30,460000,545000,user_37,489,489,
2963,31,420000,0,user_17,489,489,
2986,32,320000,0,user_37,489,489,
2976,33,240000,0,user_28,489,489,
2966,34,220000,23500,user_19,489,489,
3004,35,220000,0,user_49,489,489,
3000,36,190000,0,user_48,489,489,
2991,37,170000,0,user_43,489,489,
2993,38,170000,0,user_45,489,489,
2995,39,170000,0,user_46,489,489,
2965,40,160000,195000,user_18,489,489,
2968,41,160000,0,user_20,489,489,
2970,42,160000,21800,user_22,489,489,
3001,43,160000,0,user_48,489,489,
2964,44,150000,32900,user_18,489,489,
2975,45,150000,0,user_27,489,489,
2994,46,150000,164000,user_46,489,489,
2983,47,120000,0,user_37,489,489,
2984,48,120000,0,user_37,489,489,
2998,49,120000,0,user_46,489,489,
3003,50,82000,0,user_48,489,489,
2990,51,79000,0,user_42,489,489,
3035,0,27000000,0,user_39,490,490,
3022,1,4200000,0,user_20,490,490,
3018,2,3500000,0,user_16,490,490,
3041,3,1800000,0,user_44,490,490,
3026,4,1700000,0,user_26,490,490,
3025,5,1500000,0,user_23,490,490,
3005,6,1200000,0,user_2,490,490,
3027,7,910000,21800,user_26,490,490,
3040,8,670000,0,user_43,490,490,
3046,9,670000,32900,user_48,490,490,
3028,10,630000,0,user_30,490,490,
3034,11,630000,0,user_35,490,490,
3029,12,460000,0,user_31,490,490,
3020,13,420000,0,user_17,490,490,
3037,14,360000,0,user_41,490,490,
3036,15,310000,0,user_40,490,490,
3016,16,260000,0,user_16,490,490,
3038,17,220000,0,user_41,490,490,
3024,18,160000,0,user_22,490,490,
3017,19,120000,0,user_16,490,490,
3019,20,120000,0,user_16,490,490,
3023,21,120000,0,user_21,490,490,
3021,22,110000,0,user_19,490,490,
3009,23,80001,0,user_9,490,490,3007
3011,24,80001,0,user_11,490,490,3007
3015,25,80001,0,user_14,490,490,3007
3006,26,80000,0,user_3,490,490,
3007,27,80000,155000,user_6,490,490,
3039,28,80000,0,user_42,490,490,
3008,29,79999,0,user_8,490,490,3007
3010,30,79999,0,user_10,490,490,3007
3012,31,79999,0,user_11,490,490,3007
3013,32,79999,0,user_11,490,490,3007
3030,33,70000,0,user_31,490,490,
3087,0,30000000,0,user_33,491,491,
3105,1,6100000,0,user_48,491,491,
3073,2,5000000,0,user_22,491,491,
3082,3,5000000,0,user_32,491,491,
3089,4,5000000,34700,user_33,491,491,
3072,5,2400000,0,user_20,491,491,
3076,6,2400000,75000,user_26,491,491,
3069,7,2000000,0,user_18,491,491,
3081,8,1900000,0,user_31,491,491,
3079,9,1800000,0,user_28,491,491,
3075,10,1600000,15100,user_25,491,491,
3067,11,1500000,0,user_18,491,491,
3086,12,1500000,0,user_32,491,491,
3093,13,1500000,0,user_36,491,491,
3102,14,1500000,13800,user_45,491,491,
3101,15,1100000,0,user_44,491,491,
3090,16,1000000,21800,user_33,491,491,
3066,17,970000,0,user_17,491,491,
3065,18,910000,0,user_16,491,491,
3070,19,910000,0,user_19,491,491,
3083,20,910000,0,user_32,491,491,
3048,21,630001,0,user_1,491,491,3047
3049,22,630001,0,user_2,491,491,3047
3050,23,630001,0,user_3,491,491,3047
3051,24,630001,0,user_4,491,491,3047
3052,25,630001,0,user_5,491,491,3047
3055,26,630001,0,user_5,491,491,3047
3058,27,630001,0,user_6,491,491,3047
3061,28,630001,0,user_10,491,491,3047
3062,29,630001,0,user_11,491,491,3047
3047,30,630000,33300,user_0,491,491,
3053,31,629999,0,user_5,491,491,3047
3054,32,629999,0,user_5,491,491,3047
3056,33,629999,0,user_5,491,491,3047
3057,34,629999,0,user_6,491,491,3047
3059,35,629999,0,user_6,491,491,3047
3063,36,629999,0,user_12,491,491,3047
3064,37,629999,0,user_14,491,491,3047
3104,38,370000,0,user_47,491,491,
3103,39,310000,0,user_46,491,491,
3094,40,300000,0,user_37,491,491,
3099,41,300000,0,user_42,491,491,
3080,42,240000,0,user_29,491,491,
3091,43,220000,0,user_34,491,491,
3071,44,160000,0,user_20,491,491,
3074,45,160000,0,user_22,491,491,
3077,46,160000,0,user_27,491,491,
3078,47,150000,0,user_28,491,491,
3084,48,150000,0,user_32,491,491,
3100,49,150000,0,user_43,491,491,
3095,50,130000,0,user_38,491,491,
3106,51,110000,0,user_49,491,491,
3068,52,100000,0,user_18,491,491,
3098,53,83000,67900,user_42,491,491,
3085,54,70000,0,user_32,491,491,
3088,55,70000,0,user_33,491,491,
3125,0,43000000,0,user_18,492,492,
3135,1,30000000,0,user_30,492,492,
3129,2,19000000,0,user_26,492,492,
3134,3,5000000,0,user_30,492,492,
3132,4,4500000,0,user_28,492,492,
3151,5,3500000,0,user_47,492,492,
3126,6,2500000,0,user_23,492,492,
3131,7,1600000,0,user_27,492,492,
3152,8,1100000,0,user_48,492,492,
3110,9,1000000,0,user_4,492,492,
3145,10,650000,215000,user_41,492,492,
3146,11,650000,6390,user_44,492,492,
3141,12,630000,24700,user_37,492,492,
3139,13,530000,0,user_34,492,492,
3124,14,470000,0,user_17,492,492,
3114,15,460001,0,user_5,492,492,3112
3116,16,460001,0,user_6,492,492,3112
3119,17,460001,0,user_10,492,492,3112
3121,18,460001,0,user_15,492,492,3112
3112,19,460000,35600,user_4,492,492,
3113,20,459999,0,user_5,492,492,3112
3115,21,459999,0,user_6,492,492,3112
3117,22,459999,0,user_7,492,492,3112
3120,23,459999,0,user_13,492,492,3112
3122,24,459999,0,user_15,492,492,3112
3136,25,370000,0,user_30,492,492,
3149,26,370000,0,user_46,492,492,
3128,27,320000,0,user_24,492,492,
3138,28,260000,0,user_34,492,492,
3127,29,220000,0,user_23,492,492,
3150,30,170000,0,user_46,492,492,
3123,31,160000,17000,user_16,492,492,
3147,32,160000,15100,user_44,492,492,
3108,33,150000,0,user_2,492,492,
3107,34,130000,0,user_1,492,492,
3140,35,120000,0,user_36,492,492,
3143,36,120000,0,user_38,492,492,
3148,37,120000,0,user_45,492,492,
3109,38,87000,0,user_3,492,492,
3137,39,85000,0,user_30,492,492,
3133,40,84000,46500,user_28,492,492,
3111,41,82000,0,user_4,492,492,
3130,42,79000,0,user_26,492,492,
3142,43,79000,0,user_38,492,492,
3182,0,43000000,16400,user_31,493,493,
3176,1,30000000,0,user_25,493,493,
3157,2,27000000,0,user_2,493,493,
3159,3,5000000,0,user_3,493,493,
3185,4,5000000,959000,user_34,493,493,
3191,5,4200000,15300,user_39,493,493,
3195,6,4200000,0,user_42,493,493,
3155,7,3500000,0,user_1,493,493,
3165,8,1900001,0,user_9,493,493,3164
3167,9,1900001,0,user_9,493,493,3164
3170,10,1900001,0,user_15,493,493,3164
3164,11,1900000,5180,user_8,493,493,
3190,12,1900000,0,user_39,493,493,
3166,13,1899999,0,user_9,493,493,3164
3169,14,1899999,0,user_13,493,493,3164
3178,15,1600000,0,user_26,493,493,
3173,16,1500000,0,user_21,493,493,
3186,17,1500000,0,user_35,493,493,
3189,18,1500000,0,user_38,493,493,
3199,19,1100000,21800,user_46,493,493,
3160,20,970000,0,user_4,493,493,
3202,21,970000,5630,user_46,493,493,
3161,22,870000,0,user_5,493,493,
3196,23,670000,0,user_44,493,493,
3158,24,650000,0,user_3,493,493,
3154,25,600000,0,user_0,493,493,
3198,26,530000,0,user_46,493,493,
3174,27,420000,0,user_22,493,493,
3187,28,420000,0,user_37,493,493,
3175,29,370000,0,user_23,493,493,
3203,30,360000,0,user_47,493,493,
3177,31,260000,0,user_26,493,493,
3179,32,260000,0,user_26,493,493,
3184,33,260000,0,user_33,493,493,
3156,34,220000,0,user_1,493,493,
3163,35,220000,0,user_6,493,493,
3188,36,220000,410000,user_38,493,493,
3200,37,220000,0,user_46,493,493,
3181,38,170000,0,user_31,493,493,
3205,39,170000,0,user_49,493,493,
3171,40,160000,0,user_18,493,493,
3180,41,160000,0,user_28,493,493,
3194,42,120000,0,user_41,493,493,
3197,43,120000,0,user_44,493,493,
3201,44,120000,0,user_46,493,493,
3162,45,110000,0,user_5,493,493,
3153,46,85000,0,user_0,493,493,
3172,47,83000,0,user_20,493,493,
3229,0,19000000,0,user_23,494,494,
3238,1,4500000,0,user_31,494,494,
3253,2,4500000,0,user_47,494,494,
3232,3,1700000,100000,user_26,494,494,
3242,4,1600000,35600,user_35,494,494,
3225,5,1500000,0,user_18,494,494,
3244,6,1500000,0,user_37,494,494,
3251,7,1500000,0,user_43,494,494,
3240,8,1100000,0,user_33,494,494,
3231,9,1000000,121000,user_26,494,494,
3226,10,420000,0,user_20,494,494,
3243,11,420000,0,user_36,494,494,
3246,12,420000,0,user_40,494,494,
3233,13,350000,23500,user_27,494,494,
3254,14,310000,35600,user_48,494,494,
3235,15,220000,0,user_28,494,494,
3237,16,220000,71800,user_30,494,494,
3210,17,160001,0,user_3,494,494,3206
3211,18,160001,0,user_3,494,494,3206
3215,19,160001,0,user_7,494,494,3206
3218,20,160001,0,user_9,494,494,3206
3222,21,160001,0,user_13,494,494,3206
3206,22,160000,381000,user_0,494,494,
3241,23,160000,30200,user_33,494,494,
3245,24,160000,0,user_39,494,494,
3207,25,159999,0,user_1,494,494,3206
3208,26,159999,0,user_1,494,494,3206
3209,27,159999,0,user_2,494,494,3206
3213,28,159999,0,user_7,494,494,3206
3214,29,159999,0,user_7,494,494,3206
3216,30,159999,0,user_7,494,494,3206
3217,31,159999,0,user_8,494,494,3206
3221,32,159999,0,user_12,494,494,3206
3223,33,159999,0,user_15,494,494,3206
3228,34,120000,0,user_21,494,494,
3239,35,120000,0,user_32,494,494,
3252,36,120000,0,user_44,494,494,
3234,37,100000,0,user_28,494,494,
3255,38,100000,0,user_49,494,494,
3224,39,98000,0,user_16,494,494,
3227,40,85000,0,user_21,494,494,
3236,41,77000,17000,user_29,494,494,
3292,0,43000000,0,user_30,495,495,
3302,1,30000000,0,user_39,495,495,
3293,2,5200000,0,user_31,495,495,
3283,3,5000000,0,user_28,495,495,
3284,4,5000000,0,user_28,495,495,
3289,5,5000000,0,user_29,495,495,
3261,6,3500001,0,user_2,495,495,3259
3262,7,3500001,0,user_2,495,495,3259
3263,8,3500001,0,user_2,495,495,3259
3264,9,3500001,0,user_2,495,495,3259
3265,10,3500001,0,user_4,495,495,3259
3268,11,3500001,0,user_9,495,495,3259
3269,12,3500001,0,user_9,495,495,3259
3259,13,3500000,959000,user_1,495,495,
3273,14,3500000,0,user_16,495,495,
3281,15,3500000,35600,user_26,495,495,
3260,16,3499999,0,user_1,495,495,3259
3266,17,3499999,0,user_6,495,495,3259
3267,18,3499999,0,user_8,495,495,3259
3270,19,3499999,0,user_11,495,495,3259
3272,20,3499999,0,user_13,495,495,3259
3296,21,3200000,0,user_34,495,495,
3308,22,2600000,32900,user_45,495,495,
3300,23,2100000,0,user_37,495,495,
3290,24,2000000,30200,user_29,495,495,
3309,25,1900000,0,user_46,495,495,
3297,26,1500000,0,user_35,495,495,
3310,27,910000,0,user_47,495,495,
3286,28,460000,15100,user_28,495,495,
3298,29,460000,0,user_36,495,495,
3278,30,370000,0,user_23,495,495,
3256,31,310000,0,user_0,495,495,
3299,32,260000,0,user_36,495,495,
3282,33,220000,369000,user_27,495,495,
3291,34,220000,0,user_29,495,495,
3306,35,170000,0,user_43,495,495,
3313,36,170000,0,user_49,495,495,
3257,37,160000,0,user_1,495,495,
3295,38,150000,0,user_33,495,495,
3287,39,100000,0,user_28,495,495,
3307,40,100000,0,user_44,495,495,
3258,41,98000,0,user_1,495,495,
3305,42,98000,0,user_42,495,495,
3285,43,87000,100000,user_28,495,495,
3301,44,84000,108000,user_37,495,495,
3277,45,80000,100000,user_22,495,495,
3288,46,80000,0,user_29,495,495,
3276,47,79000,410000,user_22,495,495,
3275,48,73000,0,user_21,495,495,
3342,0,27000000,0,user_27,496,496,
3340,1,5000000,0,user_24,496,496,
3353,2,5000000,0,user_42,496,496,
3343,3,3600000,15700,user_28,496,496,
3346,4,2600000,0,user_31,496,496,
3332,5,2100000,0,user_16,496,496,
3348,6,2000000,0,user_32,496,496,
3334,7,1400000,0,user_17,496,496,
3337,8,1400000,0,user_21,496,496,
3351,9,1400000,0,user_37,496,496,
3333,10,1000000,0,user_17,496,496,
3336,11,1000000,0,user_19,496,496,
3341,12,650000,0,user_25,496,496,
3344,13,650000,0,user_29,496,496,
3349,14,360000,0,user_33,496,496,
3345,15,310000,0,user_30,496,496,
3347,16,310000,0,user_31,496,496,
3354,17,310000,0,user_44,496,496,
3338,18,170000,0,user_22,496,496,
3339,19,170000,0,user_23,496,496,
3315,20,150001,0,user_2,496,496,3314
3317,21,150001,0,user_3,496,496,3314
3320,22,150001,0,user_3,496,496,3314
3322,23,150001,0,user_5,496,496,3314
3324,24,150001,0,user_6,496,496,3314
3325,25,150001,0,user_7,496,496,3314
3326,26,150001,0,user_8,496,496,3314
3328,27,150001,0,user_10,496,496,3314
3329,28,150001,0,user_12,496,496,3314
3314,29,150000,75000,user_0,496,496,
3355,30,150000,0,user_46,496,496,
3316,31,149999,0,user_2,496,496,3314
3318,32,149999,0,user_3,496,496,3314
3319,33,149999,0,user_3,496,496,3314
3321,34,149999,0,user_3,496,496,3314
3323,35,149999,0,user_6,496,496,3314
3330,36,149999,0,user_14,496,496,3314
3331,37,149999,0,user_15,496,496,3314
3335,38,98000,0,user_18,496,496,
3400,0,30000000,0,user_46,497,497,
3375,1,5000000,0,user_16,497,497,
3392,2,3200000,18600,user_38,497,497,
3357,3,2600001,0,user_1,497,497,3356
3360,4,2600001,0,user_3,497,497,3356
3363,5,2600001,0,user_8,497,497,3356
3364,6,2600001,0,user_8,497,497,3356
3365,7,2600001,0,user_8,497,497,3356
3371,8,2600001,0,user_13,497,497,3356
3372,9,2600001,0,user_13,497,497,3356
3373,10,2600001,0,user_14,497,497,3356
3374,11,2600001,0,user_15,497,497,3356
3356,12,2600000,68100,user_0,497,497,
3358,13,2599999,0,user_2,497,497,3356
3359,14,2599999,0,user_3,497,497,3356
3361,15,2599999,0,user_4,497,497,3356
3362,16,2599999,0,user_4,497,497,3356
3366,17,2599999,0,user_9,497,497,3356
3367,18,2599999,0,user_9,497,497,3356
3368,19,2599999,0,user_10,497,497,3356
3369,20,2599999,0,user_10,497,497,3356
3390,21,1900000,215000,user_36,497,497,
3388,22,1800000,0,user_35,497,497,
3380,23,1700000,0,user_22,497,497,
3397,24,1700000,0,user_43,497,497,
3377,25,1400000,0,user_17,497,497,
3385,26,1000000,0,user_31,497,497,
3396,27,870000,73100,user_42,497,497,
3398,28,600000,0,user_44,497,497,
3399,29,600000,0,user_46,497,497,
3395,30,350000,0,user_41,497,497,
3384,31,340000,0,user_30,497,497,
3387,32,300000,0,user_33,497,497,
3389,33,260000,594000,user_35,497,497,
3379,34,160000,0,user_21,497,497,
3381,35,120000,0,user_23,497,497,
3376,36,87000,0,user_17,497,497,
3383,37,87000,0,user_29,497,497,
3391,38,87000,0,user_36,497,497,
3401,39,80000,0,user_47,497,497,
3450,0,43000000,128000,user_42,498,498,
3454,1,19000000,164000,user_49,498,498,
3431,2,6300000,14200,user_28,498,498,
3434,3,6300000,35600,user_28,498,498,
3437,4,5000000,0,user_29,498,498,
3408,5,2500000,0,user_4,498,498,
3451,6,2400000,121000,user_44,498,498,
3439,7,2100000,0,user_29,498,498,
3405,8,2000000,0,user_2,498,498,
3429,9,2000000,0,user_25,498,498,
3445,10,2000000,0,user_36,498,498,
3428,11,1900000,0,user_25,498,498,
3440,12,1600000,0,user_30,498,498,
3426,13,1400000,0,user_22,498,498,
3453,14,1400000,75000,user_48,498,498,
3427,15,1300000,4320000,user_25,498,498,
3442,16,1000000,0,user_31,498,498,
3422,17,970000,35100,user_18,498,498,
3446,18,670000,0,user_37,498,498,
3436,19,660000,0,user_29,498,498,
3447,20,660000,73100,user_37,498,498,
3412,21,630001,0,user_6,498,498,3410
3415,22,630001,0,user_9,498,498,3410
3420,23,630001,0,user_15,498,498,3410
3410,24,630000,12300,user_5,498,498,
3411,25,629999,0,user_6,498,498,3410
3413,26,629999,0,user_6,498,498,3410
3414,27,629999,0,user_7,498,498,3410
3416,28,629999,0,user_10,498,498,3410
3417,29,629999,0,user_11,498,498,3410
3418,30,629999,0,user_12,498,498,3410
3419,31,629999,0,user_14,498,498,3410
3424,32,530000,0,user_20,498,498,
3435,33,370000,0,user_29,498,498,
3441,34,350000,13900,user_31,498,498,
3421,35,190000,0,user_16,498,498,
3406,36,170000,0,user_3,498,498,
3444,37,160000,0,user_35,498,498,
3409,38,150000,0,user_5,498,498,
3423,39,130000,0,user_19,498,498,
3407,40,120000,0,user_4,498,498,
3430,41,120000,121000,user_26,498,498,
3425,42,98000,0,user_22,498,498,
3438,43,98000,0,user_29,498,498,
3433,44,87000,0,user_28,498,498,
3449,45,85000,0,user_40,498,498,
3448,46,82000,64600,user_38,498,498,
3432,47,79000,64600,user_28,498,498,
3487,0,30000000,0,user_34,499,499,
3455,1,2000000,0,user_0,499,499,
3489,2,2000000,0,user_37,499,499,
3475,3,1800000,0,user_21,499,499,
3473,4,1600000,545000,user_19,499,499,
3471,5,1300000,34700,user_16,499,499,
3486,6,1100000,0,user_34,499,499,
3474,7,970000,0,user_21,499,499,
3491,8,670000,17700000,user_37,499,499,
3490,9,460000,0,user_37,499,499,
3476,10,360000,17000,user_22,499,499,
3482,11,360000,0,user_31,499,499,
3498,12,350000,0,user_44,499,499,
3458,13,310001,0,user_1,499,499,3456
3460,14,310001,0,user_2,499,499,3456
3464,15,310001,0,user_8,499,499,3456
3465,16,310001,0,user_8,499,499,3456
3466,17,310001,0,user_10,499,499,3456
3469,18,310001,0,user_14,499,499,3456
3456,19,310000,7840,user_0,499,499,
3457,20,309999,0,user_0,499,499,3456
3459,21,309999,0,user_2,499,499,3456
3461,22,309999,0,user_3,499,499,3456
3462,23,309999,0,user_3,499,499,3456
3463,24,309999,0,user_4,499,499,3456
3468,25,309999,0,user_12,499,499,3456
3470,26,309999,0,user_15,499,499,3456
3485,27,170000,0,user_34,499,499,
3472,28,160000,0,user_18,499,499,
3479,29,150000,0,user_25,499,499,
3480,30,120000,0,user_26,499,499,
3502,31,120000,17700000,user_49,499,499,
3481,32,110000,0,user_27,499,499,
3503,33,110000,0,user_49,499,499,
3483,34,100000,0,user_32,499,499,
3477,35,87000,7840,user_22,499,499,
3499,36,87000,34700,user_47,499,499,
3478,37,85000,0,user_24,499,499,
3497,38,83000,0,user_43,499,499,
3484,39,79000,0,user_33,499,499,
3500,40,77000,0,user_48,499,499,
3501,41,73000,0,user_49,499,499,
3534,0,30000000,0,user_30,500,500,
3531,1,2300000,0,user_21,500,500,
3536,2,2300000,0,user_34,500,500,
3519,3,2100000,0,user_16,500,500,
3540,4,2000000,5640,user_42,500,500,
3506,5,1900000,0,user_1,500,500,
3508,6,1800001,0,user_6,500,500,3507
3509,7,1800001,0,user_6,500,500,3507
3512,8,1800001,0,user_11,500,500,3507
3515,9,1800001,0,user_13,500,500,3507
3516,10,1800001,0,user_14,500,500,3507
3517,11,1800001,0,user_15,500,500,3507
3507,12,1800000,6390,user_4,500,500,
3510,13,1799999,0,user_7,500,500,3507
3513,14,1799999,0,user_11,500,500,3507
3514,15,1799999,0,user_12,500,500,3507
3526,16,1700000,12800,user_18,500,500,
3532,17,1600000,0,user_21,500,500,
3504,18,1500000,0,user_1,500,500,
3521,19,1500000,0,user_17,500,500,
3530,20,1500000,7840,user_21,500,500,
3524,21,1400000,0,user_17,500,500,
3541,22,1400000,35100,user_43,500,500,
3537,23,1100000,0,user_36,500,500,
3518,24,1000000,15700,user_16,500,500,
3543,25,1000000,0,user_43,500,500,
3547,26,1000000,0,user_45,500,500,
3542,27,660000,0,user_43,500,500,
3529,28,460000,0,user_21,500,500,
3533,29,460000,0,user_22,500,500,
3505,30,370000,0,user_1,500,500,
3535,31,300000,0,user_31,500,500,
3549,32,240000,0,user_48,500,500,
3523,33,220000,0,user_17,500,500,
3527,34,220000,181000,user_19,500,500,
3544,35,220000,10700,user_44,500,500,
3520,36,190000,0,user_17,500,500,
3538,37,130000,0,user_38,500,500,
3525,38,120000,43600,user_18,500,500,
3546,39,120000,0,user_45,500,500,
3522,40,110000,0,user_17,500,500,
3548,41,100000,0,user_47,500,500,
3528,42,87000,0,user_20,500,500,
3545,43,87000,1100000,user_44,500,500,
3573,0,43000000,0,user_26,501,501,
3575,1,43000000,0,user_29,501,501,
3583,2,19000000,0,user_41,501,501,
3587,3,19000000,0,user_46,501,501,
3574,4,6300000,0,user_27,501,501,
3577,5,5000000,0,user_37,501,501,
3585,6,3200000,0,user_43,501,501,
3572,7,2400000,32900,user_24,501,501,
3588,8,2100000,71800,user_46,501,501,
3554,9,2000001,0,user_5,501,501,3553
3558,10,2000001,0,user_11,501,501,3553
3560,11,2000001,0,user_14,501,501,3553
3561,12,2000001,0,user_14,501,501,3553
3562,13,2000001,0,user_14,501,501,3553
3552,14,2000000,0,user_2,501,501,
3553,15,2000000,24700,user_4,501,501,
3556,16,1999999,0,user_10,501,501,3553
3557,17,1999999,0,user_10,501,501,3553
3559,18,1999999,0,user_14,501,501,3553
3563,19,1900000,17000,user_18,501,501,
3581,20,1900000,0,user_39,501,501,
3584,21,1800000,779000,user_42,501,501,
3565,22,1700000,0,user_19,501,501,
3570,23,1500000,0,user_23,501,501,
3579,24,660000,0,user_38,501,501,
3592,25,630000,0,user_47,501,501,
3580,26,530000,68100,user_38,501,501,
3567,27,470000,15700,user_19,501,501,
3576,28,460000,0,user_36,501,501,
3551,29,310000,0,user_0,501,501,
3550,30,300000,0,user_0,501,501,
3571,31,240000,0,user_24,501,501,
3568,32,170000,84800,user_21,501,501,
3589,33,170000,0,user_46,501,501,
3564,34,160000,0,user_18,501,501,
3586,35,150000,0,user_46,501,501,
3590,36,150000,0,user_46,501,501,
3594,37,130000,0,user_49,501,501,
3569,38,120000,545000,user_22,501,501,
3593,39,120000,0,user_49,501,501,
3566,40,110000,0,user_19,501,501,
3591,41,87000,17000,user_47,501,501,
3578,42,85000,0,user_38,501,501,
3624,0,27000000,322000,user_32,502,502,
3643,1,27000000,0,user_46,502,502,
3628,2,6300000,0,user_34,502,502,
3616,3,6100000,24700,user_21,502,502,
3595,4,5000000,0,user_0,502,502,
3615,5,5000000,0,user_20,502,502,
3629,6,4500000,0,user_36,502,502,
3634,7,3600000,594000,user_42,502,502,
3603,8,2500000,0,user_7,502,502,
3619,9,2300000,0,user_28,502,502,
3598,10,2000000,0,user_3,502,502,
3599,11,2000000,0,user_4,502,502,
3613,12,1500000,0,user_19,502,502,
3601,13,1400000,0,user_5,502,502,
3625,14,1400000,0,user_32,502,502,
3612,15,1100000,0,user_17,502,502,
3630,16,1100000,0,user_37,502,502,
3641,17,1100000,0,user_46,502,502,
3626,18,910000,67500,user_33,502,502,
3636,19,910000,0,user_44,502,502,
3622,20,630000,0,user_30,502,502,
3637,21,530000,0,user_44,502,502,
3621,22,420000,769000,user_30,502,502,
3645,23,360000,0,user_48,502,502,
3642,24,340000,0,user_46,502,502,
3602,25,320000,0,user_6,502,502,
3597,26,300000,0,user_2,502,502,
3635,27,240000,0,user_43,502,502,
3644,28,240000,0,user_47,502,502,
3631,29,220000,0,user_38,502,502,
3618,30,190000,0,user_26,502,502,
3620,31,170000,0,user_29,502,502,
3633,32,150000,0,user_41,502,502,
3638,33,150000,0,user_44,502,502,
3639,34,130000,0,user_44,502,502,
3608,35,120001,0,user_15,502,502,3604
3611,36,120001,0,user_15,502,502,3604
3606,37,119999,0,user_11,502,502,3604
3607,38,119999,0,user_12,502,502,3604
3609,39,119999,0,user_15,502,502,3604
3610,40,119999,0,user_15,502,502,3604
3600,41,110000,0,user_5,502,502,
3614,42,110000,0,user_19,502,502,
3623,43,85000,5180,user_32,502,502,
3640,44,83000,13900,user_44,502,502,
3596,45,80000,0,user_1,502,502,
3627,46,79000,18600,user_34,502,502,
3646,47,77000,0,user_48,502,502,
3617,48,73000,0,user_21,502,502,
3689,0,27000000,10700,user_40,503,503,
3686,1,19000000,0,user_37,503,503,
3673,2,3600000,0,user_25,503,503,
3649,3,2300000,0,user_2,503,503,
3671,4,2100000,0,user_20,503,503,
3660,5,1900000,0,user_8,503,503,
3659,6,1600000,0,user_8,503,503,
3672,7,1500000,0,user_24,503,503,
3675,8,1500000,0,user_27,503,503,
3684,9,1000000,0,user_34,503,503,
3663,10,910000,0,user_11,503,503,
3676,11,650000,0,user_28,503,503,
3658,12,630000,0,user_8,503,503,
3662,13,630000,0,user_10,503,503,
3680,14,600000,0,user_32,503,503,
3677,15,470000,0,user_29,503,503,
3651,16,460000,0,user_4,503,503,
3669,17,460000,0,user_20,503,503,
3679,18,420000,0,user_31,503,503,
3685,19,420000,0,user_36,503,503,
3661,20,370000,0,user_9,503,503,
3653,21,350000,0,user_5,503,503,
3693,22,350000,0,user_45,503,503,
3666,23,320000,0,user_15,503,503,
3678,24,320000,0,user_29,503,503,
3665,25,310000,0,user_15,503,503,
3691,26,300000,33100,user_42,503,503,
3655,27,220000,0,user_6,503,503,
3674,28,170000,34700,user_25,503,503,
3687,29,170000,14200,user_38,503,503,
3654,30,160000,0,user_6,503,503,
3657,31,150000,0,user_8,503,503,
3688,32,150000,0,user_38,503,503,
3647,33,120000,0,user_0,503,503,
3656,34,120000,0,user_8,503,503,
3670,35,120000,0,user_20,503,503,
3664,36,110000,0,user_12,503,503,
3652,37,100000,0,user_4,503,503,
3667,38,85000,0,user_16,503,503,
3668,39,73000,0,user_19,503,503,
3681,40,73000,0,user_32,503,503,
3746,0,30000000,0,user_47,504,504,
3731,1,27000000,0,user_32,504,504,
3700,2,6300001,0,user_5,504,504,3699
3703,3,6300001,0,user_8,504,504,3699
3704,4,6300001,0,user_9,504,504,3699
3705,5,6300001,0,user_10,504,504,3699
3706,6,6300001,0,user_10,504,504,3699
3710,7,6300001,0,user_12,504,504,3699
3711,8,6300001,0,user_12,504,504,3699
3712,9,6300001,0,user_14,504,504,3699
3714,10,6300001,0,user_15,504,504,3699
3699,11,6300000,13800,user_5,504,504,
3701,12,6299999,0,user_7,504,504,3699
3702,13,6299999,0,user_8,504,504,3699
3707,14,6299999,0,user_10,504,504,3699
3708,15,6299999,0,user_10,504,504,3699
3709,16,6299999,0,user_10,504,504,3699
3713,17,6299999,0,user_15,504,504,3699
3719,18,4500000,0,user_21,504,504,
3736,19,4500000,0,user_37,504,504,
3730,20,3500000,0,user_31,504,504,
3747,21,1600000,155000,user_48,504,504,
3718,22,1500000,0,user_19,504,504,
3722,23,1500000,0,user_24,504,504,
3735,24,1500000,0,user_36,504,504,
3740,25,1500000,0,user_40,504,504,
3741,26,1400000,7840,user_40,504,504,
3723,27,650000,8520,user_25,504,504,
3727,28,600000,0,user_29,504,504,
3743,29,530000,0,user_44,504,504,
3748,30,420000,0,user_48,504,504,
3732,31,360000,0,user_32,504,504,
3742,32,350000,0,user_43,504,504,
3715,33,190000,0,user_16,504,504,
3697,34,170000,0,user_4,504,504,
3698,35,130000,0,user_5,504,504,
3725,36,120000,510000,user_27,504,504,
3744,37,110000,100000,user_45,504,504,
3724,38,100000,0,user_26,504,504,
3729,39,80000,0,user_31,504,504,
3745,40,80000,0,user_46,504,504,
3739,41,79000,0,user_39,504,504,
3726,42,77000,5180,user_27,504,504,
3750,0,43000000,0,user_1,505,505,
3772,1,6300000,0,user_21,505,505,
3769,2,4200000,0,user_16,505,505,
3788,3,4200000,0,user_38,505,505,
3795,4,4200000,0,user_48,505,505,
3790,5,3600000,0,user_42,505,505,
3794,6,3500000,0,user_45,505,505,
3777,7,2500000,0,user_26,505,505,
3752,8,2400000,0,user_1,505,505,
3792,9,2100000,0,user_43,505,505,
3762,10,2000001,0,user_6,505,505,3760
3764,11,2000001,0,user_10,505,505,3760
3765,12,2000001,0,user_10,505,505,3760
3766,13,2000001,0,user_12,505,505,3760
3767,14,2000001,0,user_13,505,505,3760
3768,15,2000001,0,user_14,505,505,3760
3749,16,2000000,0,user_0,505,505,
3760,17,2000000,35600,user_6,505,505,
3773,18,2000000,7840,user_22,505,505,
3761,19,1999999,0,user_6,505,505,3760
3763,20,1999999,0,user_7,505,505,3760
3789,21,1600000,0,user_39,505,505,
3781,22,1400000,0,user_34,505,505,
3780,23,1200000,0,user_30,505,505,
3758,24,1100000,0,user_5,505,505,
3783,25,970000,0,user_36,505,505,
3796,26,660000,0,user_49,505,505,
3779,27,630000,0,user_29,505,505,
3793,28,530000,0,user_43,505,505,
3770,29,420000,0,user_16,505,505,
3774,30,420000,0,user_23,505,505,
3787,31,370000,0,user_38,505,505,
3756,32,320000,0,user_3,505,505,
3753,33,260000,0,user_1,505,505,
3771,34,150000,0,user_17,505,505,
3786,35,150000,381000,user_37,505,505,
3791,36,150000,0,user_42,505,505,
3751,37,130000,0,user_1,505,505,
3775,38,130000,43600,user_24,505,505,
3785,39,130000,0,user_37,505,505,
3754,40,100000,0,user_1,505,505,
3778,41,100000,0,user_27,505,505,
3759,42,98000,0,user_6,505,505,
3784,43,84000,0,user_36,505,505,
3776,44,79000,0,user_25,505,505,
3755,45,77000,0,user_2,505,505,
3757,46,70000,0,user_4,505,505,
3813,0,5000000,0,user_20,506,506,
3832,1,4500000,5180,user_39,506,506,
3822,2,3600000,0,user_32,506,506,
3826,3,2500000,0,user_34,506,506,
3811,4,2000000,0,user_18,506,506,
3817,5,1900000,0,user_26,506,506,
3815,6,1700000,0,user_23,506,506,
3816,7,1500000,12800,user_24,506,506,
3809,8,1400000,0,user_17,506,506,
3818,9,1100000,13900,user_27,506,506,
3830,10,1100000,0,user_38,506,506,
3834,11,1000000,0,user_46,506,506,
3821,12,600000,0,user_32,506,506,
3799,13,460001,0,user_1,506,506,3797
3802,14,460001,0,user_7,506,506,3797
3797,15,460000,10700,user_0,506,506,
3798,16,459999,0,user_1,506,506,3797
3800,17,459999,0,user_3,506,506,3797
3801,18,459999,0,user_5,506,506,3797
3804,19,459999,0,user_10,506,506,3797
3805,20,459999,0,user_12,506,506,3797
3806,21,459999,0,user_13,506,506,3797
3807,22,459999,0,user_14,506,506,3797
3808,23,300000,84800,user_16,506,506,
3820,24,260000,0,user_31,506,506,
3825,25,260000,0,user_34,506,506,
3810,26,170000,0,user_17,506,506,
3819,27,160000,0,user_30,506,506,
3827,28,160000,100000,user_34,506,506,
3824,29,150000,0,user_32,506,506,
3812,30,130000,0,user_19,506,506,
3814,31,120000,0,user_21,506,506,
3823,32,120000,0,user_32,506,506,
3829,33,110000,779000,user_38,506,506,
3831,34,110000,13900,user_38,506,506,
3836,35,83000,121000,user_49,506,506,
3833,36,82000,0,user_45,506,506,
3835,37,70000,0,user_47,506,506,
3856,0,5000000,0,user_18,507,507,
3868,1,3500000,0,user_30,507,507,
3883,2,3500000,42000,user_43,507,507,
3863,3,2300000,0,user_27,507,507,
3885,4,2100000,0,user_47,507,507,
3837,5,2000000,0,user_0,507,507,
3866,6,2000000,0,user_30,507,507,
3872,7,2000000,0,user_34,507,507,
3888,8,2000000,0,user_49,507,507,
3881,9,1900000,0,user_42,507,507,
3880,10,1500000,0,user_41,507,507,
3876,11,1400000,18600,user_37,507,507,
3857,12,1200000,0,user_22,507,507,
3875,13,1100000,31700,user_36,507,507,
3858,14,1000000,0,user_23,507,507,
3884,15,460000,0,user_45,507,507,
3852,16,420000,0,user_16,507,507,
3861,17,360000,0,user_26,507,507,
3854,18,340000,0,user_16,507,507,
3878,19,320000,0,user_39,507,507,
3855,20,300000,0,user_17,507,507,
3871,21,220000,0,user_34,507,507,
3886,22,220000,0,user_48,507,507,
3867,23,160000,15700,user_30,507,507,
3870,24,160000,0,user_32,507,507,
3877,25,160000,0,user_38,507,507,
3840,26,150001,0,user_4,507,507,3838
3841,27,150001,0,user_6,507,507,3838
3843,28,150001,0,user_7,507,507,3838
3847,29,150001,0,user_13,507,507,3838
3849,30,150001,0,user_15,507,507,3838
3838,31,150000,510000,user_2,507,507,
3864,32,150000,0,user_30,507,507,
3839,33,149999,0,user_3,507,507,3838
3842,34,149999,0,user_7,507,507,3838
3845,35,149999,0,user_10,507,507,3838
3846,36,149999,0,user_11,507,507,3838
3848,37,149999,0,user_14,507,507,3838
3850,38,149999,0,user_15,507,507,3838
3869,39,110000,49100,user_31,507,507,
3853,40,85000,0,user_16,507,507,
3887,41,85000,0,user_49,507,507,
3859,42,82000,256000,user_24,507,507,
3882,43,82000,67900,user_42,507,507,
3860,44,80000,0,user_25,507,507,
3862,45,79000,0,user_27,507,507,
3865,46,79000,84800,user_30,507,507,
3851,47,70000,0,user_16,507,507,
3917,0,30000000,0,user_25,508,508,
3902,1,6300000,0,user_16,508,508,
3911,2,4500000,0,user_18,508,508,
3930,3,4200000,0,user_40,508,508,
3908,4,2300000,0,user_17,508,508,
3931,5,2000000,0,user_42,508,508,
3903,6,1900000,121000,user_16,508,508,
3919,7,1900000,0,user_27,508,508,
3904,8,1600000,181000,user_16,508,508,
3927,9,1500000,0,user_37,508,508,
3901,10,1400000,46500,user_16,508,508,
3921,11,1400000,0,user_30,508,508,
3926,12,1400000,13900,user_36,508,508,
3909,13,1100000,0,user_17,508,508,
3905,14,1000000,0,user_16,508,508,
3915,15,530000,0,user_22,508,508,
3914,16,460000,0,user_21,508,508,
3933,17,460000,0,user_44,508,508,
3907,18,420000,0,user_17,508,508,
3928,19,360000,0,user_37,508,508,
3910,20,350000,0,user_17,508,508,
3906,21,320000,0,user_17,508,508,
3925,22,310000,0,user_34,508,508,
3934,23,190000,0,user_44,508,508,
3913,24,170000,0,user_20,508,508,
3893,25,160001,0,user_5,508,508,3889
3899,26,160001,0,user_14,508,508,3889
3889,27,160000,5630,user_0,508,508,
3890,28,159999,0,user_1,508,508,3889
3891,29,159999,0,user_3,508,508,3889
3892,30,159999,0,user_5,508,508,3889
3894,31,159999,0,user_6,508,508,3889
3895,32,159999,0,user_9,508,508,3889
3900,33,159999,0,user_15,508,508,3889
3918,34,150000,0,user_27,508,508,
3920,35,150000,0,user_27,508,508,
3924,36,150000,0,user_32,508,508,
3923,37,120000,0,user_31,508,508,
3935,38,120000,0,user_45,508,508,
3936,39,120000,0,user_45,508,508,
3932,40,110000,0,user_42,508,508,
3922,41,87000,0,user_30,508,508,
3937,42,85000,0,user_46,508,508,
3939,43,77000,0,user_49,508,508,
3984,0,43000000,0,user_42,509,509,
3947,1,27000000,0,user_7,509,509,
3953,2,6300000,0,user_17,509,509,
3945,3,5000000,0,user_5,509,509,
3941,4,4500000,0,user_1,509,509,
3979,5,4200000,18600,user_38,509,509,
3940,6,3200000,0,user_0,509,509,
3944,7,2000000,0,user_3,509,509,
3965,8,2000000,0,user_23,509,509,
3950,9,1600001,0,user_12,509,509,3948
3951,10,1600001,0,user_14,509,509,3948
3963,11,1600000,0,user_22,509,509,
3990,12,1600000,0,user_44,509,509,
3992,13,1600000,0,user_46,509,509,
3949,14,1599999,0,user_11,509,509,3948
3952,15,1599999,0,user_14,509,509,3948
3983,16,1500000,0,user_42,509,509,
3991,17,1500000,0,user_46,509,509,
3959,18,1400000,31700,user_20,509,509,
3986,19,1400000,0,user_42,509,509,
3967,20,1100000,0,user_25,509,509,
3982,21,1100000,0,user_42,509,509,
3954,22,1000000,0,user_17,509,509,
3964,23,1000000,0,user_22,509,509,
3968,24,1000000,0,user_27,509,509,
3942,25,870000,0,user_2,509,509,
3969,26,870000,0,user_29,509,509,
3962,27,670000,0,user_20,509,509,
3960,28,630000,0,user_20,509,509,
3988,29,600000,0,user_44,509,509,
3970,30,470000,0,user_30,509,509,
3974,31,320000,7190000,user_33,509,509,
3957,32,310000,0,user_19,509,509,
3987,33,310000,31700,user_44,509,509,
3973,34,300000,0,user_32,509,509,
3956,35,260000,0,user_18,509,509,
3975,36,240000,0,user_34,509,509,
3966,37,220000,0,user_24,509,509,
3971,38,170000,0,user_32,509,509,
3946,39,160000,0,user_6,509,509,
3985,40,160000,0,user_42,509,509,
3978,41,130000,410000,user_36,509,509,
3972,42,120000,322000,user_32,509,509,
3989,43,100000,0,user_44,509,509,
3976,44,98000,0,user_34,509,509,
3943,45,85000,0,user_3,509,509,
3981,46,84000,0,user_41,509,509,
3955,47,82000,0,user_18,509,509,
3961,48,82000,0,user_20,509,509,
3958,49,79000,0,user_20,509,509,
4015,0,6300000,0,user_24,510,510,
4021,1,5200000,0,user_33,510,510,
4007,2,5000000,0,user_17,510,510,
4035,3,3600000,0,user_44,510,510,
4039,4,3200000,3130,user_49,510,510,
4014,5,2500000,0,user_23,510,510,
4028,6,2400000,0,user_37,510,510,
4030,7,2300000,181000,user_39,510,510,
4040,8,2100000,0,user_49,510,510,
4009,9,2000000,0,user_19,510,510,
4013,10,1500000,0,user_22,510,510,
4017,11,1500000,0,user_26,510,510,
4034,12,1400000,0,user_44,510,510,
4037,13,1400000,0,user_47,510,510,
4018,14,1000000,0,user_28,510,510,
4019,15,870000,68100,user_30,510,510,
4024,16,650000,0,user_33,510,510,
4012,17,630000,0,user_21,510,510,
4033,18,630000,0,user_42,510,510,
4027,19,530000,285000,user_36,510,510,
3993,20,460000,0,user_0,510,510,
4016,21,350000,0,user_25,510,510,
3996,22,310001,0,user_3,510,510,3995
3997,23,310001,0,user_3,510,510,3995
3998,24,310001,0,user_4,510,510,3995
4002,25,310001,0,user_10,510,510,3995
4003,26,310001,0,user_11,510,510,3995
3995,27,310000,256000,user_2,510,510,
3999,28,309999,0,user_5,510,510,3995
4000,29,309999,0,user_6,510,510,3995
4004,30,309999,0,user_12,510,510,3995
4005,31,309999,0,user_15,510,510,3995
4011,32,300000,0,user_20,510,510,
4036,33,220000,0,user_47,510,510,
4020,34,170000,0,user_31,510,510,
4023,35,170000,0,user_33,510,510,
4010,36,130000,0,user_19,510,510,
4022,37,110000,0,user_33,510,510,
4029,38,110000,0,user_38,510,510,
4032,39,110000,0,user_41,510,510,
4038,40,110000,0,user_48,510,510,
3994,41,85000,0,user_2,510,510,
4006,42,85000,0,user_16,510,510,
4026,43,83000,0,user_36,510,510,
4008,44,79000,0,user_18,510,510,
4031,45,70000,0,user_39,510,510,
4071,0,6100000,0,user_29,511,511,
4067,1,5000000,0,user_22,511,511,
4044,2,2500000,0,user_3,511,511,
4073,3,2500000,0,user_32,511,511,
4063,4,2000000,0,user_16,511,511,
4077,5,2000000,0,user_35,511,511,
4078,6,1900000,0,user_36,511,511,
4041,7,1600000,0,user_1,511,511,
4083,8,1500000,0,user_42,511,511,
4075,9,1200000,0,user_34,511,511,
4082,10,1000000,0,user_40,511,511,
4084,11,1000000,0,user_44,511,511,
4089,12,970000,0,user_49,511,511,
4065,13,870000,0,user_19,511,511,
4086,14,530000,0,user_46,511,511,
4076,15,470000,128000,user_34,511,511,
4088,16,460000,0,user_47,511,511,
4069,17,310000,0,user_24,511,511,
4079,18,310000,0,user_37,511,511,
4042,19,240000,0,user_1,511,511,
4087,20,170000,0,user_46,511,511,
4047,21,160001,0,user_3,511,511,4045
4048,22,160001,0,user_4,511,511,4045
4050,23,160001,0,user_6,511,511,4045
4051,24,160001,0,user_7,511,511,4045
4052,25,160001,0,user_8,511,511,4045
4055,26,160001,0,user_12,511,511,4045
4057,27,160001,0,user_12,511,511,4045
4061,28,160001,0,user_15,511,511,4045
4062,29,160001,0,user_15,511,511,4045
4045,30,160000,510000,user_3,511,511,
4046,31,159999,0,user_3,511,511,4045
4049,32,159999,0,user_5,511,511,4045
4054,33,159999,0,user_12,511,511,4045
4056,34,159999,0,user_12,511,511,4045
4058,35,159999,0,user_12,511,511,4045
4060,36,159999,0,user_15,511,511,4045
4043,37,150000,0,user_2,511,511,
4068,38,110000,0,user_22,511,511,
4074,39,110000,0,user_32,511,511,
4064,40,100000,0,user_17,511,511,
4070,41,82000,17000,user_29,511,511,
4066,42,79000,0,user_21,511,511,
4085,43,73000,0,user_45,511,511,
4116,0,30000000,39400,user_30,512,512,
4137,1,30000000,0,user_48,512,512,
4106,2,6100000,0,user_18,512,512,
4124,3,5000000,49100,user_39,512,512,
4118,4,4500000,0,user_34,512,512,
4107,5,4200000,0,user_18,512,512,
4128,6,3500000,0,user_41,512,512,
4132,7,3500000,0,user_45,512,512,
4119,8,2000000,0,user_35,512,512,
4126,9,1500000,0,user_40,512,512,
4135,10,1500000,0,user_45,512,512,
4130,11,1200000,231000,user_44,512,512,
4120,12,1100000,0,user_35,512,512,
4122,13,1100000,11200,user_36,512,512,
4133,14,1000000,0,user_45,512,512,
4112,15,670000,0,user_27,512,512,
4125,16,660000,215000,user_40,512,512,
4138,17,660000,0,user_49,512,512,
4114,18,630000,0,user_28,512,512,
4113,19,600000,0,user_27,512,512,
4134,20,460000,0,user_45,512,512,
4129,21,370000,0,user_42,512,512,
4091,22,340001,0,user_3,512,512,4090
4092,23,340001,0,user_4,512,512,4090
4096,24,340001,0,user_6,512,512,4090
4099,25,340001,0,user_9,512,512,4090
4104,26,340001,0,user_15,512,512,4090
4090,27,340000,369000,user_1,512,512,
4093,28,339999,0,user_4,512,512,4090
4094,29,339999,0,user_5,512,512,4090
4095,30,339999,0,user_6,512,512,4090
4098,31,339999,0,user_9,512,512,4090
4123,32,310000,46500,user_37,512,512,
4121,33,170000,0,user_35,512,512,
4115,34,150000,0,user_29,512,512,
4110,35,120000,0,user_25,512,512,
4105,36,110000,0,user_17,512,512,
4131,37,98000,0,user_45,512,512,
4108,38,87000,769000,user_21,512,512,
4127,39,87000,108000,user_41,512,512,
4136,40,82000,0,user_46,512,512,
4117,41,70000,0,user_32,512,512,
4169,0,2600000,0,user_46,513,513,
4161,1,2300000,0,user_31,513,513,
4155,2,2100000,0,user_22,513,513,
4170,3,2000000,0,user_48,513,513,
4158,4,1900000,410000,user_30,513,513,
4140,5,1600000,0,user_1,513,513,
4154,6,1400000,0,user_19,513,513,
4159,7,1000000,0,user_31,513,513,
4165,8,660000,4320000,user_41,513,513,
4143,9,460001,0,user_6,513,513,4141
4144,10,460001,0,user_8,513,513,4141
4146,11,460001,0,user_10,513,513,4141
4147,12,460001,0,user_10,513,513,4141
4149,13,460001,0,user_14,513,513,4141
4141,14,460000,35600,user_2,513,513,
4142,15,459999,0,user_4,513,513,4141
4145,16,459999,0,user_9,513,513,4141
4148,17,459999,0,user_11,513,513,4141
4150,18,459999,0,user_15,513,513,4141
4153,19,340000,35100,user_19,513,513,
4160,20,320000,0,user_31,513,513,
4163,21,150000,0,user_36,513,513,
4171,22,150000,0,user_49,513,513,
4139,23,120000,0,user_1,513,513,
4164,24,110000,0,user_39,513,513,
4156,25,98000,0,user_27,513,513,
4162,26,98000,71800,user_33,513,513,
4166,27,77000,0,user_41,513,513,
4212,0,43000000,0,user_41,514,514,
4175,1,30000001,0,user_3,514,514,4173
4177,2,30000001,0,user_6,514,514,4173
4178,3,30000001,0,user_6,514,514,4173
4179,4,30000001,0,user_8,514,514,4173
4181,5,30000001,0,user_8,514,514,4173
4185,6,30000001,0,user_10,514,514,4173
4186,7,30000001,0,user_12,514,514,4173
4188,8,30000001,0,user_12,514,514,4173
4189,9,30000001,0,user_12,514,514,4173
4192,10,30000001,0,user_15,514,514,4173
4173,11,30000000,10700,user_2,514,514,
4174,12,29999999,0,user_3,514,514,4173
4176,13,29999999,0,user_4,514,514,4173
4180,14,29999999,0,user_8,514,514,4173
4182,15,29999999,0,user_8,514,514,4173
4183,16,29999999,0,user_8,514,514,4173
4184,17,29999999,0,user_9,514,514,4173
4187,18,29999999,0,user_12,514,514,4173
4190,19,29999999,0,user_12,514,514,4173
4213,20,6100000,0,user_42,514,514,
4201,21,3500000,0,user_23,514,514,
4206,22,3500000,0,user_31,514,514,
4195,23,2300000,0,user_16,514,514,
4209,24,1500000,0,user_38,514,514,
4210,25,1400000,0,user_39,514,514,
4198,26,1200000,0,user_18,514,514,
4204,27,600000,0,user_28,514,514,
4205,28,470000,0,user_30,514,514,
4196,29,420000,0,user_16,514,514,
4208,30,420000,0,user_37,514,514,
4193,31,170000,0,user_16,514,514,
4217,32,170000,769000,user_49,514,514,
4211,33,160000,0,user_40,514,514,
4197,34,150000,0,user_16,514,514,
4200,35,150000,0,user_20,514,514,
4194,36,120000,0,user_16,514,514,
4207,37,120000,0,user_35,514,514,
4214,38,120000,0,user_43,514,514,
4202,39,79000,0,user_24,514,514,
4199,40,77000,0,user_20,514,514,
4249,0,30000000,12300,user_32,515,515,
4254,1,19000000,369000,user_34,515,515,
4267,2,19000000,0,user_48,515,515,
4234,3,6300000,231000,user_17,515,515,
4247,4,6300000,12800,user_29,515,515,
4241,5,4500000,0,user_26,515,515,
4246,6,3600000,0,user_29,515,515,
4244,7,2600000,0,user_28,515,515,
4237,8,2300000,0,user_20,515,515,
4232,9,2100000,0,user_16,515,515,
4264,10,1800000,24700,user_44,515,515,
4266,11,1600000,0,user_47,515,515,
4253,12,1500000,0,user_34,515,515,
4236,13,1300000,0,user_19,515,515,
4230,14,1100000,0,user_16,515,515,
4243,15,1000000,0,user_27,515,515,
4250,16,1000000,0,user_34,515,515,
4259,17,1000000,0,user_39,515,515,
4240,18,910000,0,user_24,515,515,
4233,19,670000,36800,user_16,515,515,
4256,20,670000,0,user_36,515,515,
4242,21,660000,0,user_26,515,515,
4235,22,420000,0,user_17,515,515,
4263,23,420000,0,user_43,515,515,
4239,24,260000,0,user_23,515,515,
4251,25,220000,0,user_34,515,515,
4220,26,170001,0,user_3,515,515,4218
4223,27,170001,0,user_7,515,515,4218
4226,28,170001,0,user_10,515,515,4218
4227,29,170001,0,user_11,515,515,4218
4218,30,170000,68100,user_0,515,515,
4231,31,170000,0,user_16,515,515,
4257,32,170000,12300,user_37,515,515,
4219,33,169999,0,user_1,515,515,4218
4221,34,169999,0,user_3,515,515,4218
4222,35,169999,0,user_4,515,515,4218
4228,36,169999,0,user_15,515,515,4218
4229,37,150000,0,user_16,515,515,
4238,38,150000,0,user_21,515,515,
4261,39,150000,0,user_41,515,515,
4262,40,120000,0,user_42,515,515,
4245,41,110000,0,user_28,515,515,
4252,42,110000,0,user_34,515,515,
4265,43,100000,0,user_46,515,515,
4248,44,87000,146000,user_31,515,515,
4258,45,82000,0,user_38,515,515,
4311,0,30000000,0,user_32,516,516,
4270,1,27000001,0,user_6,516,516,4269
4271,2,27000001,0,user_6,516,516,4269
4273,3,27000001,0,user_7,516,516,4269
4276,4,27000001,0,user_9,516,516,4269
4277,5,27000001,0,user_9,516,516,4269
4278,6,27000001,0,user_9,516,516,4269
4281,7,27000001,0,user_10,516,516,4269
4282,8,27000001,0,user_10,516,516,4269
4284,9,27000001,0,user_11,516,516,4269
4286,10,27000001,0,user_14,516,516,4269
4269,11,27000000,195000,user_6,516,516,
4298,12,27000000,0,user_24,516,516,
4324,13,27000000,0,user_46,516,516,
4272,14,26999999,0,user_7,516,516,4269
4274,15,26999999,0,user_8,516,516,4269
4275,16,26999999,0,user_9,516,516,4269
4279,17,26999999,0,user_9,516,516,4269
4280,18,26999999,0,user_10,516,516,4269
4283,19,26999999,0,user_10,516,516,4269
4285,20,26999999,0,user_13,516,516,4269
4323,21,19000000,0,user_45,516,516,
4304,22,5000000,0,user_29,516,516,
4294,23,4200000,0,user_22,516,516,
4302,24,4200000,0,user_28,516,516,
4317,25,3600000,0,user_39,516,516,
4309,26,3500000,0,user_31,516,516,
4296,27,3200000,0,user_23,516,516,
4319,28,2600000,0,user_42,516,516,
4321,29,2600000,0,user_44,516,516,
4305,30,1800000,0,user_29,516,516,
4308,31,1700000,594000,user_31,516,516,
4303,32,1400000,0,user_29,516,516,
4316,33,1400000,0,user_39,516,516,
4292,34,1300000,5180,user_19,516,516,
4297,35,1100000,0,user_23,516,516,
4290,36,660000,0,user_18,516,516,
4313,37,650000,10700,user_37,516,516,
4301,38,600000,0,user_27,516,516,
4306,39,460000,0,user_29,516,516,
4310,40,310000,296000,user_32,516,516,
4315,41,220000,0,user_39,516,516,
4312,42,190000,0,user_35,516,516,
4295,43,170000,0,user_22,516,516,
4299,44,170000,0,user_24,516,516,
4287,45,130000,0,user_16,516,516,
4268,46,120000,0,user_4,516,516,
4318,47,120000,42000,user_42,516,516,
4289,48,110000,0,user_17,516,516,
4314,49,110000,0,user_38,516,516,
4300,50,100000,0,user_26,516,516,
4288,51,87000,0,user_16,516,516,
4291,52,82000,0,user_19,516,516,
4322,53,77000,0,user_45,516,516,
4341,0,6100000,0,user_16,517,517,
4368,1,6100000,381000,user_43,517,517,
4379,2,6100000,0,user_49,517,517,
4359,3,5200000,0,user_35,517,517,
4352,4,5000000,0,user_29,517,517,
4346,5,4500000,0,user_21,517,517,
4370,6,3600000,0,user_43,517,517,
4333,7,3500001,0,user_8,517,517,4332
4334,8,3500001,0,user_8,517,517,4332
4335,9,3500001,0,user_10,517,517,4332
4336,10,3500001,0,user_11,517,517,4332
4340,11,3500001,0,user_15,517,517,4332
4332,12,3500000,84800,user_6,517,517,
4338,13,3499999,0,user_13,517,517,4332
4339,14,3499999,0,user_14,517,517,4332
4350,15,2600000,0,user_27,517,517,
4376,16,2600000,283000,user_46,517,517,
4369,17,2500000,0,user_43,517,517,
4373,18,2000000,0,user_46,517,517,
4349,19,1800000,128000,user_23,517,517,
4348,20,1600000,0,user_23,517,517,
4351,21,1600000,0,user_28,517,517,
4328,22,1500000,0,user_3,517,517,
4364,23,1500000,0,user_37,517,517,
4329,24,1400000,0,user_4,517,517,
4371,25,1400000,24700,user_45,517,517,
4342,26,1000000,0,user_17,517,517,
4363,27,1000000,56200,user_37,517,517,
4327,28,600000,0,user_1,517,517,
4355,29,600000,0,user_31,517,517,
4353,30,470000,0,user_29,517,517,
4345,31,460000,0,user_21,517,517,
4344,32,350000,0,user_20,517,517,
4374,33,350000,0,user_46,517,517,
4330,34,340000,0,user_4,517,517,
4331,35,340000,0,user_6,517,517,
4366,36,320000,0,user_39,517,517,
4377,37,320000,0,user_46,517,517,
4362,38,310000,18600,user_37,517,517,
4343,39,170000,0,user_18,517,517,
4358,40,160000,0,user_34,517,517,
4347,41,150000,0,user_22,517,517,
4372,42,150000,0,user_45,517,517,
4361,43,120000,0,user_37,517,517,
4326,44,110000,0,user_0,517,517,
4360,45,110000,0,user_37,517,517,
4354,46,98000,0,user_30,517,517,
4357,47,83000,0,user_33,517,517,
4365,48,82000,0,user_38,517,517,
4375,49,77000,0,user_46,517,517,
4382,0,27000000,0,user_2,518,518,
4410,1,27000000,0,user_22,518,518,
4421,2,19000000,0,user_30,518,518,
4383,3,6100000,0,user_3,518,518,
4414,4,6100000,0,user_26,518,518,
4381,5,5200000,0,user_1,518,518,
4418,6,4500000,350000,user_29,518,518,
4412,7,3600000,0,user_23,518,518,
4408,8,3500000,0,user_18,518,518,
4427,9,3500000,0,user_36,518,518,
4429,10,3200000,0,user_40,518,518,
4423,11,2600000,64600,user_34,518,518,
4380,12,2400000,0,user_0,518,518,
4431,13,2000000,0,user_43,518,518,
4425,14,1600000,0,user_35,518,518,
4428,15,1600000,0,user_39,518,518,
4435,16,1600000,545000,user_47,518,518,
4415,17,970000,0,user_27,518,518,
4417,18,970000,0,user_28,518,518,
4413,19,870000,0,user_24,518,518,
4416,20,650000,0,user_28,518,518,
4411,21,600000,0,user_22,518,518,
4426,22,600000,0,user_36,518,518,
4406,23,420000,0,user_16,518,518,
4420,24,420000,35100,user_30,518,518,
4424,25,420000,36800,user_34,518,518,
4433,26,310000,0,user_45,518,518,
4409,27,260000,0,user_21,518,518,
4436,28,190000,0,user_49,518,518,
4407,29,160000,0,user_18,518,518,
4422,30,160000,0,user_30,518,518,
4434,31,150000,0,user_46,518,518,
4432,32,120000,0,user_43,518,518,
4419,33,110000,0,user_30,518,518,
4387,34,79001,0,user_7,518,518,4384
4388,35,79001,0,user_8,518,518,4384
4392,36,79001,0,user_10,518,518,4384
4393,37,79001,0,user_10,518,518,4384
4396,38,79001,0,user_12,518,518,4384
4398,39,79001,0,user_12,518,518,4384
4400,40,79001,0,user_13,518,518,4384
4402,41,79001,0,user_13,518,518,4384
4403,42,79001,0,user_13,518,518,4384
4389,43,78999,0,user_9,518,518,4384
4390,44,78999,0,user_10,518,518,4384
4391,45,78999,0,user_10,518,518,4384
4394,46,78999,0,user_12,518,518,4384
4395,47,78999,0,user_12,518,518,4384
4397,48,78999,0,user_12,518,518,4384
4399,49,78999,0,user_13,518,518,4384
4401,50,78999,0,user_13,518,518,4384
4404,51,78999,0,user_14,518,518,4384
4405,52,78999,0,user_15,518,518,4384
4463,0,27000000,0,user_25,519,519,
4474,1,5000000,0,user_35,519,519,
4482,2,4500000,0,user_40,519,519,
4466,3,3600000,0,user_27,519,519,
4490,4,2400000,0,user_49,519,519,
4461,5,2300000,32900,user_24,519,519,
4484,6,2000000,0,user_44,519,519,
4437,7,1800000,0,user_0,519,519,
4483,8,1700000,23500,user_42,519,519,
4455,9,1500000,0,user_16,519,519,
4462,10,1500000,0,user_24,519,519,
4476,11,1400000,0,user_37,519,519,
4489,12,1400000,0,user_49,519,519,
4468,13,1300000,4320000,user_29,519,519,
4472,14,1200000,0,user_33,519,519,
4457,15,1100000,0,user_20,519,519,
4481,16,1100000,84800,user_39,519,519,
4478,17,1000000,0,user_39,519,519,
4491,18,670000,13800,user_49,519,519,
4467,19,470000,0,user_28,519,519,
4487,20,460000,0,user_47,519,519,
4475,21,420000,0,user_37,519,519,
4480,22,420000,0,user_39,519,519,
4486,23,370000,0,user_46,519,519,
4471,24,260000,0,user_32,519,519,
4470,25,220000,0,user_31,519,519,
4464,26,160000,0,user_26,519,519,
4479,27,160000,0,user_39,519,519,
4456,28,150000,181000,user_19,519,519,
4485,29,150000,350000,user_45,519,519,
4439,30,120001,0,user_3,519,519,4438
4440,31,120001,0,user_4,519,519,4438
4441,32,120001,0,user_6,519,519,4438
4444,33,120001,0,user_8,519,519,4438
4445,34,120001,0,user_9,519,519,4438
4451,35,120001,0,user_12,519,519,4438
4452,36,120001,0,user_12,519,519,4438
4453,37,120001,0,user_14,519,519,4438
4438,38,120000,16400,user_3,519,519,
4442,39,119999,0,user_6,519,519,4438
4443,40,119999,0,user_8,519,519,4438
4446,41,119999,0,user_10,519,519,4438
4448,42,119999,0,user_12,519,519,4438
4449,43,119999,0,user_12,519,519,4438
4450,44,119999,0,user_12,519,519,4438
4454,45,110000,0,user_16,519,519,
4488,46,84000,0,user_49,519,519,
4477,47,82000,0,user_39,519,519,
4465,48,77000,0,user_26,519,519,
4535,0,27000000,0,user_40,520,520,
4520,1,19000000,67900,user_27,520,520,
4519,2,6100000,0,user_26,520,520,
4537,3,5200000,67500,user_41,520,520,
4546,4,5000000,0,user_47,520,520,
4548,5,4500000,0,user_48,520,520,
4532,6,4200000,0,user_36,520,520,
4549,7,3500000,146000,user_49,520,520,
4528,8,2600000,0,user_33,520,520,
4494,9,2300000,0,user_3,520,520,
4521,10,1800000,0,user_28,520,520,
4523,11,1700000,0,user_30,520,520,
4501,12,1500000,0,user_6,520,520,
4526,13,1500000,3130,user_30,520,520,
4529,14,1500000,0,user_34,520,520,
4539,15,1400000,181000,user_43,520,520,
4514,16,1100000,0,user_22,520,520,
4533,17,1100000,0,user_36,520,520,
4512,18,1000000,0,user_19,520,520,
4495,19,970000,0,user_4,520,520,
4545,20,870000,0,user_47,520,520,
4516,21,650000,0,user_24,520,520,
4544,22,630000,17000,user_47,520,520,
4530,23,600000,5180,user_34,520,520,
4524,24,470000,0,user_30,520,520,
4541,25,470000,0,user_44,520,520,
4500,26,460000,0,user_6,520,520,
4547,27,460000,42000,user_47,520,520,
4493,28,420000,0,user_2,520,520,
4525,29,360000,0,user_30,520,520,
4492,30,320000,0,user_2,520,520,
4527,31,320000,14200,user_31,520,520,
4498,32,300000,0,user_5,520,520,
4515,33,300000,0,user_23,520,520,
4497,34,220000,0,user_5,520,520,
4522,35,220000,0,user_28,520,520,
4536,36,220000,36800,user_40,520,520,
4513,37,190000,0,user_20,520,520,
4505,38,150001,0,user_10,520,520,4502
4511,39,150001,0,user_15,520,520,4502
4502,40,150000,381000,user_6,520,520,
4503,41,149999,0,user_6,520,520,4502
4504,42,149999,0,user_8,520,520,4502
4506,43,149999,0,user_11,520,520,4502
4508,44,149999,0,user_14,520,520,4502
4509,45,149999,0,user_14,520,520,4502
4510,46,149999,0,user_14,520,520,4502
4543,47,110000,19700,user_47,520,520,
4540,48,87000,0,user_43,520,520,
4496,49,77000,0,user_4,520,520,
4499,50,73000,0,user_6,520,520,
4517,51,70000,18600,user_24,520,520,
4602,0,19000000,0,user_47,521,521,
4596,1,6100000,0,user_38,521,521,
4578,2,5000000,0,user_19,521,521,
4598,3,5000000,0,user_40,521,521,
4555,4,2400001,0,user_1,521,521,4554
4557,5,2400001,0,user_1,521,521,4554
4558,6,2400001,0,user_4,521,521,4554
4559,7,2400001,0,user_5,521,521,4554
4562,8,2400001,0,user_9,521,521,4554
4563,9,2400001,0,user_9,521,521,4554
4564,10,2400001,0,user_10,521,521,4554
4568,11,2400001,0,user_12,521,521,4554
4570,12,2400001,0,user_12,521,521,4554
4571,13,2400001,0,user_13,521,521,4554
4554,14,2400000,36800,user_1,521,521,
4556,15,2399999,0,user_1,521,521,4554
4565,16,2399999,0,user_10,521,521,4554
4566,17,2399999,0,user_11,521,521,4554
4567,18,2399999,0,user_12,521,521,4554
4569,19,2399999,0,user_12,521,521,4554
4572,20,2399999,0,user_14,521,521,4554
4594,21,1800000,594000,user_35,521,521,
4573,22,1600000,0,user_16,521,521,
4603,23,1500000,0,user_48,521,521,
4590,24,1400000,0,user_31,521,521,
4588,25,1300000,0,user_29,521,521,
4575,26,1200000,0,user_19,521,521,
4582,27,1100000,0,user_22,521,521,
4587,28,1000000,0,user_26,521,521,
4592,29,1000000,0,user_34,521,521,
4589,30,970000,3130,user_30,521,521,
4553,31,630000,0,user_1,521,521,
4576,32,630000,350000,user_19,521,521,
4597,33,460000,0,user_39,521,521,
4552,34,360000,0,user_0,521,521,
4574,35,360000,0,user_17,521,521,
4581,36,220000,84800,user_21,521,521,
4600,37,220000,0,user_44,521,521,
4550,38,170000,0,user_0,521,521,
4584,39,120000,0,user_23,521,521,
4577,40,110000,100000,user_19,521,521,
4593,41,110000,164000,user_34,521,521,
4586,42,100000,0,user_25,521,521,
4591,43,98000,0,user_34,521,521,
4551,44,87000,0,user_0,521,521,
4583,45,82000,0,user_22,521,521,
4599,46,79000,0,user_41,521,521,
4604,47,79000,0,user_48,521,521,
4601,48,77000,285000,user_45,521,521,
4624,0,6300000,0,user_21,522,522,
4613,1,5200000,0,user_12,522,522,
4650,2,5200000,0,user_45,522,522,
4626,3,5000000,0,user_23,522,522,
4653,4,5000000,121000,user_46,522,522,
4625,5,4500000,0,user_21,522,522,
4614,6,4200000,84800,user_13,522,522,
4615,7,4199999,0,user_15,522,522,4614
4648,8,3600000,0,user_43,522,522,
4607,9,3500000,0,user_1,522,522,
4641,10,2600000,0,user_38,522,522,
4651,11,2600000,0,user_46,522,522,
4606,12,2000000,0,user_1,522,522,
4608,13,2000000,0,user_2,522,522,
4621,14,2000000,49100,user_21,522,522,
4635,15,2000000,0,user_28,522,522,
4646,16,2000000,0,user_41,522,522,
4628,17,1900000,0,user_26,522,522,
4640,18,1800000,0,user_38,522,522,
4631,19,1000000,0,user_27,522,522,
4636,20,970000,0,user_31,522,522,
4644,21,970000,6390,user_38,522,522,
4616,22,670000,0,user_17,522,522,
4618,23,660000,0,user_18,522,522,
4612,24,650000,0,user_10,522,522,
4617,25,600000,0,user_17,522,522,
4622,26,460000,322000,user_21,522,522,
4642,27,460000,0,user_38,522,522,
4655,28,460000,3130,user_47,522,522,
4611,29,420000,0,user_6,522,522,
4637,30,360000,0,user_33,522,522,
4639,31,340000,0,user_37,522,522,
4610,32,220000,0,user_4,522,522,
4627,33,160000,0,user_25,522,522,
4609,34,150000,0,user_3,522,522,
4629,35,150000,0,user_27,522,522,
4630,36,130000,0,user_27,522,522,
4647,37,130000,0,user_42,522,522,
4623,38,120000,0,user_21,522,522,
4632,39,120000,0,user_27,522,522,
4652,40,120000,0,user_46,522,522,
4619,41,110000,0,user_19,522,522,
4634,42,110000,32900,user_28,522,522,
4643,43,110000,0,user_38,522,522,
4654,44,110000,0,user_46,522,522,
4656,45,100000,0,user_48,522,522,
4633,46,85000,0,user_27,522,522,
4605,47,82000,0,user_0,522,522,
4620,48,82000,6390,user_20,522,522,
4657,49,80000,8520,user_49,522,522,
4649,50,70000,84800,user_44,522,522,
4709,0,30000000,0,user_42,523,523,
4684,1,5200000,0,user_19,523,523,
4693,2,5200000,0,user_27,523,523,
4672,3,5000000,0,user_11,523,523,
4716,4,5000000,0,user_49,523,523,
4704,5,4200000,0,user_35,523,523,
4707,6,3500000,30200,user_37,523,523,
4702,7,2600000,0,user_33,523,523,
4708,8,1700000,12800,user_38,523,523,
4670,9,1600000,0,user_10,523,523,
4692,10,1600000,0,user_24,523,523,
4705,11,1600000,0,user_36,523,523,
4703,12,1400000,0,user_34,523,523,
4660,13,1200000,0,user_3,523,523,
4694,14,1200000,0,user_27,523,523,
4669,15,1100000,0,user_10,523,523,
4687,16,1000000,66100,user_21,523,523,
4715,17,1000000,0,user_49,523,523,
4706,18,970000,0,user_37,523,523,
4691,19,910000,0,user_24,523,523,
4685,20,670000,0,user_19,523,523,
4663,21,660000,0,user_4,523,523,
4671,22,660000,0,user_11,523,523,
4699,23,630000,146000,user_33,523,523,
4688,24,350000,0,user_22,523,523,
4664,25,340000,0,user_5,523,523,
4700,26,340000,0,user_33,523,523,
4696,27,260000,0,user_31,523,523,
4683,28,220000,0,user_19,523,523,
4701,29,190000,0,user_33,523,523,
4680,30,170000,0,user_16,523,523,
4689,31,170000,0,user_22,523,523,
4710,32,170000,0,user_42,523,523,
4713,33,170000,8520,user_44,523,523,
4686,34,160000,139000,user_19,523,523,
4659,35,150000,0,user_1,523,523,
4690,36,150000,0,user_23,523,523,
4658,37,130000,0,user_0,523,523,
4662,38,120000,0,user_4,523,523,
4677,39,110001,0,user_13,523,523,4674
4661,40,110000,0,user_3,523,523,
4668,41,110000,0,user_9,523,523,
4678,42,109999,0,user_14,523,523,4674
4714,43,98000,0,user_47,523,523,
4697,44,82000,15100,user_32,523,523,
4698,45,77000,13900,user_33,523,523,
4768,0,6100000,0,user_46,524,524,
4760,1,5000000,0,user_35,524,524,
4750,2,4200000,17000,user_23,524,524,
4755,3,4200000,0,user_32,524,524,
4741,4,3600000,17700000,user_16,524,524,
4743,5,3600000,0,user_17,524,524,
4761,6,3200000,0,user_35,524,524,
4744,7,2500000,0,user_17,524,524,
4762,8,2400000,0,user_35,524,524,
4769,9,2100000,0,user_47,524,524,
4724,10,2000001,0,user_5,524,524,4718
4725,11,2000001,0,user_5,524,524,4718
4727,12,2000001,0,user_7,524,524,4718
4728,13,2000001,0,user_8,524,524,4718
4730,14,2000001,0,user_10,524,524,4718
4731,15,2000001,0,user_10,524,524,4718
4733,16,2000001,0,user_11,524,524,4718
4734,17,2000001,0,user_11,524,524,4718
4735,18,2000001,0,user_11,524,524,4718
4737,19,2000001,0,user_11,524,524,4718
4720,20,1999999,0,user_2,524,524,4718
4721,21,1999999,0,user_4,524,524,4718
4722,22,1999999,0,user_5,524,524,4718
4723,23,1999999,0,user_5,524,524,4718
4726,24,1999999,0,user_6,524,524,4718
4729,25,1999999,0,user_9,524,524,4718
4732,26,1999999,0,user_10,524,524,4718
4736,27,1999999,0,user_11,524,524,4718
4738,28,1999999,0,user_12,524,524,4718
4739,29,1999999,0,user_13,524,524,4718
4766,30,1900000,0,user_44,524,524,
4765,31,1800000,0,user_43,524,524,
4770,32,1500000,0,user_48,524,524,
4745,33,970000,0,user_17,524,524,
4754,34,660000,35600,user_31,524,524,
4749,35,650000,0,user_21,524,524,
4767,36,650000,0,user_44,524,524,
4742,37,470000,0,user_16,524,524,
4763,38,470000,18600,user_39,524,524,
4758,39,360000,0,user_35,524,524,
4752,40,260000,0,user_28,524,524,
4746,41,240000,195000,user_17,524,524,
4753,42,220000,0,user_30,524,524,
4759,43,220000,0,user_35,524,524,
4756,44,120000,0,user_32,524,524,
4748,45,110000,0,user_19,524,524,
4764,46,85000,100000,user_42,524,524,
4772,0,30000000,0,user_0,525,525,
4802,1,5200000,0,user_31,525,525,
4775,2,3600000,0,user_2,525,525,
4812,3,3200000,128000,user_43,525,525,
4813,4,3200000,0,user_45,525,525,
4795,5,1800000,0,user_26,525,525,
4816,6,1700000,0,user_48,525,525,
4790,7,1600000,510000,user_22,525,525,
4789,8,1500000,0,user_19,525,525,
4793,9,1500000,0,user_24,525,525,
4791,10,1000000,0,user_23,525,525,
4811,11,460000,0,user_42,525,525,
4797,12,370000,17000,user_26,525,525,
4778,13,360000,0,user_5,525,525,
4787,14,240000,0,user_18,525,525,
4794,15,220000,0,user_25,525,525,
4804,16,220000,0,user_34,525,525,
4777,17,170000,0,user_4,525,525,
4817,18,170000,0,user_49,525,525,
4801,19,160000,0,user_30,525,525,
4815,20,160000,0,user_47,525,525,
4796,21,150000,0,user_26,525,525,
4798,22,130000,0,user_26,525,525,
4788,23,120000,11200,user_19,525,525,
4803,24,120000,155000,user_34,525,525,
4814,25,120000,0,user_45,525,525,
4792,26,100000,0,user_24,525,525,
4774,27,84000,0,user_2,525,525,
4773,28,80000,0,user_1,525,525,
4780,29,79001,0,user_8,525,525,4779
4781,30,79001,0,user_8,525,525,4779
4785,31,79001,0,user_12,525,525,4779
4786,32,79001,0,user_13,525,525,4779
4779,33,79000,128000,user_7,525,525,
4782,34,78999,0,user_10,525,525,4779
4776,35,77000,0,user_3,525,525,
4800,36,77000,32900,user_27,525,525,
4799,37,73000,0,user_26,525,525,
4810,38,73000,0,user_41,525,525,
4847,0,43000000,17000,user_32,526,526,
4856,1,5000000,0,user_40,526,526,
4860,2,5000000,0,user_44,526,526,
4844,3,4500000,0,user_28,526,526,
4821,4,2400001,0,user_6,526,526,4818
4823,5,2400001,0,user_7,526,526,4818
4824,6,2400001,0,user_9,526,526,4818
4825,7,2400001,0,user_10,526,526,4818
4830,8,2400001,0,user_15,526,526,4818
4818,9,2400000,49100,user_0,526,526,
4819,10,2399999,0,user_3,526,526,4818
4820,11,2399999,0,user_5,526,526,4818
4822,12,2399999,0,user_7,526,526,4818
4827,13,2399999,0,user_12,526,526,4818
4828,14,2399999,0,user_12,526,526,4818
4829,15,2399999,0,user_14,526,526,4818
4863,16,2000000,0,user_46,526,526,
4867,17,2000000,0,user_47,526,526,
4868,18,2000000,0,user_47,526,526,
4850,19,1700000,0,user_35,526,526,
4841,20,1300000,0,user_27,526,526,
4837,21,1100000,0,user_25,526,526,
4835,22,1000000,0,user_25,526,526,
4864,23,910000,0,user_46,526,526,
4869,24,910000,15100,user_49,526,526,
4852,25,600000,0,user_37,526,526,
4845,26,530000,67500,user_29,526,526,
4839,27,460000,0,user_25,526,526,
4858,28,420000,39400,user_43,526,526,
4831,29,310000,0,user_19,526,526,
4836,30,260000,0,user_25,526,526,
4846,31,260000,0,user_31,526,526,
4851,32,260000,12800,user_36,526,526,
4855,33,260000,0,user_40,526,526,
4834,34,190000,0,user_24,526,526,
4866,35,190000,0,user_46,526,526,
4849,36,170000,0,user_33,526,526,
4832,37,160000,0,user_20,526,526,
4857,38,160000,0,user_42,526,526,
4838,39,130000,0,user_25,526,526,
4861,40,130000,30200,user_45,526,526,
4859,41,110000,75000,user_43,526,526,
4854,42,98000,0,user_40,526,526,
4843,43,85000,0,user_28,526,526,
4840,44,80000,0,user_26,526,526,
4842,45,80000,0,user_28,526,526,
4848,46,80000,0,user_33,526,526,
4865,47,79000,0,user_46,526,526,
4862,48,77000,0,user_46,526,526,
4901,0,30000000,0,user_24,527,527,
4920,1,30000000,4320000,user_36,527,527,
4877,2,27000001,0,user_5,527,527,4873
4878,3,27000001,0,user_6,527,527,4873
4880,4,27000001,0,user_10,527,527,4873
4882,5,27000001,0,user_11,527,527,4873
4883,6,27000001,0,user_12,527,527,4873
4885,7,27000001,0,user_12,527,527,4873
4888,8,27000001,0,user_13,527,527,4873
4889,9,27000001,0,user_14,527,527,4873
4873,10,27000000,4320000,user_1,527,527,
4874,11,26999999,0,user_2,527,527,4873
4875,12,26999999,0,user_2,527,527,4873
4876,13,26999999,0,user_4,527,527,4873
4879,14,26999999,0,user_6,527,527,4873
4881,15,26999999,0,user_11,527,527,4873
4884,16,26999999,0,user_12,527,527,4873
4886,17,26999999,0,user_12,527,527,4873
4887,18,26999999,0,user_12,527,527,4873
4890,19,26999999,0,user_15,527,527,4873
4914,20,19000000,0,user_32,527,527,
4932,21,19000000,0,user_48,527,527,
4893,22,6300000,0,user_18,527,527,
4872,23,4500000,0,user_1,527,527,
4897,24,2600000,545000,user_19,527,527,
4916,25,2000000,0,user_32,527,527,
4905,26,1900000,296000,user_27,527,527,
4912,27,1700000,0,user_31,527,527,
4910,28,1500000,0,user_30,527,527,
4892,29,1000000,47700,user_16,527,527,
4923,30,1000000,5180,user_41,527,527,
4927,31,1000000,0,user_42,527,527,
4903,32,970000,0,user_25,527,527,
4913,33,910000,0,user_32,527,527,
4933,34,870000,0,user_48,527,527,
4928,35,660000,0,user_43,527,527,
4902,36,650000,49100,user_25,527,527,
4899,37,630000,0,user_23,527,527,
4870,38,600000,0,user_0,527,527,
4907,39,470000,0,user_29,527,527,
4900,40,420000,0,user_24,527,527,
4896,41,360000,510000,user_18,527,527,
4924,42,360000,35100,user_41,527,527,
4871,43,350000,0,user_1,527,527,
4921,44,310000,0,user_38,527,527,
4925,45,310000,1100000,user_41,527,527,
4908,46,240000,0,user_30,527,527,
4891,47,220000,49100,user_16,527,527,
4898,48,170000,0,user_21,527,527,
4911,49,170000,128000,user_30,527,527,
4931,50,170000,0,user_46,527,527,
4909,51,160000,0,user_30,527,527,
4929,52,160000,66100,user_43,527,527,
4895,53,150000,0,user_18,527,527,
4915,54,150000,0,user_32,527,527,
4926,55,120000,68100,user_41,527,527,
4904,56,110000,0,user_26,527,527,
4917,57,110000,1100000,user_32,527,527,
4918,58,110000,0,user_33,527,527,
4934,59,100000,0,user_49,527,527,
4930,60,98000,0,user_45,527,527,
4906,61,85000,0,user_28,527,527,
4894,62,73000,0,user_18,527,527,
4941,0,27000001,0,user_2,528,528,4935
4943,1,27000001,0,user_2,528,528,4935
4946,2,27000001,0,user_6,528,528,4935
4947,3,27000001,0,user_6,528,528,4935
4948,4,27000001,0,user_6,528,528,4935
4949,5,27000001,0,user_6,528,528,4935
4952,6,27000001,0,user_9,528,528,4935
4935,7,27000000,11200,user_0,528,528,
4936,8,26999999,0,user_1,528,528,4935
4937,9,26999999,0,user_1,528,528,4935
4938,10,26999999,0,user_1,528,528,4935
4939,11,26999999,0,user_1,528,528,4935
4940,12,26999999,0,user_1,528,528,4935
4942,13,26999999,0,user_2,528,528,4935
4944,14,26999999,0,user_3,528,528,4935
4945,15,26999999,0,user_5,528,528,4935
4950,16,26999999,0,user_6,528,528,4935
4951,17,26999999,0,user_8,528,528,4935
4970,18,6300000,0,user_36,528,528,
4962,19,5200000,84800,user_27,528,528,
4965,20,5200000,0,user_29,528,528,
4983,21,5200000,10700,user_47,528,528,
4974,22,5000000,0,user_38,528,528,
4986,23,5000000,161000,user_49,528,528,
4972,24,4500000,0,user_36,528,528,
4964,25,3600000,0,user_28,528,528,
4969,26,3600000,66100,user_33,528,528,
4956,27,1700000,0,user_20,528,528,
4978,28,1700000,0,user_45,528,528,
4980,29,1700000,0,user_45,528,528,
4975,30,1400000,0,user_39,528,528,
4959,31,420000,0,user_20,528,528,
4960,32,420000,0,user_20,528,528,
4982,33,420000,0,user_46,528,528,
4963,34,360000,30200,user_28,528,528,
4973,35,360000,0,user_36,528,528,
4979,36,310000,0,user_45,528,528,
4977,37,240000,0,user_43,528,528,
4957,38,170000,0,user_20,528,528,
4981,39,160000,0,user_45,528,528,
4966,40,150000,16400,user_29,528,528,
4958,41,120000,33300,user_20,528,528,
4967,42,120000,215000,user_30,528,528,
4985,43,120000,0,user_49,528,528,
4953,44,110000,0,user_16,528,528,
4954,45,110000,0,user_18,528,528,
4961,46,110000,0,user_26,528,528,
4968,47,80000,0,user_31,528,528,
4971,48,73000,0,user_36,528,528,
5010,0,27000000,0,user_26,529,529,
5004,1,5200000,0,user_21,529,529,
5021,2,5000000,0,user_41,529,529,
5023,3,5000000,100000,user_43,529,529,
4999,4,3200000,0,user_18,529,529,
5015,5,2000000,0,user_35,529,529,
5027,6,1900000,0,user_47,529,529,
5008,7,1700000,0,user_22,529,529,
5012,8,1100000,0,user_29,529,529,
5002,9,1000000,0,user_20,529,529,
5026,10,660000,19700,user_47,529,529,
5000,11,460000,0,user_18,529,529,
5006,12,460000,36800,user_21,529,529,
5016,13,420000,0,user_36,529,529,
5014,14,370000,0,user_30,529,529,
5003,15,320000,0,user_21,529,529,
4989,16,220001,0,user_4,529,529,4988
4990,17,220001,0,user_4,529,529,4988
4993,18,220001,0,user_8,529,529,4988
4996,19,220001,0,user_15,529,529,4988
4988,20,220000,13900,user_3,529,529,
4991,21,219999,0,user_6,529,529,4988
4994,22,219999,0,user_9,529,529,4988
4995,23,219999,0,user_10,529,529,4988
4987,24,170000,0,user_2,529,529,
4998,25,170000,0,user_16,529,529,
5011,26,170000,0,user_27,529,529,
5024,27,170000,0,user_43,529,529,
5013,28,160000,0,user_29,529,529,
5018,29,160000,0,user_38,529,529,
5022,30,160000,0,user_41,529,529,
5025,31,160000,0,user_46,529,529,
5005,32,150000,155000,user_21,529,529,
5019,33,150000,15300,user_38,529,529,
5028,34,150000,84800,user_49,529,529,
5017,35,120000,0,user_37,529,529,
4997,36,84000,0,user_16,529,529,
5007,37,73000,0,user_22,529,529,
5034,0,43000001,0,user_4,530,530,5033
5040,1,43000001,0,user_13,530,530,5033
5041,2,43000001,0,user_13,530,530,5033
5042,3,43000001,0,user_13,530,530,5033
5043,4,43000001,0,user_13,530,530,5033
5033,5,43000000,66100,user_3,530,530,
5035,6,42999999,0,user_6,530,530,5033
5036,7,42999999,0,user_7,530,530,5033
5037,8,42999999,0,user_7,530,530,5033
5038,9,42999999,0,user_8,530,530,5033
5039,10,42999999,0,user_10,530,530,5033
5044,11,42999999,0,user_15,530,530,5033
5045,12,19000000,39400,user_16,530,530,
5065,13,19000000,12800,user_33,530,530,
5061,14,6300000,0,user_28,530,530,
5054,15,5000000,0,user_21,530,530,
5074,16,5000000,0,user_38,530,530,
5081,17,5000000,0,user_43,530,530,
5080,18,3600000,0,user_43,530,530,
5048,19,3200000,0,user_16,530,530,
5060,20,2000000,0,user_26,530,530,
5069,21,2000000,0,user_33,530,530,
5049,22,1500000,0,user_16,530,530,
5050,23,1500000,0,user_17,530,530,
5070,24,1400000,5630,user_34,530,530,
5055,25,1100000,0,user_23,530,530,
5085,26,870000,0,user_49,530,530,
5029,27,670000,0,user_0,530,530,
5059,28,650000,0,user_25,530,530,
5066,29,650000,0,user_33,530,530,
5058,30,600000,49100,user_25,530,530,
5030,31,420000,0,user_1,530,530,
5051,32,420000,959000,user_19,530,530,
5063,33,420000,17700000,user_31,530,530,
5082,34,350000,0,user_44,530,530,
5052,35,320000,0,user_20,530,530,
5071,36,320000,410000,user_34,530,530,
5057,37,310000,108000,user_25,530,530,
5068,38,260000,0,user_33,530,530,
5053,39,170000,0,user_20,530,530,
5031,40,150000,0,user_3,530,530,
5072,41,130000,0,user_34,530,530,
5046,42,120000,0,user_16,530,530,
5064,43,120000,100000,user_31,530,530,
5067,44,120000,0,user_33,530,530,
5047,45,110000,0,user_16,530,530,
5056,46,110000,0,user_24,530,530,
5083,47,98000,0,user_47,530,530,
5032,48,85000,0,user_3,530,530,
5084,49,84000,0,user_49,530,530,
5062,50,82000,0,user_29,530,530,
5117,0,30000000,0,user_29,531,531,
5129,1,19000000,5180,user_43,531,531,
5105,2,6100000,7190000,user_19,531,531,
5130,3,5200000,32900,user_44,531,531,
5113,4,4200000,146000,user_24,531,531,
5132,5,4200000,67500,user_44,531,531,
5086,6,3500000,0,user_0,531,531,
5109,7,2500000,0,user_20,531,531,
5136,8,2400000,10700,user_46,531,531,
5103,9,2000000,0,user_18,531,531,
5116,10,2000000,0,user_28,531,531,
5137,11,2000000,0,user_46,531,531,
5120,12,1800000,410000,user_32,531,531,
5125,13,1300000,7840,user_38,531,531,
5124,14,1200000,0,user_37,531,531,
5115,15,1100000,0,user_27,531,531,
5127,16,670000,0,user_41,531,531,
5112,17,530000,0,user_22,531,531,
5111,18,460000,0,user_21,531,531,
5114,19,460000,0,user_25,531,531,
5088,20,420000,0,user_1,531,531,
5135,21,420000,0,user_46,531,531,
5087,22,360000,0,user_0,531,531,
5138,23,340000,0,user_49,531,531,
5133,24,310000,0,user_44,531,531,
5106,25,220000,0,user_19,531,531,
5131,26,220000,0,user_44,531,531,
5091,27,190001,0,user_4,531,531,5090
5094,28,190001,0,user_6,531,531,5090
5096,29,190001,0,user_7,531,531,5090
5097,30,190001,0,user_10,531,531,5090
5099,31,190001,0,user_12,531,531,5090
5100,32,190001,0,user_13,531,531,5090
5090,33,190000,322000,user_3,531,531,
5092,34,189999,0,user_5,531,531,5090
5093,35,189999,0,user_6,531,531,5090
5095,36,189999,0,user_7,531,531,5090
5098,37,189999,0,user_12,531,531,5090
5121,38,170000,108000,user_33,531,531,
5108,39,160000,0,user_19,531,531,
5122,40,150000,0,user_34,531,531,
5123,41,150000,0,user_36,531,531,
5089,42,130000,0,user_3,531,531,
5102,43,120000,0,user_18,531,531,
5119,44,120000,0,user_32,531,531,
5101,45,110000,0,user_16,531,531,
5104,46,110000,381000,user_19,531,531,
5128,47,110000,60700,user_42,531,531,
5118,48,87000,0,user_31,531,531,
5134,49,84000,0,user_44,531,531,
5107,50,77000,0,user_19,531,531,
5110,51,77000,0,user_20,531,531,
5169,0,5000000,0,user_24,532,532,
5199,1,5000000,0,user_46,532,532,
5202,2,4500000,0,user_49,532,532,
5186,3,2600000,0,user_34,532,532,
5192,4,2500000,0,user_43,532,532,
5162,5,2400000,0,user_20,532,532,
5174,6,2300000,0,user_28,532,532,
5189,7,2300000,0,user_38,532,532,
5196,8,2000000,0,user_46,532,532,
5160,9,1800000,0,user_19,532,532,
5164,10,1700000,0,user_21,532,532,
5194,11,1400000,0,user_44,532,532,
5170,12,1000000,322000,user_24,532,532,
5180,13,1000000,0,user_30,532,532,
5188,14,970000,0,user_37,532,532,
5152,15,650000,0,user_17,532,532,
5190,16,650000,17700000,user_39,532,532,
5193,17,630000,13900,user_44,532,532,
5165,18,470000,0,user_21,532,532,
5167,19,470000,0,user_22,532,532,
5172,20,470000,0,user_25,532,532,
5179,21,420000,0,user_29,532,532,
5166,22,340000,0,user_21,532,532,
5171,23,340000,0,user_24,532,532,
5168,24,310000,18600,user_24,532,532,
5163,25,300000,0,user_21,532,532,
5157,26,260000,0,user_19,532,532,
5158,27,240000,0,user_19,532,532,
5161,28,240000,0,user_19,532,532,
5175,29,240000,0,user_28,532,532,
5185,30,220000,0,user_34,532,532,
5201,31,190000,0,user_48,532,532,
5173,32,170000,0,user_26,532,532,
5176,33,170000,0,user_28,532,532,
5181,34,170000,0,user_31,532,532,
5195,35,170000,0,user_46,532,532,
5155,36,160000,0,user_18,532,532,
5178,37,160000,0,user_29,532,532,
5187,38,160000,0,user_36,532,532,
5197,39,160000,0,user_46,532,532,
5159,40,130000,0,user_19,532,532,
5182,41,120000,769000,user_31,532,532,
5198,42,120000,0,user_46,532,532,
5200,43,120000,0,user_47,532,532,
5203,44,120000,0,user_49,532,532,
5154,45,110000,0,user_18,532,532,
5156,46,110000,0,user_18,532,532,
5184,47,110000,0,user_33,532,532,
5204,48,110000,0,user_49,532,532,
5177,49,100000,0,user_28,532,532,
5153,50,98000,0,user_18,532,532,
5183,51,84000,0,user_32,532,532,
5143,52,79001,0,user_5,532,532,5139
5148,53,79001,0,user_12,532,532,5139
5139,54,79000,181000,user_0,532,532,
5140,55,78999,0,user_0,532,532,5139
5141,56,78999,0,user_1,532,532,5139
5142,57,78999,0,user_4,532,532,5139
5144,58,78999,0,user_7,532,532,5139
5147,59,78999,0,user_10,532,532,5139
5149,60,78999,0,user_13,532,532,5139
5150,61,78999,0,user_14,532,532,5139
5151,62,78999,0,user_15,532,532,5139
5240,0,30000000,0,user_33,533,533,
5244,1,19000000,0,user_35,533,533,
5243,2,6300000,0,user_35,533,533,
5249,3,4500000,0,user_40,533,533,
5227,4,3600000,0,user_22,533,533,
5257,5,3600000,0,user_48,533,533,
5219,6,3500000,0,user_16,533,533,
5250,7,3200000,0,user_40,533,533,
5232,8,2100000,0,user_28,533,533,
5248,9,2000000,0,user_40,533,533,
5205,10,1600000,0,user_1,533,533,
5236,11,1500000,35600,user_32,533,533,
5256,12,1100000,0,user_46,533,533,
5241,13,970000,0,user_34,533,533,
5247,14,600000,0,user_40,533,533,
5252,15,600000,0,user_43,533,533,
5253,16,600000,0,user_43,533,533,
5215,17,530001,0,user_13,533,533,5212
5217,18,530001,0,user_15,533,533,5212
5206,19,530000,0,user_2,533,533,
5212,20,530000,322000,user_8,533,533,
5213,21,529999,0,user_10,533,533,5212
5216,22,529999,0,user_14,533,533,5212
5207,23,460000,0,user_3,533,533,
5245,24,460000,0,user_36,533,533,
5239,25,360000,60700,user_32,533,533,
5229,26,340000,39400,user_24,533,533,
5233,27,320000,35100,user_29,533,533,
5222,28,310000,73100,user_16,533,533,
5228,29,300000,0,user_23,533,533,
5226,30,240000,0,user_21,533,533,
5238,31,220000,0,user_32,533,533,
5254,32,220000,0,user_44,533,533,
5211,33,160000,0,user_7,533,533,
5231,34,160000,0,user_26,533,533,
5237,35,160000,0,user_32,533,533,
5221,36,150000,0,user_16,533,533,
5259,37,150000,0,user_49,533,533,
5218,38,120000,0,user_16,533,533,
5220,39,120000,256000,user_16,533,533,
5225,40,120000,0,user_20,533,533,
5255,41,110000,0,user_45,533,533,
5260,42,110000,0,user_49,533,533,
5223,43,98000,0,user_17,533,533,
5242,44,87000,16400,user_34,533,533,
5234,45,85000,0,user_30,533,533,
5258,46,83000,0,user_49,533,533,
5235,47,73000,0,user_32,533,533,
5246,48,73000,0,user_37,533,533,
5292,0,6300000,0,user_34,534,534,
5308,1,5200000,0,user_46,534,534,
5291,2,5000000,161000,user_33,534,534,
5262,3,4200000,0,user_1,534,534,
5263,4,2600000,0,user_1,534,534,
5303,5,2600000,0,user_45,534,534,
5282,6,2400000,161000,user_24,534,534,
5311,7,2100000,0,user_49,534,534,
5306,8,1400000,0,user_45,534,534,
5304,9,1100000,0,user_45,534,534,
5295,10,910000,959000,user_38,534,534,
5290,11,670000,0,user_32,534,534,
5287,12,630000,0,user_27,534,534,
5299,13,600000,0,user_41,534,534,
5305,14,470000,0,user_45,534,534,
5277,15,420000,0,user_17,534,534,
5280,16,420000,12800,user_23,534,534,
5297,17,350000,0,user_39,534,534,
5301,18,350000,0,user_43,534,534,
5278,19,320000,0,user_18,534,534,
5310,20,320000,0,user_47,534,534,
5281,21,310000,14200,user_23,534,534,
5307,22,310000,0,user_45,534,534,
5265,23,300001,0,user_4,534,534,5264
5266,24,300001,0,user_4,534,534,5264
5271,25,300001,0,user_11,534,534,5264
5273,26,300001,0,user_13,534,534,5264
5274,27,300001,0,user_14,534,534,5264
5276,28,300001,0,user_15,534,534,5264
5264,29,300000,18600,user_3,534,534,
5267,30,299999,0,user_6,534,534,5264
5270,31,299999,0,user_10,534,534,5264
5272,32,299999,0,user_12,534,534,5264
5275,33,299999,0,user_15,534,534,5264
5300,34,260000,0,user_42,534,534,
5286,35,240000,0,user_27,534,534,
5284,36,220000,0,user_26,534,534,
5279,37,160000,0,user_22,534,534,
5285,38,160000,164000,user_26,534,534,
5288,39,160000,0,user_30,534,534,
5289,40,150000,0,user_30,534,534,
5309,41,150000,381000,user_46,534,534,
5283,42,110000,0,user_25,534,534,
5261,43,85000,0,user_0,534,534,
5296,44,84000,64600,user_38,534,534,
5302,45,82000,0,user_43,534,534,
5332,0,27000000,0,user_16,535,535,
5362,1,5000000,12800,user_48,535,535,
5350,2,3600000,0,user_28,535,535,
5344,3,3200000,12800,user_22,535,535,
5363,4,2500000,0,user_48,535,535,
5352,5,2100000,0,user_30,535,535,
5348,6,2000000,0,user_27,535,535,
5312,7,1500000,0,user_0,535,535,
5349,8,1500000,164000,user_28,535,535,
5334,9,1400000,0,user_16,535,535,
5337,10,1100000,0,user_20,535,535,
5341,11,910000,0,user_20,535,535,
5343,12,870000,0,user_22,535,535,
5315,13,600000,0,user_1,535,535,
5319,14,470001,0,user_2,535,535,5316
5320,15,470001,0,user_2,535,535,5316
5325,16,470001,0,user_8,535,535,5316
5326,17,470001,0,user_9,535,535,5316
5328,18,470001,0,user_10,535,535,5316
5330,19,470001,0,user_12,535,535,5316
5316,20,470000,369000,user_1,535,535,
5317,21,469999,0,user_1,535,535,5316
5318,22,469999,0,user_1,535,535,5316
5321,23,469999,0,user_2,535,535,5316
5322,24,469999,0,user_3,535,535,5316
5324,25,469999,0,user_7,535,535,5316
5327,26,469999,0,user_10,535,535,5316
5331,27,469999,0,user_14,535,535,5316
5353,28,460000,0,user_33,535,535,
5335,29,260000,0,user_16,535,535,
5361,30,260000,0,user_47,535,535,
5314,31,220000,0,user_1,535,535,
5342,32,220000,0,user_21,535,535,
5360,33,220000,0,user_45,535,535,
5347,34,170000,0,user_26,535,535,
5333,35,160000,0,user_16,535,535,
5356,36,160000,0,user_37,535,535,
5345,37,150000,0,user_24,535,535,
5354,38,150000,0,user_35,535,535,
5355,39,150000,0,user_35,535,535,
5338,40,130000,0,user_20,535,535,
5340,41,130000,108000,user_20,535,535,
5336,42,120000,0,user_18,535,535,
5359,43,120000,35100,user_45,535,535,
5339,44,110000,0,user_20,535,535,
5351,45,110000,0,user_29,535,535,
5313,46,100000,0,user_0,535,535,
5357,47,85000,56200,user_37,535,535,
5346,48,79000,0,user_26,535,535,
5358,49,79000,0,user_38,535,535,
5424,0,6100000,24700,user_49,536,536,
5415,1,5000000,0,user_42,536,536,
5421,2,4500000,0,user_46,536,536,
5388,3,3600000,0,user_18,536,536,
5404,4,3500000,0,user_34,536,536,
5407,5,3200000,0,user_36,536,536,
5402,6,2500000,0,user_31,536,536,
5409,7,2500000,0,user_37,536,536,
5400,8,1800000,0,user_29,536,536,
5408,9,1700000,0,user_36,536,536,
5391,10,1600000,0,user_20,536,536,
5393,11,1600000,0,user_22,536,536,
5395,12,1600000,0,user_25,536,536,
5392,13,1500000,46500,user_22,536,536,
5419,14,1500000,0,user_45,536,536,
5397,15,1000000,0,user_27,536,536,
5413,16,1000000,0,user_40,536,536,
5401,17,870000,0,user_30,536,536,
5423,18,530000,0,user_48,536,536,
5405,19,460000,231000,user_35,536,536,
5414,20,460000,0,user_41,536,536,
5416,21,460000,0,user_43,536,536,
5390,22,360000,0,user_20,536,536,
5417,23,360000,0,user_43,536,536,
5387,24,310000,84800,user_17,536,536,
5403,25,240000,0,user_32,536,536,
5418,26,220000,0,user_44,536,536,
5385,27,160000,0,user_16,536,536,
5399,28,160000,0,user_28,536,536,
5389,29,150000,0,user_18,536,536,
5406,30,120000,0,user_35,536,536,
5365,31,110001,0,user_2,536,536,5364
5368,32,110001,0,user_5,536,536,5364
5369,33,110001,0,user_5,536,536,5364
5370,34,110001,0,user_5,536,536,5364
5371,35,110001,0,user_5,536,536,5364
5373,36,110001,0,user_6,536,536,5364
5384,37,110001,0,user_15,536,536,5364
5364,38,110000,146000,user_0,536,536,
5366,39,109999,0,user_2,536,536,5364
5367,40,109999,0,user_4,536,536,5364
5372,41,109999,0,user_5,536,536,5364
5374,42,109999,0,user_6,536,536,5364
5378,43,109999,0,user_10,536,536,5364
5382,44,109999,0,user_14,536,536,5364
5383,45,109999,0,user_15,536,536,5364
5412,46,98000,0,user_40,536,536,
5411,47,83000,0,user_39,536,536,
5420,48,83000,0,user_46,536,536,
5398,49,79000,0,user_28,536,536,
5386,50,77000,0,user_16,536,536,
5478,0,3600000,0,user_39,537,537,
5482,1,3500000,0,user_46,537,537,
5457,2,2000000,0,user_23,537,537,
5477,3,2000000,0,user_39,537,537,
5426,4,1900000,0,user_2,537,537,
5467,5,1900000,0,user_29,537,537,
5451,6,1600000,0,user_19,537,537,
5425,7,1500000,0,user_1,537,537,
5448,8,1400000,0,user_17,537,537,
5465,9,1400000,17700000,user_29,537,537,
5466,10,1300000,164000,user_29,537,537,
5479,11,1200000,7190000,user_43,537,537,
5450,12,1100000,13900,user_19,537,537,
5427,13,1000000,0,user_4,537,537,
5460,14,970000,0,user_25,537,537,
5474,15,970000,0,user_37,537,537,
5469,16,910000,0,user_31,537,537,
5453,17,870000,0,user_21,537,537,
5484,18,670000,0,user_47,537,537,
5476,19,530000,0,user_39,537,537,
5431,20,460001,0,user_5,537,537,5428
5433,21,460001,0,user_7,537,537,5428
5438,22,460001,0,user_12,537,537,5428
5439,23,460001,0,user_13,537,537,5428
5441,24,460001,0,user_13,537,537,5428
5442,25,460001,0,user_13,537,537,5428
5445,26,460001,0,user_15,537,537,5428
5446,27,460001,0,user_15,537,537,5428
5428,28,460000,47700,user_4,537,537,
5456,29,460000,0,user_23,537,537,
5429,30,459999,0,user_4,537,537,5428
5430,31,459999,0,user_4,537,537,5428
5432,32,459999,0,user_6,537,537,5428
5436,33,459999,0,user_10,537,537,5428
5437,34,459999,0,user_11,537,537,5428
5440,35,459999,0,user_13,537,537,5428
5443,36,459999,0,user_13,537,537,5428
5444,37,459999,0,user_14,537,537,5428
5454,38,370000,0,user_22,537,537,
5473,39,370000,0,user_36,537,537,
5483,40,320000,0,user_46,537,537,
5458,41,310000,0,user_24,537,537,
5470,42,310000,0,user_32,537,537,
5447,43,260000,0,user_16,537,537,
5461,44,260000,0,user_25,537,537,
5480,45,260000,0,user_44,537,537,
5463,46,220000,0,user_28,537,537,
5475,47,220000,0,user_39,537,537,
5468,48,170000,0,user_29,537,537,
5462,49,160000,0,user_25,537,537,
5449,50,150000,0,user_18,537,537,
5452,51,150000,0,user_20,537,537,
5485,52,150000,0,user_49,537,537,
5455,53,110000,0,user_23,537,537,
5481,54,110000,0,user_45,537,537,
5464,55,84000,0,user_29,537,537,
5459,56,80000,0,user_25,537,537,
5471,57,80000,0,user_32,537,537,
5535,0,27000000,0,user_41,538,538,
5519,1,4500000,0,user_32,538,538,
5503,2,3600000,0,user_16,538,538,
5504,3,3200000,0,user_17,538,538,
5510,4,3200000,0,user_23,538,538,
5541,5,2600000,0,user_48,538,538,
5532,6,2400000,0,user_39,538,538,
5520,7,2100000,0,user_32,538,538,
5530,8,2100000,31700,user_38,538,538,
5521,9,1900000,60700,user_32,538,538,
5538,10,1900000,0,user_46,538,538,
5506,11,1600000,0,user_19,538,538,
5487,12,1500000,0,user_1,538,538,
5515,13,1400000,0,user_28,538,538,
5511,14,1100000,0,user_25,538,538,
5512,15,1000000,0,user_25,538,538,
5516,16,1000000,0,user_28,538,538,
5522,17,1000000,0,user_32,538,538,
5531,18,1000000,0,user_39,538,538,
5534,19,1000000,0,user_41,538,538,
5527,20,970000,0,user_36,538,538,
5509,21,870000,0,user_23,538,538,
5528,22,470000,67900,user_36,538,538,
5486,23,460000,0,user_0,538,538,
5495,24,320001,0,user_7,538,538,5489
5489,25,320000,322000,user_2,538,538,
5490,26,319999,0,user_2,538,538,5489
5491,27,319999,0,user_2,538,538,5489
5492,28,319999,0,user_2,538,538,5489
5493,29,319999,0,user_2,538,538,5489
5494,30,319999,0,user_4,538,538,5489
5496,31,319999,0,user_10,538,538,5489
5497,32,319999,0,user_11,538,538,5489
5498,33,319999,0,user_12,538,538,5489
5499,34,319999,0,user_14,538,538,5489
5500,35,319999,0,user_15,538,538,5489
5513,36,260000,0,user_26,538,538,
5501,37,220000,60700,user_16,538,538,
5507,38,220000,0,user_20,538,538,
5514,39,220000,0,user_27,538,538,
5529,40,220000,0,user_36,538,538,
5502,41,170000,0,user_16,538,538,
5540,42,160000,0,user_48,538,538,
5488,43,150000,0,user_1,538,538,
5524,44,150000,0,user_33,538,538,
5518,45,120000,0,user_31,538,538,
5505,46,110000,0,user_19,538,538,
5523,47,110000,0,user_32,538,538,
5508,48,84000,0,user_20,538,538,
5517,49,83000,0,user_31,538,538,
5539,50,79000,19700,user_46,538,538,
5526,51,73000,0,user_36,538,538,
5536,52,73000,13900,user_43,538,538,
5537,53,73000,0,user_45,538,538,
5579,0,19000000,0,user_45,539,539,
5545,1,5000000,0,user_2,539,539,
5542,2,4500000,0,user_0,539,539,
5573,3,4200000,0,user_38,539,539,
5558,4,2600000,0,user_19,539,539,
5562,5,2300000,0,user_24,539,539,
5584,6,2000000,0,user_48,539,539,
5586,7,2000000,71800,user_49,539,539,
5563,8,1900000,0,user_25,539,539,
5583,9,1800000,71800,user_47,539,539,
5559,10,1700000,66100,user_22,539,539,
5568,11,1600000,36800,user_34,539,539,
5571,12,1500000,410000,user_37,539,539,
5550,13,1300001,0,user_7,539,539,5546
5555,14,1300001,0,user_14,539,539,5546
5546,15,1300000,66100,user_4,539,539,
5547,16,1299999,0,user_4,539,539,5546
5548,17,1299999,0,user_4,539,539,5546
5549,18,1299999,0,user_7,539,539,5546
5552,19,1299999,0,user_11,539,539,5546
5553,20,1299999,0,user_12,539,539,5546
5554,21,1299999,0,user_13,539,539,5546
5556,22,1299999,0,user_15,539,539,5546
5561,23,1100000,0,user_24,539,539,
5575,24,660000,3130,user_39,539,539,
5564,25,370000,0,user_30,539,539,
5560,26,360000,0,user_23,539,539,
5576,27,360000,959000,user_42,539,539,
5585,28,360000,0,user_49,539,539,
5566,29,260000,0,user_32,539,539,
5580,30,220000,0,user_46,539,539,
5565,31,160000,0,user_30,539,539,
5578,32,150000,32900,user_44,539,539,
5570,33,120000,0,user_37,539,539,
5574,34,120000,16400,user_38,539,539,
5544,35,110000,0,user_1,539,539,
5557,36,110000,16400,user_17,539,539,
5582,37,110000,0,user_46,539,539,
5567,38,98000,545000,user_33,539,539,
5577,39,87000,0,user_43,539,539,
5543,40,84000,0,user_1,539,539,
5572,41,79000,0,user_37,539,539,
5581,42,70000,0,user_46,539,539,
3746,0,30000000,0,user_47,540,540,
3731,1,27000000,0,user_32,540,540,
3700,2,6300001,0,user_5,540,540,3699
3703,3,6300001,0,user_8,540,540,3699
3704,4,6300001,0,user_9,540,540,3699
3705,5,6300001,0,user_10,540,540,3699
3706,6,6300001,0,user_10,540,540,3699
3710,7,6300001,0,user_12,540,540,3699
3711,8,6300001,0,user_12,540,540,3699
3712,9,6300001,0,user_14,540,540,3699
3714,10,6300001,0,user_15,540,540,3699
3699,11,6300000,13800,user_5,540,540,
3701,12,6299999,0,user_7,540,540,3699
3702,13,6299999,0,user_8,540,540,3699
3707,14,6299999,0,user_10,540,540,3699
3708,15,6299999,0,user_10,540,540,3699
3709,16,6299999,0,user_10,540,540,3699
3713,17,6299999,0,user_15,540,540,3699
3719,18,4500000,0,user_21,540,540,
3736,19,4500000,0,user_37,540,540,
3730,20,3500000,0,user_31,540,540,
3747,21,1600000,155000,user_48,540,540,
3718,22,1500000,0,user_19,540,540,
3722,23,1500000,0,user_24,540,540,
3735,24,1500000,0,user_36,540,540,
3740,25,1500000,0,user_40,540,540,
3741,26,1400000,7840,user_40,540,540,
3723,27,650000,8520,user_25,540,540,
3727,28,600000,0,user_29,540,540,
3743,29,530000,0,user_44,540,540,
3748,30,420000,0,user_48,540,540,
3732,31,360000,0,user_32,540,540,
3742,32,350000,0,user_43,540,540,
3715,33,190000,0,user_16,540,540,
3697,34,170000,0,user_4,540,540,
3698,35,130000,0,user_5,540,540,
3725,36,120000,510000,user_27,540,540,
3744,37,110000,100000,user_45,540,540,
3724,38,100000,0,user_26,540,540,
3729,39,80000,0,user_31,540,540,
3745,40,80000,0,user_46,540,540,
3739,41,79000,0,user_39,540,540,
3726,42,77000,5180,user_27,540,540,
3750,0,43000000,0,user_1,541,541,
3772,1,6300000,0,user_21,541,541,
3769,2,4200000,0,user_16,541,541,
3788,3,4200000,0,user_38,541,541,
3795,4,4200000,0,user_48,541,541,
3790,5,3600000,0,user_42,541,541,
3794,6,3500000,0,user_45,541,541,
3777,7,2500000,0,user_26,541,541,
3752,8,2400000,0,user_1,541,541,
3792,9,2100000,0,user_43,541,541,
3762,10,2000001,0,user_6,541,541,3760
3764,11,2000001,0,user_10,541,541,3760
3765,12,2000001,0,user_10,541,541,3760
3766,13,2000001,0,user_12,541,541,3760
3767,14,2000001,0,user_13,541,541,3760
3768,15,2000001,0,user_14,541,541,3760
3749,16,2000000,0,user_0,541,541,
3760,17,2000000,35600,user_6,541,541,
3773,18,2000000,7840,user_22,541,541,
3761,19,1999999,0,user_6,541,541,3760
3763,20,1999999,0,user_7,541,541,3760
3789,21,1600000,0,user_39,541,541,
3781,22,1400000,0,user_34,541,541,
3780,23,1200000,0,user_30,541,541,
3758,24,1100000,0,user_5,541,541,
3783,25,970000,0,user_36,541,541,
3796,26,660000,0,user_49,541,541,
3779,27,630000,0,user_29,541,541,
3793,28,530000,0,user_43,541,541,
3770,29,420000,0,user_16,541,541,
3774,30,420000,0,user_23,541,541,
3787,31,370000,0,user_38,541,541,
3756,32,320000,0,user_3,541,541,
3753,33,260000,0,user_1,541,541,
3771,34,150000,0,user_17,541,541,
3786,35,150000,381000,user_37,541,541,
3791,36,150000,0,user_42,541,541,
3751,37,130000,0,user_1,541,541,
3775,38,130000,43600,user_24,541,541,
3785,39,130000,0,user_37,541,541,
3754,40,100000,0,user_1,541,541,
3778,41,100000,0,user_27,541,541,
3759,42,98000,0,user_6,541,541,
3784,43,84000,0,user_36,541,541,
3776,44,79000,0,user_25,541,541,
3755,45,77000,0,user_2,541,541,
3757,46,70000,0,user_4,541,541,
3813,0,5000000,0,user_20,542,542,
3832,1,4500000,5180,user_39,542,542,
3822,2,3600000,0,user_32,542,542,
3826,3,2500000,0,user_34,542,542,
3811,4,2000000,0,user_18,542,542,
3817,5,1900000,0,user_26,542,542,
3815,6,1700000,0,user_23,542,542,
3816,7,1500000,12800,user_24,542,542,
3809,8,1400000,0,user_17,542,542,
3818,9,1100000,13900,user_27,542,542,
3830,10,1100000,0,user_38,542,542,
3834,11,1000000,0,user_46,542,542,
3821,12,600000,0,user_32,542,542,
3799,13,460001,0,user_1,542,542,3797
3802,14,460001,0,user_7,542,542,3797
3797,15,460000,10700,user_0,542,542,
3798,16,459999,0,user_1,542,542,3797
3800,17,459999,0,user_3,542,542,3797
3801,18,459999,0,user_5,542,542,3797
3804,19,459999,0,user_10,542,542,3797
3805,20,459999,0,user_12,542,542,3797
3806,21,459999,0,user_13,542,542,3797
3807,22,459999,0,user_14,542,542,3797
3808,23,300000,84800,user_16,542,542,
3820,24,260000,0,user_31,542,542,
3825,25,260000,0,user_34,542,542,
3810,26,170000,0,user_17,542,542,
3819,27,160000,0,user_30,542,542,
3827,28,160000,100000,user_34,542,542,
3824,29,150000,0,user_32,542,542,
3812,30,130000,0,user_19,542,542,
3814,31,120000,0,user_21,542,542,
3823,32,120000,0,user_32,542,542,
3829,33,110000,779000,user_38,542,542,
3831,34,110000,13900,user_38,542,542,
3836,35,83000,121000,user_49,542,542,
3833,36,82000,0,user_45,542,542,
3835,37,70000,0,user_47,542,542,
3856,0,5000000,0,user_18,543,543,
3868,1,3500000,0,user_30,543,543,
3883,2,3500000,42000,user_43,543,543,
3863,3,2300000,0,user_27,543,543,
3885,4,2100000,0,user_47,543,543,
3837,5,2000000,0,user_0,543,543,
3866,6,2000000,0,user_30,543,543,
3872,7,2000000,0,user_34,543,543,
3888,8,2000000,0,user_49,543,543,
3881,9,1900000,0,user_42,543,543,
3880,10,1500000,0,user_41,543,543,
3876,11,1400000,18600,user_37,543,543,
3857,12,1200000,0,user_22,543,543,
3875,13,1100000,31700,user_36,543,543,
3858,14,1000000,0,user_23,543,543,
3884,15,460000,0,user_45,543,543,
3852,16,420000,0,user_16,543,543,
3861,17,360000,0,user_26,543,543,
3854,18,340000,0,user_16,543,543,
3878,19,320000,0,user_39,543,543,
3855,20,300000,0,user_17,543,543,
3871,21,220000,0,user_34,543,543,
3886,22,220000,0,user_48,543,543,
3867,23,160000,15700,user_30,543,543,
3870,24,160000,0,user_32,543,543,
3877,25,160000,0,user_38,543,543,
3840,26,150001,0,user_4,543,543,3838
3841,27,150001,0,user_6,543,543,3838
3843,28,150001,0,user_7,543,543,3838
3847,29,150001,0,user_13,543,543,3838
3849,30,150001,0,user_15,543,543,3838
3838,31,150000,510000,user_2,543,543,
3864,32,150000,0,user_30,543,543,
3839,33,149999,0,user_3,543,543,3838
3842,34,149999,0,user_7,543,543,3838
3845,35,149999,0,user_10,543,543,3838
3846,36,149999,0,user_11,543,543,3838
3848,37,149999,0,user_14,543,543,3838
3850,38,149999,0,user_15,543,543,3838
3869,39,110000,49100,user_31,543,543,
3853,40,85000,0,user_16,543,543,
3887,41,85000,0,user_49,543,543,
3859,42,82000,256000,user_24,543,543,
3882,43,82000,67900,user_42,543,543,
3860,44,80000,0,user_25,543,543,
3862,45,79000,0,user_27,543,543,
3865,46,79000,84800,user_30,543,543,
3851,47,70000,0,user_16,543,543,
3917,0,30000000,0,user_25,544,544,
3902,1,6300000,0,user_16,544,544,
3911,2,4500000,0,user_18,544,544,
3930,3,4200000,0,user_40,544,544,
3908,4,2300000,0,user_17,544,544,
3931,5,2000000,0,user_42,544,544,
3903,6,1900000,121000,user_16,544,544,
3919,7,1900000,0,user_27,544,544,
3904,8,1600000,181000,user_16,544,544,
3927,9,1500000,0,user_37,544,544,
3901,10,1400000,46500,user_16,544,544,
3921,11,1400000,0,user_30,544,544,
3926,12,1400000,13900,user_36,544,544,
3909,13,1100000,0,user_17,544,544,
3905,14,1000000,0,user_16,544,544,
3915,15,530000,0,user_22,544,544,
3914,16,460000,0,user_21,544,544,
3933,17,460000,0,user_44,544,544,
3907,18,420000,0,user_17,544,544,
3928,19,360000,0,user_37,544,544,
3910,20,350000,0,user_17,544,544,
3906,21,320000,0,user_17,544,544,
3925,22,310000,0,user_34,544,544,
3934,23,190000,0,user_44,544,544,
3913,24,170000,0,user_20,544,544,
3893,25,160001,0,user_5,544,544,3889
3899,26,160001,0,user_14,544,544,3889
3889,27,160000,5630,user_0,544,544,
3890,28,159999,0,user_1,544,544,3889
3891,29,159999,0,user_3,544,544,3889
3892,30,159999,0,user_5,544,544,3889
3894,31,159999,0,user_6,544,544,3889
3895,32,159999,0,user_9,544,544,3889
3900,33,159999,0,user_15,544,544,3889
3918,34,150000,0,user_27,544,544,
3920,35,150000,0,user_27,544,544,
3924,36,150000,0,user_32,544,544,
3923,37,120000,0,user_31,544,544,
3935,38,120000,0,user_45,544,544,
3936,39,120000,0,user_45,544,544,
3932,40,110000,0,user_42,544,544,
3922,41,87000,0,user_30,544,544,
3937,42,85000,0,user_46,544,544,
3939,43,77000,0,user_49,544,544,
3984,0,43000000,0,user_42,545,545,
3947,1,27000000,0,user_7,545,545,
3953,2,6300000,0,user_17,545,545,
3945,3,5000000,0,user_5,545,545,
3941,4,4500000,0,user_1,545,545,
3979,5,4200000,18600,user_38,545,545,
3940,6,3200000,0,user_0,545,545,
3944,7,2000000,0,user_3,545,545,
3965,8,2000000,0,user_23,545,545,
3950,9,1600001,0,user_12,545,545,3948
3951,10,1600001,0,user_14,545,545,3948
3963,11,1600000,0,user_22,545,545,
3990,12,1600000,0,user_44,545,545,
3992,13,1600000,0,user_46,545,545,
3949,14,1599999,0,user_11,545,545,3948
3952,15,1599999,0,user_14,545,545,3948
3983,16,1500000,0,user_42,545,545,
3991,17,1500000,0,user_46,545,545,
3959,18,1400000,31700,user_20,545,545,
3986,19,1400000,0,user_42,545,545,
3967,20,1100000,0,user_25,545,545,
3982,21,1100000,0,user_42,545,545,
3954,22,1000000,0,user_17,545,545,
3964,23,1000000,0,user_22,545,545,
3968,24,1000000,0,user_27,545,545,
3942,25,870000,0,user_2,545,545,
3969,26,870000,0,user_29,545,545,
3962,27,670000,0,user_20,545,545,
3960,28,630000,0,user_20,545,545,
3988,29,600000,0,user_44,545,545,
3970,30,470000,0,user_30,545,545,
3974,31,320000,7190000,user_33,545,545,
3957,32,310000,0,user_19,545,545,
3987,33,310000,31700,user_44,545,545,
3973,34,300000,0,user_32,545,545,
3956,35,260000,0,user_18,545,545,
3975,36,240000,0,user_34,545,545,
3966,37,220000,0,user_24,545,545,
3971,38,170000,0,user_32,545,545,
3946,39,160000,0,user_6,545,545,
3985,40,160000,0,user_42,545,545,
3978,41,130000,410000,user_36,545,545,
3972,42,120000,322000,user_32,545,545,
3989,43,100000,0,user_44,545,545,
3976,44,98000,0,user_34,545,545,
3943,45,85000,0,user_3,545,545,
3981,46,84000,0,user_41,545,545,
3955,47,82000,0,user_18,545,545,
3961,48,82000,0,user_20,545,545,
3958,49,79000,0,user_20,545,545,
4015,0,6300000,0,user_24,546,546,
4021,1,5200000,0,user_33,546,546,
4007,2,5000000,0,user_17,546,546,
4035,3,3600000,0,user_44,546,546,
4039,4,3200000,3130,user_49,546,546,
4014,5,2500000,0,user_23,546,546,
4028,6,2400000,0,user_37,546,546,
4030,7,2300000,181000,user_39,546,546,
4040,8,2100000,0,user_49,546,546,
4009,9,2000000,0,user_19,546,546,
4013,10,1500000,0,user_22,546,546,
4017,11,1500000,0,user_26,546,546,
4034,12,1400000,0,user_44,546,546,
4037,13,1400000,0,user_47,546,546,
4018,14,1000000,0,user_28,546,546,
4019,15,870000,68100,user_30,546,546,
4024,16,650000,0,user_33,546,546,
4012,17,630000,0,user_21,546,546,
4033,18,630000,0,user_42,546,546,
4027,19,530000,285000,user_36,546,546,
3993,20,460000,0,user_0,546,546,
4016,21,350000,0,user_25,546,546,
3996,22,310001,0,user_3,546,546,3995
3997,23,310001,0,user_3,546,546,3995
3998,24,310001,0,user_4,546,546,3995
4002,25,310001,0,user_10,546,546,3995
4003,26,310001,0,user_11,546,546,3995
3995,27,310000,256000,user_2,546,546,
3999,28,309999,0,user_5,546,546,3995
4000,29,309999,0,user_6,546,546,3995
4004,30,309999,0,user_12,546,546,3995
4005,31,309999,0,user_15,546,546,3995
4011,32,300000,0,user_20,546,546,
4036,33,220000,0,user_47,546,546,
4020,34,170000,0,user_31,546,546,
4023,35,170000,0,user_33,546,546,
4010,36,130000,0,user_19,546,546,
4022,37,110000,0,user_33,546,546,
4029,38,110000,0,user_38,546,546,
4032,39,110000,0,user_41,546,546,
4038,40,110000,0,user_48,546,546,
3994,41,85000,0,user_2,546,546,
4006,42,85000,0,user_16,546,546,
4026,43,83000,0,user_36,546,546,
4008,44,79000,0,user_18,546,546,
4031,45,70000,0,user_39,546,546,
4071,0,6100000,0,user_29,547,547,
4067,1,5000000,0,user_22,547,547,
4044,2,2500000,0,user_3,547,547,
4073,3,2500000,0,user_32,547,547,
4063,4,2000000,0,user_16,547,547,
4077,5,2000000,0,user_35,547,547,
4078,6,1900000,0,user_36,547,547,
4041,7,1600000,0,user_1,547,547,
4083,8,1500000,0,user_42,547,547,
4075,9,1200000,0,user_34,547,547,
4082,10,1000000,0,user_40,547,547,
4084,11,1000000,0,user_44,547,547,
4089,12,970000,0,user_49,547,547,
4065,13,870000,0,user_19,547,547,
4086,14,530000,0,user_46,547,547,
4076,15,470000,128000,user_34,547,547,
4088,16,460000,0,user_47,547,547,
4069,17,310000,0,user_24,547,547,
4079,18,310000,0,user_37,547,547,
4042,19,240000,0,user_1,547,547,
4087,20,170000,0,user_46,547,547,
4047,21,160001,0,user_3,547,547,4045
4048,22,160001,0,user_4,547,547,4045
4050,23,160001,0,user_6,547,547,4045
4051,24,160001,0,user_7,547,547,4045
4052,25,160001,0,user_8,547,547,4045
4055,26,160001,0,user_12,547,547,4045
4057,27,160001,0,user_12,547,547,4045
4061,28,160001,0,user_15,547,547,4045
4062,29,160001,0,user_15,547,547,4045
4045,30,160000,510000,user_3,547,547,
4046,31,159999,0,user_3,547,547,4045
4049,32,159999,0,user_5,547,547,4045
4054,33,159999,0,user_12,547,547,4045
4056,34,159999,0,user_12,547,547,4045
4058,35,159999,0,user_12,547,547,4045
4060,36,159999,0,user_15,547,547,4045
4043,37,150000,0,user_2,547,547,
4068,38,110000,0,user_22,547,547,
4074,39,110000,0,user_32,547,547,
4064,40,100000,0,user_17,547,547,
4070,41,82000,17000,user_29,547,547,
4066,42,79000,0,user_21,547,547,
4085,43,73000,0,user_45,547,547,
4116,0,30000000,39400,user_30,548,548,
4137,1,30000000,0,user_48,548,548,
4106,2,6100000,0,user_18,548,548,
4124,3,5000000,49100,user_39,548,548,
4118,4,4500000,0,user_34,548,548,
4107,5,4200000,0,user_18,548,548,
4128,6,3500000,0,user_41,548,548,
4132,7,3500000,0,user_45,548,548,
4119,8,2000000,0,user_35,548,548,
4126,9,1500000,0,user_40,548,548,
4135,10,1500000,0,user_45,548,548,
4130,11,1200000,231000,user_44,548,548,
4120,12,1100000,0,user_35,548,548,
4122,13,1100000,11200,user_36,548,548,
4133,14,1000000,0,user_45,548,548,
4112,15,670000,0,user_27,548,548,
4125,16,660000,215000,user_40,548,548,
4138,17,660000,0,user_49,548,548,
4114,18,630000,0,user_28,548,548,
4113,19,600000,0,user_27,548,548,
4134,20,460000,0,user_45,548,548,
4129,21,370000,0,user_42,548,548,
4091,22,340001,0,user_3,548,548,4090
4092,23,340001,0,user_4,548,548,4090
4096,24,340001,0,user_6,548,548,4090
4099,25,340001,0,user_9,548,548,4090
4104,26,340001,0,user_15,548,548,4090
4090,27,340000,369000,user_1,548,548,
4093,28,339999,0,user_4,548,548,4090
4094,29,339999,0,user_5,548,548,4090
4095,30,339999,0,user_6,548,548,4090
4098,31,339999,0,user_9,548,548,4090
4123,32,310000,46500,user_37,548,548,
4121,33,170000,0,user_35,548,548,
4115,34,150000,0,user_29,548,548,
4110,35,120000,0,user_25,548,548,
4105,36,110000,0,user_17,548,548,
4131,37,98000,0,user_45,548,548,
4108,38,87000,769000,user_21,548,548,
4127,39,87000,108000,user_41,548,548,
4136,40,82000,0,user_46,548,548,
4117,41,70000,0,user_32,548,548,
4169,0,2600000,0,user_46,549,549,
4161,1,2300000,0,user_31,549,549,
4155,2,2100000,0,user_22,549,549,
4170,3,2000000,0,user_48,549,549,
4158,4,1900000,410000,user_30,549,549,
4140,5,1600000,0,user_1,549,549,
4154,6,1400000,0,user_19,549,549,
4159,7,1000000,0,user_31,549,549,
4165,8,660000,4320000,user_41,549,549,
4143,9,460001,0,user_6,549,549,4141
4144,10,460001,0,user_8,549,549,4141
4146,11,460001,0,user_10,549,549,4141
4147,12,460001,0,user_10,549,549,4141
4149,13,460001,0,user_14,549,549,4141
4141,14,460000,35600,user_2,549,549,
4142,15,459999,0,user_4,549,549,4141
4145,16,459999,0,user_9,549,549,4141
4148,17,459999,0,user_11,549,549,4141
4150,18,459999,0,user_15,549,549,4141
4153,19,340000,35100,user_19,549,549,
4160,20,320000,0,user_31,549,549,
4163,21,150000,0,user_36,549,549,
4171,22,150000,0,user_49,549,549,
4139,23,120000,0,user_1,549,549,
4164,24,110000,0,user_39,549,549,
4156,25,98000,0,user_27,549,549,
4162,26,98000,71800,user_33,549,549,
4166,27,77000,0,user_41,549,549,
4212,0,43000000,0,user_41,550,550,
4175,1,30000001,0,user_3,550,550,4173
4177,2,30000001,0,user_6,550,550,4173
4178,3,30000001,0,user_6,550,550,4173
4179,4,30000001,0,user_8,550,550,4173
4181,5,30000001,0,user_8,550,550,4173
4185,6,30000001,0,user_10,550,550,4173
4186,7,30000001,0,user_12,550,550,4173
4188,8,30000001,0,user_12,550,550,4173
4189,9,30000001,0,user_12,550,550,4173
4192,10,30000001,0,user_15,550,550,4173
4173,11,30000000,10700,user_2,550,550,
4174,12,29999999,0,user_3,550,550,4173
4176,13,29999999,0,user_4,550,550,4173
4180,14,29999999,0,user_8,550,550,4173
4182,15,29999999,0,user_8,550,550,4173
4183,16,29999999,0,user_8,550,550,4173
4184,17,29999999,0,user_9,550,550,4173
4187,18,29999999,0,user_12,550,550,4173
4190,19,29999999,0,user_12,550,550,4173
4213,20,6100000,0,user_42,550,550,
4201,21,3500000,0,user_23,550,550,
4206,22,3500000,0,user_31,550,550,
4195,23,2300000,0,user_16,550,550,
4209,24,1500000,0,user_38,550,550,
4210,25,1400000,0,user_39,550,550,
4198,26,1200000,0,user_18,550,550,
4204,27,600000,0,user_28,550,550,
4205,28,470000,0,user_30,550,550,
4196,29,420000,0,user_16,550,550,
4208,30,420000,0,user_37,550,550,
4193,31,170000,0,user_16,550,550,
4217,32,170000,769000,user_49,550,550,
4211,33,160000,0,user_40,550,550,
4197,34,150000,0,user_16,550,550,
4200,35,150000,0,user_20,550,550,
4194,36,120000,0,user_16,550,550,
4207,37,120000,0,user_35,550,550,
4214,38,120000,0,user_43,550,550,
4202,39,79000,0,user_24,550,550,
4199,40,77000,0,user_20,550,550,
4249,0,30000000,12300,user_32,551,551,
4254,1,19000000,369000,user_34,551,551,
4267,2,19000000,0,user_48,551,551,
4234,3,6300000,231000,user_17,551,551,
4247,4,6300000,12800,user_29,551,551,
4241,5,4500000,0,user_26,551,551,
4246,6,3600000,0,user_29,551,551,
4244,7,2600000,0,user_28,551,551,
4237,8,2300000,0,user_20,551,551,
4232,9,2100000,0,user_16,551,551,
4264,10,1800000,24700,user_44,551,551,
4266,11,1600000,0,user_47,551,551,
4253,12,1500000,0,user_34,551,551,
4236,13,1300000,0,user_19,551,551,
4230,14,1100000,0,user_16,551,551,
4243,15,1000000,0,user_27,551,551,
4250,16,1000000,0,user_34,551,551,
4259,17,1000000,0,user_39,551,551,
4240,18,910000,0,user_24,551,551,
4233,19,670000,36800,user_16,551,551,
4256,20,670000,0,user_36,551,551,
4242,21,660000,0,user_26,551,551,
4235,22,420000,0,user_17,551,551,
4263,23,420000,0,user_43,551,551,
4239,24,260000,0,user_23,551,551,
4251,25,220000,0,user_34,551,551,
4220,26,170001,0,user_3,551,551,4218
4223,27,170001,0,user_7,551,551,4218
4226,28,170001,0,user_10,551,551,4218
4227,29,170001,0,user_11,551,551,4218
4218,30,170000,68100,user_0,551,551,
4231,31,170000,0,user_16,551,551,
4257,32,170000,12300,user_37,551,551,
4219,33,169999,0,user_1,551,551,4218
4221,34,169999,0,user_3,551,551,4218
4222,35,169999,0,user_4,551,551,4218
4228,36,169999,0,user_15,551,551,4218
4229,37,150000,0,user_16,551,551,
4238,38,150000,0,user_21,551,551,
4261,39,150000,0,user_41,551,551,
4262,40,120000,0,user_42,551,551,
4245,41,110000,0,user_28,551,551,
4252,42,110000,0,user_34,551,551,
4265,43,100000,0,user_46,551,551,
4248,44,87000,146000,user_31,551,551,
4258,45,82000,0,user_38,551,551,
4311,0,30000000,0,user_32,552,552,
4270,1,27000001,0,user_6,552,552,4269
4271,2,27000001,0,user_6,552,552,4269
4273,3,27000001,0,user_7,552,552,4269
4276,4,27000001,0,user_9,552,552,4269
4277,5,27000001,0,user_9,552,552,4269
4278,6,27000001,0,user_9,552,552,4269
4281,7,27000001,0,user_10,552,552,4269
4282,8,27000001,0,user_10,552,552,4269
4284,9,27000001,0,user_11,552,552,4269
4286,10,27000001,0,user_14,552,552,4269
4269,11,27000000,195000,user_6,552,552,
4298,12,27000000,0,user_24,552,552,
4324,13,27000000,0,user_46,552,552,
4272,14,26999999,0,user_7,552,552,4269
4274,15,26999999,0,user_8,552,552,4269
4275,16,26999999,0,user_9,552,552,4269
4279,17,26999999,0,user_9,552,552,4269
4280,18,26999999,0,user_10,552,552,4269
4283,19,26999999,0,user_10,552,552,4269
4285,20,26999999,0,user_13,552,552,4269
4323,21,19000000,0,user_45,552,552,
4304,22,5000000,0,user_29,552,552,
4294,23,4200000,0,user_22,552,552,
4302,24,4200000,0,user_28,552,552,
4317,25,3600000,0,user_39,552,552,
4309,26,3500000,0,user_31,552,552,
4296,27,3200000,0,user_23,552,552,
4319,28,2600000,0,user_42,552,552,
4321,29,2600000,0,user_44,552,552,
4305,30,1800000,0,user_29,552,552,
4308,31,1700000,594000,user_31,552,552,
4303,32,1400000,0,user_29,552,552,
4316,33,1400000,0,user_39,552,552,
4292,34,1300000,5180,user_19,552,552,
4297,35,1100000,0,user_23,552,552,
4290,36,660000,0,user_18,552,552,
4313,37,650000,10700,user_37,552,552,
4301,38,600000,0,user_27,552,552,
4306,39,460000,0,user_29,552,552,
4310,40,310000,296000,user_32,552,552,
4315,41,220000,0,user_39,552,552,
4312,42,190000,0,user_35,552,552,
4295,43,170000,0,user_22,552,552,
4299,44,170000,0,user_24,552,552,
4287,45,130000,0,user_16,552,552,
4268,46,120000,0,user_4,552,552,
4318,47,120000,42000,user_42,552,552,
4289,48,110000,0,user_17,552,552,
4314,49,110000,0,user_38,552,552,
4300,50,100000,0,user_26,552,552,
4288,51,87000,0,user_16,552,552,
4291,52,82000,0,user_19,552,552,
4322,53,77000,0,user_45,552,552,
4341,0,6100000,0,user_16,553,553,
4368,1,6100000,381000,user_43,553,553,
4379,2,6100000,0,user_49,553,553,
4359,3,5200000,0,user_35,553,553,
4352,4,5000000,0,user_29,553,553,
4346,5,4500000,0,user_21,553,553,
4370,6,3600000,0,user_43,553,553,
4333,7,3500001,0,user_8,553,553,4332
4334,8,3500001,0,user_8,553,553,4332
4335,9,3500001,0,user_10,553,553,4332
4336,10,3500001,0,user_11,553,553,4332
4340,11,3500001,0,user_15,553,553,4332
4332,12,3500000,84800,user_6,553,553,
4338,13,3499999,0,user_13,553,553,4332
4339,14,3499999,0,user_14,553,553,4332
4350,15,2600000,0,user_27,553,553,
4376,16,2600000,283000,user_46,553,553,
4369,17,2500000,0,user_43,553,553,
4373,18,2000000,0,user_46,553,553,
4349,19,1800000,128000,user_23,553,553,
4348,20,1600000,0,user_23,553,553,
4351,21,1600000,0,user_28,553,553,
4328,22,1500000,0,user_3,553,553,
4364,23,1500000,0,user_37,553,553,
4329,24,1400000,0,user_4,553,553,
4371,25,1400000,24700,user_45,553,553,
4342,26,1000000,0,user_17,553,553,
4363,27,1000000,56200,user_37,553,553,
4327,28,600000,0,user_1,553,553,
4355,29,600000,0,user_31,553,553,
4353,30,470000,0,user_29,553,553,
4345,31,460000,0,user_21,553,553,
4344,32,350000,0,user_20,553,553,
4374,33,350000,0,user_46,553,553,
4330,34,340000,0,user_4,553,553,
4331,35,340000,0,user_6,553,553,
4366,36,320000,0,user_39,553,553,
4377,37,320000,0,user_46,553,553,
4362,38,310000,18600,user_37,553,553,
4343,39,170000,0,user_18,553,553,
4358,40,160000,0,user_34,553,553,
4347,41,150000,0,user_22,553,553,
4372,42,150000,0,user_45,553,553,
4361,43,120000,0,user_37,553,553,
4326,44,110000,0,user_0,553,553,
4360,45,110000,0,user_37,553,553,
4354,46,98000,0,user_30,553,553,
4357,47,83000,0,user_33,553,553,
4365,48,82000,0,user_38,553,553,
4375,49,77000,0,user_46,553,553,
4382,0,27000000,0,user_2,554,554,
4410,1,27000000,0,user_22,554,554,
4421,2,19000000,0,user_30,554,554,
4383,3,6100000,0,user_3,554,554,
4414,4,6100000,0,user_26,554,554,
4381,5,5200000,0,user_1,554,554,
4418,6,4500000,350000,user_29,554,554,
4412,7,3600000,0,user_23,554,554,
4408,8,3500000,0,user_18,554,554,
4427,9,3500000,0,user_36,554,554,
4429,10,3200000,0,user_40,554,554,
4423,11,2600000,64600,user_34,554,554,
4380,12,2400000,0,user_0,554,554,
4431,13,2000000,0,user_43,554,554,
4425,14,1600000,0,user_35,554,554,
4428,15,1600000,0,user_39,554,554,
4435,16,1600000,545000,user_47,554,554,
4415,17,970000,0,user_27,554,554,
4417,18,970000,0,user_28,554,554,
4413,19,870000,0,user_24,554,554,
4416,20,650000,0,user_28,554,554,
4411,21,600000,0,user_22,554,554,
4426,22,600000,0,user_36,554,554,
4406,23,420000,0,user_16,554,554,
4420,24,420000,35100,user_30,554,554,
4424,25,420000,36800,user_34,554,554,
4433,26,310000,0,user_45,554,554,
4409,27,260000,0,user_21,554,554,
4436,28,190000,0,user_49,554,554,
4407,29,160000,0,user_18,554,554,
4422,30,160000,0,user_30,554,554,
4434,31,150000,0,user_46,554,554,
4432,32,120000,0,user_43,554,554,
4419,33,110000,0,user_30,554,554,
4387,34,79001,0,user_7,554,554,4384
4388,35,79001,0,user_8,554,554,4384
4392,36,79001,0,user_10,554,554,4384
4393,37,79001,0,user_10,554,554,4384
4396,38,79001,0,user_12,554,554,4384
4398,39,79001,0,user_12,554,554,4384
4400,40,79001,0,user_13,554,554,4384
4402,41,79001,0,user_13,554,554,4384
4403,42,79001,0,user_13,554,554,4384
4389,43,78999,0,user_9,554,554,4384
4390,44,78999,0,user_10,554,554,4384
4391,45,78999,0,user_10,554,554,4384
4394,46,78999,0,user_12,554,554,4384
4395,47,78999,0,user_12,554,554,4384
4397,48,78999,0,user_12,554,554,4384
4399,49,78999,0,user_13,554,554,4384
4401,50,78999,0,user_13,554,554,4384
4404,51,78999,0,user_14,554,554,4384
4405,52,78999,0,user_15,554,554,4384
4463,0,27000000,0,user_25,555,555,
4474,1,5000000,0,user_35,555,555,
4482,2,4500000,0,user_40,555,555,
4466,3,3600000,0,user_27,555,555,
4490,4,2400000,0,user_49,555,555,
4461,5,2300000,32900,user_24,555,555,
4484,6,2000000,0,user_44,555,555,
4437,7,1800000,0,user_0,555,555,
4483,8,1700000,23500,user_42,555,555,
4455,9,1500000,0,user_16,555,555,
4462,10,1500000,0,user_24,555,555,
4476,11,1400000,0,user_37,555,555,
4489,12,1400000,0,user_49,555,555,
4468,13,1300000,4320000,user_29,555,555,
4472,14,1200000,0,user_33,555,555,
4457,15,1100000,0,user_20,555,555,
4481,16,1100000,84800,user_39,555,555,
4478,17,1000000,0,user_39,555,555,
4491,18,670000,13800,user_49,555,555,
4467,19,470000,0,user_28,555,555,
4487,20,460000,0,user_47,555,555,
4475,21,420000,0,user_37,555,555,
4480,22,420000,0,user_39,555,555,
4486,23,370000,0,user_46,555,555,
4471,24,260000,0,user_32,555,555,
4470,25,220000,0,user_31,555,555,
4464,26,160000,0,user_26,555,555,
4479,27,160000,0,user_39,555,555,
4456,28,150000,181000,user_19,555,555,
4485,29,150000,350000,user_45,555,555,
4439,30,120001,0,user_3,555,555,4438
4440,31,120001,0,user_4,555,555,4438
4441,32,120001,0,user_6,555,555,4438
4444,33,120001,0,user_8,555,555,4438
4445,34,120001,0,user_9,555,555,4438
4451,35,120001,0,user_12,555,555,4438
4452,36,120001,0,user_12,555,555,4438
4453,37,120001,0,user_14,555,555,4438
4438,38,120000,16400,user_3,555,555,
4442,39,119999,0,user_6,555,555,4438
4443,40,119999,0,user_8,555,555,4438
4446,41,119999,0,user_10,555,555,4438
4448,42,119999,0,user_12,555,555,4438
4449,43,119999,0,user_12,555,555,4438
4450,44,119999,0,user_12,555,555,4438
4454,45,110000,0,user_16,555,555,
4488,46,84000,0,user_49,555,555,
4477,47,82000,0,user_39,555,555,
4465,48,77000,0,user_26,555,555,
4535,0,27000000,0,user_40,556,556,
4520,1,19000000,67900,user_27,556,556,
4519,2,6100000,0,user_26,556,556,
4537,3,5200000,67500,user_41,556,556,
4546,4,5000000,0,user_47,556,556,
4548,5,4500000,0,user_48,556,556,
4532,6,4200000,0,user_36,556,556,
4549,7,3500000,146000,user_49,556,556,
4528,8,2600000,0,user_33,556,556,
4494,9,2300000,0,user_3,556,556,
4521,10,1800000,0,user_28,556,556,
4523,11,1700000,0,user_30,556,556,
4501,12,1500000,0,user_6,556,556,
4526,13,1500000,3130,user_30,556,556,
4529,14,1500000,0,user_34,556,556,
4539,15,1400000,181000,user_43,556,556,
4514,16,1100000,0,user_22,556,556,
4533,17,1100000,0,user_36,556,556,
4512,18,1000000,0,user_19,556,556,
4495,19,970000,0,user_4,556,556,
4545,20,870000,0,user_47,556,556,
4516,21,650000,0,user_24,556,556,
4544,22,630000,17000,user_47,556,556,
4530,23,600000,5180,user_34,556,556,
4524,24,470000,0,user_30,556,556,
4541,25,470000,0,user_44,556,556,
4500,26,460000,0,user_6,556,556,
4547,27,460000,42000,user_47,556,556,
4493,28,420000,0,user_2,556,556,
4525,29,360000,0,user_30,556,556,
4492,30,320000,0,user_2,556,556,
4527,31,320000,14200,user_31,556,556,
4498,32,300000,0,user_5,556,556,
4515,33,300000,0,user_23,556,556,
4497,34,220000,0,user_5,556,556,
4522,35,220000,0,user_28,556,556,
4536,36,220000,36800,user_40,556,556,
4513,37,190000,0,user_20,556,556,
4505,38,150001,0,user_10,556,556,4502
4511,39,150001,0,user_15,556,556,4502
4502,40,150000,381000,user_6,556,556,
4503,41,149999,0,user_6,556,556,4502
4504,42,149999,0,user_8,556,556,4502
4506,43,149999,0,user_11,556,556,4502
4508,44,149999,0,user_14,556,556,4502
4509,45,149999,0,user_14,556,556,4502
4510,46,149999,0,user_14,556,556,4502
4543,47,110000,19700,user_47,556,556,
4540,48,87000,0,user_43,556,556,
4496,49,77000,0,user_4,556,556,
4499,50,73000,0,user_6,556,556,
4517,51,70000,18600,user_24,556,556,
4602,0,19000000,0,user_47,557,557,
4596,1,6100000,0,user_38,557,557,
4578,2,5000000,0,user_19,557,557,
4598,3,5000000,0,user_40,557,557,
4555,4,2400001,0,user_1,557,557,4554
4557,5,2400001,0,user_1,557,557,4554
4558,6,2400001,0,user_4,557,557,4554
4559,7,2400001,0,user_5,557,557,4554
4562,8,2400001,0,user_9,557,557,4554
4563,9,2400001,0,user_9,557,557,4554
4564,10,2400001,0,user_10,557,557,4554
4568,11,2400001,0,user_12,557,557,4554
4570,12,2400001,0,user_12,557,557,4554
4571,13,2400001,0,user_13,557,557,4554
4554,14,2400000,36800,user_1,557,557,
4556,15,2399999,0,user_1,557,557,4554
4565,16,2399999,0,user_10,557,557,4554
4566,17,2399999,0,user_11,557,557,4554
4567,18,2399999,0,user_12,557,557,4554
4569,19,2399999,0,user_12,557,557,4554
4572,20,2399999,0,user_14,557,557,4554
4594,21,1800000,594000,user_35,557,557,
4573,22,1600000,0,user_16,557,557,
4603,23,1500000,0,user_48,557,557,
4590,24,1400000,0,user_31,557,557,
4588,25,1300000,0,user_29,557,557,
4575,26,1200000,0,user_19,557,557,
4582,27,1100000,0,user_22,557,557,
4587,28,1000000,0,user_26,557,557,
4592,29,1000000,0,user_34,557,557,
4589,30,970000,3130,user_30,557,557,
4553,31,630000,0,user_1,557,557,
4576,32,630000,350000,user_19,557,557,
4597,33,460000,0,user_39,557,557,
4552,34,360000,0,user_0,557,557,
4574,35,360000,0,user_17,557,557,
4581,36,220000,84800,user_21,557,557,
4600,37,220000,0,user_44,557,557,
4550,38,170000,0,user_0,557,557,
4584,39,120000,0,user_23,557,557,
4577,40,110000,100000,user_19,557,557,
4593,41,110000,164000,user_34,557,557,
4586,42,100000,0,user_25,557,557,
4591,43,98000,0,user_34,557,557,
4551,44,87000,0,user_0,557,557,
4583,45,82000,0,user_22,557,557,
4599,46,79000,0,user_41,557,557,
4604,47,79000,0,user_48,557,557,
4601,48,77000,285000,user_45,557,557,
4624,0,6300000,0,user_21,558,558,
4613,1,5200000,0,user_12,558,558,
4650,2,5200000,0,user_45,558,558,
4626,3,5000000,0,user_23,558,558,
4653,4,5000000,121000,user_46,558,558,
4625,5,4500000,0,user_21,558,558,
4614,6,4200000,84800,user_13,558,558,
4615,7,4199999,0,user_15,558,558,4614
4648,8,3600000,0,user_43,558,558,
4607,9,3500000,0,user_1,558,558,
4641,10,2600000,0,user_38,558,558,
4651,11,2600000,0,user_46,558,558,
4606,12,2000000,0,user_1,558,558,
4608,13,2000000,0,user_2,558,558,
4621,14,2000000,49100,user_21,558,558,
4635,15,2000000,0,user_28,558,558,
4646,16,2000000,0,user_41,558,558,
4628,17,1900000,0,user_26,558,558,
4640,18,1800000,0,user_38,558,558,
4631,19,1000000,0,user_27,558,558,
4636,20,970000,0,user_31,558,558,
4644,21,970000,6390,user_38,558,558,
4616,22,670000,0,user_17,558,558,
4618,23,660000,0,user_18,558,558,
4612,24,650000,0,user_10,558,558,
4617,25,600000,0,user_17,558,558,
4622,26,460000,322000,user_21,558,558,
4642,27,460000,0,user_38,558,558,
4655,28,460000,3130,user_47,558,558,
4611,29,420000,0,user_6,558,558,
4637,30,360000,0,user_33,558,558,
4639,31,340000,0,user_37,558,558,
4610,32,220000,0,user_4,558,558,
4627,33,160000,0,user_25,558,558,
4609,34,150000,0,user_3,558,558,
4629,35,150000,0,user_27,558,558,
4630,36,130000,0,user_27,558,558,
4647,37,130000,0,user_42,558,558,
4623,38,120000,0,user_21,558,558,
4632,39,120000,0,user_27,558,558,
4652,40,120000,0,user_46,558,558,
4619,41,110000,0,user_19,558,558,
4634,42,110000,32900,user_28,558,558,
4643,43,110000,0,user_38,558,558,
4654,44,110000,0,user_46,558,558,
4656,45,100000,0,user_48,558,558,
4633,46,85000,0,user_27,558,558,
4605,47,82000,0,user_0,558,558,
4620,48,82000,6390,user_20,558,558,
4657,49,80000,8520,user_49,558,558,
4649,50,70000,84800,user_44,558,558,
4709,0,30000000,0,user_42,559,559,
4684,1,5200000,0,user_19,559,559,
4693,2,5200000,0,user_27,559,559,
4672,3,5000000,0,user_11,559,559,
4716,4,5000000,0,user_49,559,559,
4704,5,4200000,0,user_35,559,559,
4707,6,3500000,30200,user_37,559,559,
4702,7,2600000,0,user_33,559,559,
4708,8,1700000,12800,user_38,559,559,
4670,9,1600000,0,user_10,559,559,
4692,10,1600000,0,user_24,559,559,
4705,11,1600000,0,user_36,559,559,
4703,12,1400000,0,user_34,559,559,
4660,13,1200000,0,user_3,559,559,
4694,14,1200000,0,user_27,559,559,
4669,15,1100000,0,user_10,559,559,
4687,16,1000000,66100,user_21,559,559,
4715,17,1000000,0,user_49,559,559,
4706,18,970000,0,user_37,559,559,
4691,19,910000,0,user_24,559,559,
4685,20,670000,0,user_19,559,559,
4663,21,660000,0,user_4,559,559,
4671,22,660000,0,user_11,559,559,
4699,23,630000,146000,user_33,559,559,
4688,24,350000,0,user_22,559,559,
4664,25,340000,0,user_5,559,559,
4700,26,340000,0,user_33,559,559,
4696,27,260000,0,user_31,559,559,
4683,28,220000,0,user_19,559,559,
4701,29,190000,0,user_33,559,559,
4680,30,170000,0,user_16,559,559,
4689,31,170000,0,user_22,559,559,
4710,32,170000,0,user_42,559,559,
4713,33,170000,8520,user_44,559,559,
4686,34,160000,139000,user_19,559,559,
4659,35,150000,0,user_1,559,559,
4690,36,150000,0,user_23,559,559,
4658,37,130000,0,user_0,559,559,
4662,38,120000,0,user_4,559,559,
4677,39,110001,0,user_13,559,559,4674
4661,40,110000,0,user_3,559,559,
4668,41,110000,0,user_9,559,559,
4678,42,109999,0,user_14,559,559,4674
4714,43,98000,0,user_47,559,559,
4697,44,82000,15100,user_32,559,559,
4698,45,77000,13900,user_33,559,559,
4768,0,6100000,0,user_46,560,560,
4760,1,5000000,0,user_35,560,560,
4750,2,4200000,17000,user_23,560,560,
4755,3,4200000,0,user_32,560,560,
4741,4,3600000,17700000,user_16,560,560,
4743,5,3600000,0,user_17,560,560,
4761,6,3200000,0,user_35,560,560,
4744,7,2500000,0,user_17,560,560,
4762,8,2400000,0,user_35,560,560,
4769,9,2100000,0,user_47,560,560,
4724,10,2000001,0,user_5,560,560,4718
4725,11,2000001,0,user_5,560,560,4718
4727,12,2000001,0,user_7,560,560,4718
4728,13,2000001,0,user_8,560,560,4718
4730,14,2000001,0,user_10,560,560,4718
4731,15,2000001,0,user_10,560,560,4718
4733,16,2000001,0,user_11,560,560,4718
4734,17,2000001,0,user_11,560,560,4718
4735,18,2000001,0,user_11,560,560,4718
4737,19,2000001,0,user_11,560,560,4718
4720,20,1999999,0,user_2,560,560,4718
4721,21,1999999,0,user_4,560,560,4718
4722,22,1999999,0,user_5,560,560,4718
4723,23,1999999,0,user_5,560,560,4718
4726,24,1999999,0,user_6,560,560,4718
4729,25,1999999,0,user_9,560,560,4718
4732,26,1999999,0,user_10,560,560,4718
4736,27,1999999,0,user_11,560,560,4718
4738,28,1999999,0,user_12,560,560,4718
4739,29,1999999,0,user_13,560,560,4718
4766,30,1900000,0,user_44,560,560,
4765,31,1800000,0,user_43,560,560,
4770,32,1500000,0,user_48,560,560,
4745,33,970000,0,user_17,560,560,
4754,34,660000,35600,user_31,560,560,
4749,35,650000,0,user_21,560,560,
4767,36,650000,0,user_44,560,560,
4742,37,470000,0,user_16,560,560,
4763,38,470000,18600,user_39,560,560,
4758,39,360000,0,user_35,560,560,
4752,40,260000,0,user_28,560,560,
4746,41,240000,195000,user_17,560,560,
4753,42,220000,0,user_30,560,560,
4759,43,220000,0,user_35,560,560,
4756,44,120000,0,user_32,560,560,
4748,45,110000,0,user_19,560,560,
4764,46,85000,100000,user_42,560,560,
4772,0,30000000,0,user_0,561,561,
4802,1,5200000,0,user_31,561,561,
4775,2,3600000,0,user_2,561,561,
4812,3,3200000,128000,user_43,561,561,
4813,4,3200000,0,user_45,561,561,
4795,5,1800000,0,user_26,561,561,
4816,6,1700000,0,user_48,561,561,
4790,7,1600000,510000,user_22,561,561,
4789,8,1500000,0,user_19,561,561,
4793,9,1500000,0,user_24,561,561,
4791,10,1000000,0,user_23,561,561,
4811,11,460000,0,user_42,561,561,
4797,12,370000,17000,user_26,561,561,
4778,13,360000,0,user_5,561,561,
4787,14,240000,0,user_18,561,561,
4794,15,220000,0,user_25,561,561,
4804,16,220000,0,user_34,561,561,
4777,17,170000,0,user_4,561,561,
4817,18,170000,0,user_49,561,561,
4801,19,160000,0,user_30,561,561,
4815,20,160000,0,user_47,561,561,
4796,21,150000,0,user_26,561,561,
4798,22,130000,0,user_26,561,561,
4788,23,120000,11200,user_19,561,561,
4803,24,120000,155000,user_34,561,561,
4814,25,120000,0,user_45,561,561,
4792,26,100000,0,user_24,561,561,
4774,27,84000,0,user_2,561,561,
4773,28,80000,0,user_1,561,561,
4780,29,79001,0,user_8,561,561,4779
4781,30,79001,0,user_8,561,561,4779
4785,31,79001,0,user_12,561,561,4779
4786,32,79001,0,user_13,561,561,4779
4779,33,79000,128000,user_7,561,561,
4782,34,78999,0,user_10,561,561,4779
4776,35,77000,0,user_3,561,561,
4800,36,77000,32900,user_27,561,561,
4799,37,73000,0,user_26,561,561,
4810,38,73000,0,user_41,561,561,
4847,0,43000000,17000,user_32,562,562,
4856,1,5000000,0,user_40,562,562,
4860,2,5000000,0,user_44,562,562,
4844,3,4500000,0,user_28,562,562,
4821,4,2400001,0,user_6,562,562,4818
4823,5,2400001,0,user_7,562,562,4818
4824,6,2400001,0,user_9,562,562,4818
4825,7,2400001,0,user_10,562,562,4818
4830,8,2400001,0,user_15,562,562,4818
4818,9,2400000,49100,user_0,562,562,
4819,10,2399999,0,user_3,562,562,4818
4820,11,2399999,0,user_5,562,562,4818
4822,12,2399999,0,user_7,562,562,4818
4827,13,2399999,0,user_12,562,562,4818
4828,14,2399999,0,user_12,562,562,4818
4829,15,2399999,0,user_14,562,562,4818
4863,16,2000000,0,user_46,562,562,
4867,17,2000000,0,user_47,562,562,
4868,18,2000000,0,user_47,562,562,
4850,19,1700000,0,user_35,562,562,
4841,20,1300000,0,user_27,562,562,
4837,21,1100000,0,user_25,562,562,
4835,22,1000000,0,user_25,562,562,
4864,23,910000,0,user_46,562,562,
4869,24,910000,15100,user_49,562,562,
4852,25,600000,0,user_37,562,562,
4845,26,530000,67500,user_29,562,562,
4839,27,460000,0,user_25,562,562,
4858,28,420000,39400,user_43,562,562,
4831,29,310000,0,user_19,562,562,
4836,30,260000,0,user_25,562,562,
4846,31,260000,0,user_31,562,562,
4851,32,260000,12800,user_36,562,562,
4855,33,260000,0,user_40,562,562,
4834,34,190000,0,user_24,562,562,
4866,35,190000,0,user_46,562,562,
4849,36,170000,0,user_33,562,562,
4832,37,160000,0,user_20,562,562,
4857,38,160000,0,user_42,562,562,
4838,39,130000,0,user_25,562,562,
4861,40,130000,30200,user_45,562,562,
4859,41,110000,75000,user_43,562,562,
4854,42,98000,0,user_40,562,562,
4843,43,85000,0,user_28,562,562,
4840,44,80000,0,user_26,562,562,
4842,45,80000,0,user_28,562,562,
4848,46,80000,0,user_33,562,562,
4865,47,79000,0,user_46,562,562,
4862,48,77000,0,user_46,562,562,
4901,0,30000000,0,user_24,563,563,
4920,1,30000000,4320000,user_36,563,563,
4877,2,27000001,0,user_5,563,563,4873
4878,3,27000001,0,user_6,563,563,4873
4880,4,27000001,0,user_10,563,563,4873
4882,5,27000001,0,user_11,563,563,4873
4883,6,27000001,0,user_12,563,563,4873
4885,7,27000001,0,user_12,563,563,4873
4888,8,27000001,0,user_13,563,563,4873
4889,9,27000001,0,user_14,563,563,4873
4873,10,27000000,4320000,user_1,563,563,
4874,11,26999999,0,user_2,563,563,4873
4875,12,26999999,0,user_2,563,563,4873
4876,13,26999999,0,user_4,563,563,4873
4879,14,26999999,0,user_6,563,563,4873
4881,15,26999999,0,user_11,563,563,4873
4884,16,26999999,0,user_12,563,563,4873
4886,17,26999999,0,user_12,563,563,4873
4887,18,26999999,0,user_12,563,563,4873
4890,19,26999999,0,user_15,563,563,4873
4914,20,19000000,0,user_32,563,563,
4932,21,19000000,0,user_48,563,563,
4893,22,6300000,0,user_18,563,563,
4872,23,4500000,0,user_1,563,563,
4897,24,2600000,545000,user_19,563,563,
4916,25,2000000,0,user_32,563,563,
4905,26,1900000,296000,user_27,563,563,
4912,27,1700000,0,user_31,563,563,
4910,28,1500000,0,user_30,563,563,
4892,29,1000000,47700,user_16,563,563,
4923,30,1000000,5180,user_41,563,563,
4927,31,1000000,0,user_42,563,563,
4903,32,970000,0,user_25,563,563,
4913,33,910000,0,user_32,563,563,
4933,34,870000,0,user_48,563,563,
4928,35,660000,0,user_43,563,563,
4902,36,650000,49100,user_25,563,563,
4899,37,630000,0,user_23,563,563,
4870,38,600000,0,user_0,563,563,
4907,39,470000,0,user_29,563,563,
4900,40,420000,0,user_24,563,563,
4896,41,360000,510000,user_18,563,563,
4924,42,360000,35100,user_41,563,563,
4871,43,350000,0,user_1,563,563,
4921,44,310000,0,user_38,563,563,
4925,45,310000,1100000,user_41,563,563,
4908,46,240000,0,user_30,563,563,
4891,47,220000,49100,user_16,563,563,
4898,48,170000,0,user_21,563,563,
4911,49,170000,128000,user_30,563,563,
4931,50,170000,0,user_46,563,563,
4909,51,160000,0,user_30,563,563,
4929,52,160000,66100,user_43,563,563,
4895,53,150000,0,user_18,563,563,
4915,54,150000,0,user_32,563,563,
4926,55,120000,68100,user_41,563,563,
4904,56,110000,0,user_26,563,563,
4917,57,110000,1100000,user_32,563,563,
4918,58,110000,0,user_33,563,563,
4934,59,100000,0,user_49,563,563,
4930,60,98000,0,user_45,563,563,
4906,61,85000,0,user_28,563,563,
4894,62,73000,0,user_18,563,563,
4941,0,27000001,0,user_2,564,564,4935
4943,1,27000001,0,user_2,564,564,4935
4946,2,27000001,0,user_6,564,564,4935
4947,3,27000001,0,user_6,564,564,4935
4948,4,27000001,0,user_6,564,564,4935
4949,5,27000001,0,user_6,564,564,4935
4952,6,27000001,0,user_9,564,564,4935
4935,7,27000000,11200,user_0,564,564,
4936,8,26999999,0,user_1,564,564,4935
4937,9,26999999,0,user_1,564,564,4935
4938,10,26999999,0,user_1,564,564,4935
4939,11,26999999,0,user_1,564,564,4935
4940,12,26999999,0,user_1,564,564,4935
4942,13,26999999,0,user_2,564,564,4935
4944,14,26999999,0,user_3,564,564,4935
4945,15,26999999,0,user_5,564,564,4935
4950,16,26999999,0,user_6,564,564,4935
4951,17,26999999,0,user_8,564,564,4935
4970,18,6300000,0,user_36,564,564,
4962,19,5200000,84800,user_27,564,564,
4965,20,5200000,0,user_29,564,564,
4983,21,5200000,10700,user_47,564,564,
4974,22,5000000,0,user_38,564,564,
4986,23,5000000,161000,user_49,564,564,
4972,24,4500000,0,user_36,564,564,
4964,25,3600000,0,user_28,564,564,
4969,26,3600000,66100,user_33,564,564,
4956,27,1700000,0,user_20,564,564,
4978,28,1700000,0,user_45,564,564,
4980,29,1700000,0,user_45,564,564,
4975,30,1400000,0,user_39,564,564,
4959,31,420000,0,user_20,564,564,
4960,32,420000,0,user_20,564,564,
4982,33,420000,0,user_46,564,564,
4963,34,360000,30200,user_28,564,564,
4973,35,360000,0,user_36,564,564,
4979,36,310000,0,user_45,564,564,
4977,37,240000,0,user_43,564,564,
4957,38,170000,0,user_20,564,564,
4981,39,160000,0,user_45,564,564,
4966,40,150000,16400,user_29,564,564,
4958,41,120000,33300,user_20,564,564,
4967,42,120000,215000,user_30,564,564,
4985,43,120000,0,user_49,564,564,
4953,44,110000,0,user_16,564,564,
4954,45,110000,0,user_18,564,564,
4961,46,110000,0,user_26,564,564,
4968,47,80000,0,user_31,564,564,
4971,48,73000,0,user_36,564,564,
5010,0,27000000,0,user_26,565,565,
5004,1,5200000,0,user_21,565,565,
5021,2,5000000,0,user_41,565,565,
5023,3,5000000,100000,user_43,565,565,
4999,4,3200000,0,user_18,565,565,
5015,5,2000000,0,user_35,565,565,
5027,6,1900000,0,user_47,565,565,
5008,7,1700000,0,user_22,565,565,
5012,8,1100000,0,user_29,565,565,
5002,9,1000000,0,user_20,565,565,
5026,10,660000,19700,user_47,565,565,
5000,11,460000,0,user_18,565,565,
5006,12,460000,36800,user_21,565,565,
5016,13,420000,0,user_36,565,565,
5014,14,370000,0,user_30,565,565,
5003,15,320000,0,user_21,565,565,
4989,16,220001,0,user_4,565,565,4988
4990,17,220001,0,user_4,565,565,4988
4993,18,220001,0,user_8,565,565,4988
4996,19,220001,0,user_15,565,565,4988
4988,20,220000,13900,user_3,565,565,
4991,21,219999,0,user_6,565,565,4988
4994,22,219999,0,user_9,565,565,4988
4995,23,219999,0,user_10,565,565,4988
4987,24,170000,0,user_2,565,565,
4998,25,170000,0,user_16,565,565,
5011,26,170000,0,user_27,565,565,
5024,27,170000,0,user_43,565,565,
5013,28,160000,0,user_29,565,565,
5018,29,160000,0,user_38,565,565,
5022,30,160000,0,user_41,565,565,
5025,31,160000,0,user_46,565,565,
5005,32,150000,155000,user_21,565,565,
5019,33,150000,15300,user_38,565,565,
5028,34,150000,84800,user_49,565,565,
5017,35,120000,0,user_37,565,565,
4997,36,84000,0,user_16,565,565,
5007,37,73000,0,user_22,565,565,
5034,0,43000001,0,user_4,566,566,5033
5040,1,43000001,0,user_13,566,566,5033
5041,2,43000001,0,user_13,566,566,5033
5042,3,43000001,0,user_13,566,566,5033
5043,4,43000001,0,user_13,566,566,5033
5033,5,43000000,66100,user_3,566,566,
5035,6,42999999,0,user_6,566,566,5033
5036,7,42999999,0,user_7,566,566,5033
5037,8,42999999,0,user_7,566,566,5033
5038,9,42999999,0,user_8,566,566,5033
5039,10,42999999,0,user_10,566,566,5033
5044,11,42999999,0,user_15,566,566,5033
5045,12,19000000,39400,user_16,566,566,
5065,13,19000000,12800,user_33,566,566,
5061,14,6300000,0,user_28,566,566,
5054,15,5000000,0,user_21,566,566,
5074,16,5000000,0,user_38,566,566,
5081,17,5000000,0,user_43,566,566,
5080,18,3600000,0,user_43,566,566,
5048,19,3200000,0,user_16,566,566,
5060,20,2000000,0,user_26,566,566,
5069,21,2000000,0,user_33,566,566,
5049,22,1500000,0,user_16,566,566,
5050,23,1500000,0,user_17,566,566,
5070,24,1400000,5630,user_34,566,566,
5055,25,1100000,0,user_23,566,566,
5085,26,870000,0,user_49,566,566,
5029,27,670000,0,user_0,566,566,
5059,28,650000,0,user_25,566,566,
5066,29,650000,0,user_33,566,566,
5058,30,600000,49100,user_25,566,566,
5030,31,420000,0,user_1,566,566,
5051,32,420000,959000,user_19,566,566,
5063,33,420000,17700000,user_31,566,566,
5082,34,350000,0,user_44,566,566,
5052,35,320000,0,user_20,566,566,
5071,36,320000,410000,user_34,566,566,
5057,37,310000,108000,user_25,566,566,
5068,38,260000,0,user_33,566,566,
5053,39,170000,0,user_20,566,566,
5031,40,150000,0,user_3,566,566,
5072,41,130000,0,user_34,566,566,
5046,42,120000,0,user_16,566,566,
5064,43,120000,100000,user_31,566,566,
5067,44,120000,0,user_33,566,566,
5047,45,110000,0,user_16,566,566,
5056,46,110000,0,user_24,566,566,
5083,47,98000,0,user_47,566,566,
5032,48,85000,0,user_3,566,566,
5084,49,84000,0,user_49,566,566,
5062,50,82000,0,user_29,566,566,
5117,0,30000000,0,user_29,567,567,
5129,1,19000000,5180,user_43,567,567,
5105,2,6100000,7190000,user_19,567,567,
5130,3,5200000,32900,user_44,567,567,
5113,4,4200000,146000,user_24,567,567,
5132,5,4200000,67500,user_44,567,567,
5086,6,3500000,0,user_0,567,567,
5109,7,2500000,0,user_20,567,567,
5136,8,2400000,10700,user_46,567,567,
5103,9,2000000,0,user_18,567,567,
5116,10,2000000,0,user_28,567,567,
5137,11,2000000,0,user_46,567,567,
5120,12,1800000,410000,user_32,567,567,
5125,13,1300000,7840,user_38,567,567,
5124,14,1200000,0,user_37,567,567,
5115,15,1100000,0,user_27,567,567,
5127,16,670000,0,user_41,567,567,
5112,17,530000,0,user_22,567,567,
5111,18,460000,0,user_21,567,567,
5114,19,460000,0,user_25,567,567,
5088,20,420000,0,user_1,567,567,
5135,21,420000,0,user_46,567,567,
5087,22,360000,0,user_0,567,567,
5138,23,340000,0,user_49,567,567,
5133,24,310000,0,user_44,567,567,
5106,25,220000,0,user_19,567,567,
5131,26,220000,0,user_44,567,567,
5091,27,190001,0,user_4,567,567,5090
5094,28,190001,0,user_6,567,567,5090
5096,29,190001,0,user_7,567,567,5090
5097,30,190001,0,user_10,567,567,5090
5099,31,190001,0,user_12,567,567,5090
5100,32,190001,0,user_13,567,567,5090
5090,33,190000,322000,user_3,567,567,
5092,34,189999,0,user_5,567,567,5090
5093,35,189999,0,user_6,567,567,5090
5095,36,189999,0,user_7,567,567,5090
5098,37,189999,0,user_12,567,567,5090
5121,38,170000,108000,user_33,567,567,
5108,39,160000,0,user_19,567,567,
5122,40,150000,0,user_34,567,567,
5123,41,150000,0,user_36,567,567,
5089,42,130000,0,user_3,567,567,
5102,43,120000,0,user_18,567,567,
5119,44,120000,0,user_32,567,567,
5101,45,110000,0,user_16,567,567,
5104,46,110000,381000,user_19,567,567,
5128,47,110000,60700,user_42,567,567,
5118,48,87000,0,user_31,567,567,
5134,49,84000,0,user_44,567,567,
5107,50,77000,0,user_19,567,567,
5110,51,77000,0,user_20,567,567,
5169,0,5000000,0,user_24,568,568,
5199,1,5000000,0,user_46,568,568,
5202,2,4500000,0,user_49,568,568,
5186,3,2600000,0,user_34,568,568,
5192,4,2500000,0,user_43,568,568,
5162,5,2400000,0,user_20,568,568,
5174,6,2300000,0,user_28,568,568,
5189,7,2300000,0,user_38,568,568,
5196,8,2000000,0,user_46,568,568,
5160,9,1800000,0,user_19,568,568,
5164,10,1700000,0,user_21,568,568,
5194,11,1400000,0,user_44,568,568,
5170,12,1000000,322000,user_24,568,568,
5180,13,1000000,0,user_30,568,568,
5188,14,970000,0,user_37,568,568,
5152,15,650000,0,user_17,568,568,
5190,16,650000,17700000,user_39,568,568,
5193,17,630000,13900,user_44,568,568,
5165,18,470000,0,user_21,568,568,
5167,19,470000,0,user_22,568,568,
5172,20,470000,0,user_25,568,568,
5179,21,420000,0,user_29,568,568,
5166,22,340000,0,user_21,568,568,
5171,23,340000,0,user_24,568,568,
5168,24,310000,18600,user_24,568,568,
5163,25,300000,0,user_21,568,568,
5157,26,260000,0,user_19,568,568,
5158,27,240000,0,user_19,568,568,
5161,28,240000,0,user_19,568,568,
5175,29,240000,0,user_28,568,568,
5185,30,220000,0,user_34,568,568,
5201,31,190000,0,user_48,568,568,
5173,32,170000,0,user_26,568,568,
5176,33,170000,0,user_28,568,568,
5181,34,170000,0,user_31,568,568,
5195,35,170000,0,user_46,568,568,
5155,36,160000,0,user_18,568,568,
5178,37,160000,0,user_29,568,568,
5187,38,160000,0,user_36,568,568,
5197,39,160000,0,user_46,568,568,
5159,40,130000,0,user_19,568,568,
5182,41,120000,769000,user_31,568,568,
5198,42,120000,0,user_46,568,568,
5200,43,120000,0,user_47,568,568,
5203,44,120000,0,user_49,568,568,
5154,45,110000,0,user_18,568,568,
5156,46,110000,0,user_18,568,568,
5184,47,110000,0,user_33,568,568,
5204,48,110000,0,user_49,568,568,
5177,49,100000,0,user_28,568,568,
5153,50,98000,0,user_18,568,568,
5183,51,84000,0,user_32,568,568,
5143,52,79001,0,user_5,568,568,5139
5148,53,79001,0,user_12,568,568,5139
5139,54,79000,181000,user_0,568,568,
5140,55,78999,0,user_0,568,568,5139
5141,56,78999,0,user_1,568,568,5139
5142,57,78999,0,user_4,568,568,5139
5144,58,78999,0,user_7,568,568,5139
5147,59,78999,0,user_10,568,568,5139
5149,60,78999,0,user_13,568,568,5139
5150,61,78999,0,user_14,568,568,5139
5151,62,78999,0,user_15,568,568,5139
5240,0,30000000,0,user_33,569,569,
5244,1,19000000,0,user_35,569,569,
5243,2,6300000,0,user_35,569,569,
5249,3,4500000,0,user_40,569,569,
5227,4,3600000,0,user_22,569,569,
5257,5,3600000,0,user_48,569,569,
5219,6,3500000,0,user_16,569,569,
5250,7,3200000,0,user_40,569,569,
5232,8,2100000,0,user_28,569,569,
5248,9,2000000,0,user_40,569,569,
5205,10,1600000,0,user_1,569,569,
5236,11,1500000,35600,user_32,569,569,
5256,12,1100000,0,user_46,569,569,
5241,13,970000,0,user_34,569,569,
5247,14,600000,0,user_40,569,569,
5252,15,600000,0,user_43,569,569,
5253,16,600000,0,user_43,569,569,
5215,17,530001,0,user_13,569,569,5212
5217,18,530001,0,user_15,569,569,5212
5206,19,530000,0,user_2,569,569,
5212,20,530000,322000,user_8,569,569,
5213,21,529999,0,user_10,569,569,5212
5216,22,529999,0,user_14,569,569,5212
5207,23,460000,0,user_3,569,569,
5245,24,460000,0,user_36,569,569,
5239,25,360000,60700,user_32,569,569,
5229,26,340000,39400,user_24,569,569,
5233,27,320000,35100,user_29,569,569,
5222,28,310000,73100,user_16,569,569,
5228,29,300000,0,user_23,569,569,
5226,30,240000,0,user_21,569,569,
5238,31,220000,0,user_32,569,569,
5254,32,220000,0,user_44,569,569,
5211,33,160000,0,user_7,569,569,
5231,34,160000,0,user_26,569,569,
5237,35,160000,0,user_32,569,569,
5221,36,150000,0,user_16,569,569,
5259,37,150000,0,user_49,569,569,
5218,38,120000,0,user_16,569,569,
5220,39,120000,256000,user_16,569,569,
5225,40,120000,0,user_20,569,569,
5255,41,110000,0,user_45,569,569,
5260,42,110000,0,user_49,569,569,
5223,43,98000,0,user_17,569,569,
5242,44,87000,16400,user_34,569,569,
5234,45,85000,0,user_30,569,569,
5258,46,83000,0,user_49,569,569,
5235,47,73000,0,user_32,569,569,
5246,48,73000,0,user_37,569,569,
5292,0,6300000,0,user_34,570,570,
5308,1,5200000,0,user_46,570,570,
5291,2,5000000,161000,user_33,570,570,
5262,3,4200000,0,user_1,570,570,
5263,4,2600000,0,user_1,570,570,
5303,5,2600000,0,user_45,570,570,
5282,6,2400000,161000,user_24,570,570,
5311,7,2100000,0,user_49,570,570,
5306,8,1400000,0,user_45,570,570,
5304,9,1100000,0,user_45,570,570,
5295,10,910000,959000,user_38,570,570,
5290,11,670000,0,user_32,570,570,
5287,12,630000,0,user_27,570,570,
5299,13,600000,0,user_41,570,570,
5305,14,470000,0,user_45,570,570,
5277,15,420000,0,user_17,570,570,
5280,16,420000,12800,user_23,570,570,
5297,17,350000,0,user_39,570,570,
5301,18,350000,0,user_43,570,570,
5278,19,320000,0,user_18,570,570,
5310,20,320000,0,user_47,570,570,
5281,21,310000,14200,user_23,570,570,
5307,22,310000,0,user_45,570,570,
5265,23,300001,0,user_4,570,570,5264
5266,24,300001,0,user_4,570,570,5264
5271,25,300001,0,user_11,570,570,5264
5273,26,300001,0,user_13,570,570,5264
5274,27,300001,0,user_14,570,570,5264
5276,28,300001,0,user_15,570,570,5264
5264,29,300000,18600,user_3,570,570,
5267,30,299999,0,user_6,570,570,5264
5270,31,299999,0,user_10,570,570,5264
5272,32,299999,0,user_12,570,570,5264
5275,33,299999,0,user_15,570,570,5264
5300,34,260000,0,user_42,570,570,
5286,35,240000,0,user_27,570,570,
5284,36,220000,0,user_26,570,570,
5279,37,160000,0,user_22,570,570,
5285,38,160000,164000,user_26,570,570,
5288,39,160000,0,user_30,570,570,
5289,40,150000,0,user_30,570,570,
5309,41,150000,381000,user_46,570,570,
5283,42,110000,0,user_25,570,570,
5261,43,85000,0,user_0,570,570,
5296,44,84000,64600,user_38,570,570,
5302,45,82000,0,user_43,570,570,
5332,0,27000000,0,user_16,571,571,
5362,1,5000000,12800,user_48,571,571,
5350,2,3600000,0,user_28,571,571,
5344,3,3200000,12800,user_22,571,571,
5363,4,2500000,0,user_48,571,571,
5352,5,2100000,0,user_30,571,571,
5348,6,2000000,0,user_27,571,571,
5312,7,1500000,0,user_0,571,571,
5349,8,1500000,164000,user_28,571,571,
5334,9,1400000,0,user_16,571,571,
5337,10,1100000,0,user_20,571,571,
5341,11,910000,0,user_20,571,571,
5343,12,870000,0,user_22,571,571,
5315,13,600000,0,user_1,571,571,
5319,14,470001,0,user_2,571,571,5316
5320,15,470001,0,user_2,571,571,5316
5325,16,470001,0,user_8,571,571,5316
5326,17,470001,0,user_9,571,571,5316
5328,18,470001,0,user_10,571,571,5316
5330,19,470001,0,user_12,571,571,5316
5316,20,470000,369000,user_1,571,571,
5317,21,469999,0,user_1,571,571,5316
5318,22,469999,0,user_1,571,571,5316
5321,23,469999,0,user_2,571,571,5316
5322,24,469999,0,user_3,571,571,5316
5324,25,469999,0,user_7,571,571,5316
5327,26,469999,0,user_10,571,571,5316
5331,27,469999,0,user_14,571,571,5316
5353,28,460000,0,user_33,571,571,
5335,29,260000,0,user_16,571,571,
5361,30,260000,0,user_47,571,571,
5314,31,220000,0,user_1,571,571,
5342,32,220000,0,user_21,571,571,
5360,33,220000,0,user_45,571,571,
5347,34,170000,0,user_26,571,571,
5333,35,160000,0,user_16,571,571,
5356,36,160000,0,user_37,571,571,
5345,37,150000,0,user_24,571,571,
5354,38,150000,0,user_35,571,571,
5355,39,150000,0,user_35,571,571,
5338,40,130000,0,user_20,571,571,
5340,41,130000,108000,user_20,571,571,
5336,42,120000,0,user_18,571,571,
5359,43,120000,35100,user_45,571,571,
5339,44,110000,0,user_20,571,571,
5351,45,110000,0,user_29,571,571,
5313,46,100000,0,user_0,571,571,
5357,47,85000,56200,user_37,571,571,
5346,48,79000,0,user_26,571,571,
5358,49,79000,0,user_38,571,571,
5424,0,6100000,24700,user_49,572,572,
5415,1,5000000,0,user_42,572,572,
5421,2,4500000,0,user_46,572,572,
5388,3,3600000,0,user_18,572,572,
5404,4,3500000,0,user_34,572,572,
5407,5,3200000,0,user_36,572,572,
5402,6,2500000,0,user_31,572,572,
5409,7,2500000,0,user_37,572,572,
5400,8,1800000,0,user_29,572,572,
5408,9,1700000,0,user_36,572,572,
5391,10,1600000,0,user_20,572,572,
5393,11,1600000,0,user_22,572,572,
5395,12,1600000,0,user_25,572,572,
5392,13,1500000,46500,user_22,572,572,
5419,14,1500000,0,user_45,572,572,
5397,15,1000000,0,user_27,572,572,
5413,16,1000000,0,user_40,572,572,
5401,17,870000,0,user_30,572,572,
5423,18,530000,0,user_48,572,572,
5405,19,460000,231000,user_35,572,572,
5414,20,460000,0,user_41,572,572,
5416,21,460000,0,user_43,572,572,
5390,22,360000,0,user_20,572,572,
5417,23,360000,0,user_43,572,572,
5387,24,310000,84800,user_17,572,572,
5403,25,240000,0,user_32,572,572,
5418,26,220000,0,user_44,572,572,
5385,27,160000,0,user_16,572,572,
5399,28,160000,0,user_28,572,572,
5389,29,150000,0,user_18,572,572,
5406,30,120000,0,user_35,572,572,
5365,31,110001,0,user_2,572,572,5364
5368,32,110001,0,user_5,572,572,5364
5369,33,110001,0,user_5,572,572,5364
5370,34,110001,0,user_5,572,572,5364
5371,35,110001,0,user_5,572,572,5364
5373,36,110001,0,user_6,572,572,5364
5384,37,110001,0,user_15,572,572,5364
5364,38,110000,146000,user_0,572,572,
5366,39,109999,0,user_2,572,572,5364
5367,40,109999,0,user_4,572,572,5364
5372,41,109999,0,user_5,572,572,5364
5374,42,109999,0,user_6,572,572,5364
5378,43,109999,0,user_10,572,572,5364
5382,44,109999,0,user_14,572,572,5364
5383,45,109999,0,user_15,572,572,5364
5412,46,98000,0,user_40,572,572,
5411,47,83000,0,user_39,572,572,
5420,48,83000,0,user_46,572,572,
5398,49,79000,0,user_28,572,572,
5386,50,77000,0,user_16,572,572,
5478,0,3600000,0,user_39,573,573,
5482,1,3500000,0,user_46,573,573,
5457,2,2000000,0,user_23,573,573,
5477,3,2000000,0,user_39,573,573,
5426,4,1900000,0,user_2,573,573,
5467,5,1900000,0,user_29,573,573,
5451,6,1600000,0,user_19,573,573,
5425,7,1500000,0,user_1,573,573,
5448,8,1400000,0,user_17,573,573,
5465,9,1400000,17700000,user_29,573,573,
5466,10,1300000,164000,user_29,573,573,
5479,11,1200000,7190000,user_43,573,573,
5450,12,1100000,13900,user_19,573,573,
5427,13,1000000,0,user_4,573,573,
5460,14,970000,0,user_25,573,573,
5474,15,970000,0,user_37,573,573,
5469,16,910000,0,user_31,573,573,
5453,17,870000,0,user_21,573,573,
5484,18,670000,0,user_47,573,573,
5476,19,530000,0,user_39,573,573,
5431,20,460001,0,user_5,573,573,5428
5433,21,460001,0,user_7,573,573,5428
5438,22,460001,0,user_12,573,573,5428
5439,23,460001,0,user_13,573,573,5428
5441,24,460001,0,user_13,573,573,5428
5442,25,460001,0,user_13,573,573,5428
5445,26,460001,0,user_15,573,573,5428
5446,27,460001,0,user_15,573,573,5428
5428,28,460000,47700,user_4,573,573,
5456,29,460000,0,user_23,573,573,
5429,30,459999,0,user_4,573,573,5428
5430,31,459999,0,user_4,573,573,5428
5432,32,459999,0,user_6,573,573,5428
5436,33,459999,0,user_10,573,573,5428
5437,34,459999,0,user_11,573,573,5428
5440,35,459999,0,user_13,573,573,5428
5443,36,459999,0,user_13,573,573,5428
5444,37,459999,0,user_14,573,573,5428
5454,38,370000,0,user_22,573,573,
5473,39,370000,0,user_36,573,573,
5483,40,320000,0,user_46,573,573,
5458,41,310000,0,user_24,573,573,
5470,42,310000,0,user_32,573,573,
5447,43,260000,0,user_16,573,573,
5461,44,260000,0,user_25,573,573,
5480,45,260000,0,user_44,573,573,
5463,46,220000,0,user_28,573,573,
5475,47,220000,0,user_39,573,573,
5468,48,170000,0,user_29,573,573,
5462,49,160000,0,user_25,573,573,
5449,50,150000,0,user_18,573,573,
5452,51,150000,0,user_20,573,573,
5485,52,150000,0,user_49,573,573,
5455,53,110000,0,user_23,573,573,
5481,54,110000,0,user_45,573,573,
5464,55,84000,0,user_29,573,573,
5459,56,80000,0,user_25,573,573,
5471,57,80000,0,user_32,573,573,
5535,0,27000000,0,user_41,574,574,
5519,1,4500000,0,user_32,574,574,
5503,2,3600000,0,user_16,574,574,
5504,3,3200000,0,user_17,574,574,
5510,4,3200000,0,user_23,574,574,
5541,5,2600000,0,user_48,574,574,
5532,6,2400000,0,user_39,574,574,
5520,7,2100000,0,user_32,574,574,
5530,8,2100000,31700,user_38,574,574,
5521,9,1900000,60700,user_32,574,574,
5538,10,1900000,0,user_46,574,574,
5506,11,1600000,0,user_19,574,574,
5487,12,1500000,0,user_1,574,574,
5515,13,1400000,0,user_28,574,574,
5511,14,1100000,0,user_25,574,574,
5512,15,1000000,0,user_25,574,574,
5516,16,1000000,0,user_28,574,574,
5522,17,1000000,0,user_32,574,574,
5531,18,1000000,0,user_39,574,574,
5534,19,1000000,0,user_41,574,574,
5527,20,970000,0,user_36,574,574,
5509,21,870000,0,user_23,574,574,
5528,22,470000,67900,user_36,574,574,
5486,23,460000,0,user_0,574,574,
5495,24,320001,0,user_7,574,574,5489
5489,25,320000,322000,user_2,574,574,
5490,26,319999,0,user_2,574,574,5489
5491,27,319999,0,user_2,574,574,5489
5492,28,319999,0,user_2,574,574,5489
5493,29,319999,0,user_2,574,574,5489
5494,30,319999,0,user_4,574,574,5489
5496,31,319999,0,user_10,574,574,5489
5497,32,319999,0,user_11,574,574,5489
5498,33,319999,0,user_12,574,574,5489
5499,34,319999,0,user_14,574,574,5489
5500,35,319999,0,user_15,574,574,5489
5513,36,260000,0,user_26,574,574,
5501,37,220000,60700,user_16,574,574,
5507,38,220000,0,user_20,574,574,
5514,39,220000,0,user_27,574,574,
5529,40,220000,0,user_36,574,574,
5502,41,170000,0,user_16,574,574,
5540,42,160000,0,user_48,574,574,
5488,43,150000,0,user_1,574,574,
5524,44,150000,0,user_33,574,574,
5518,45,120000,0,user_31,574,574,
5505,46,110000,0,user_19,574,574,
5523,47,110000,0,user_32,574,574,
5508,48,84000,0,user_20,574,574,
5517,49,83000,0,user_31,574,574,
5539,50,79000,19700,user_46,574,574,
5526,51,73000,0,user_36,574,574,
5536,52,73000,13900,user_43,574,574,
5537,53,73000,0,user_45,574,574,
5579,0,19000000,0,user_45,575,575,
5545,1,5000000,0,user_2,575,575,
5542,2,4500000,0,user_0,575,575,
5573,3,4200000,0,user_38,575,575,
5558,4,2600000,0,user_19,575,575,
5562,5,2300000,0,user_24,575,575,
5584,6,2000000,0,user_48,575,575,
5586,7,2000000,71800,user_49,575,575,
5563,8,1900000,0,user_25,575,575,
5583,9,1800000,71800,user_47,575,575,
5559,10,1700000,66100,user_22,575,575,
5568,11,1600000,36800,user_34,575,575,
5571,12,1500000,410000,user_37,575,575,
5550,13,1300001,0,user_7,575,575,5546
5555,14,1300001,0,user_14,575,575,5546
5546,15,1300000,66100,user_4,575,575,
5547,16,1299999,0,user_4,575,575,5546
5548,17,1299999,0,user_4,575,575,5546
5549,18,1299999,0,user_7,575,575,5546
5552,19,1299999,0,user_11,575,575,5546
5553,20,1299999,0,user_12,575,575,5546
5554,21,1299999,0,user_13,575,575,5546
5556,22,1299999,0,user_15,575,575,5546
5561,23,1100000,0,user_24,575,575,
5575,24,660000,3130,user_39,575,575,
5564,25,370000,0,user_30,575,575,
5560,26,360000,0,user_23,575,575,
5576,27,360000,959000,user_42,575,575,
5585,28,360000,0,user_49,575,575,
5566,29,260000,0,user_32,575,575,
5580,30,220000,0,user_46,575,575,
5565,31,160000,0,user_30,575,575,
5578,32,150000,32900,user_44,575,575,
5570,33,120000,0,user_37,575,575,
5574,34,120000,16400,user_38,575,575,
5544,35,110000,0,user_1,575,575,
5557,36,110000,16400,user_17,575,575,
5582,37,110000,0,user_46,575,575,
5567,38,98000,545000,user_33,575,575,
5577,39,87000,0,user_43,575,575,
5543,40,84000,0,user_1,575,575,
5572,41,79000,0,user_37,575,575,
5581,42,70000,0,user_46,575,575,
3746,0,30000000,0,user_47,576,576,
3731,1,27000000,0,user_32,576,576,
3700,2,6300001,0,user_5,576,576,3699
3703,3,6300001,0,user_8,576,576,3699
3704,4,6300001,0,user_9,576,576,3699
3705,5,6300001,0,user_10,576,576,3699
3706,6,6300001,0,user_10,576,576,3699
3710,7,6300001,0,user_12,576,576,3699
3711,8,6300001,0,user_12,576,576,3699
3712,9,6300001,0,user_14,576,576,3699
3714,10,6300001,0,user_15,576,576,3699
3699,11,6300000,13800,user_5,576,576,
3701,12,6299999,0,user_7,576,576,3699
3702,13,6299999,0,user_8,576,576,3699
3707,14,6299999,0,user_10,576,576,3699
3708,15,6299999,0,user_10,576,576,3699
3709,16,6299999,0,user_10,576,576,3699
3713,17,6299999,0,user_15,576,576,3699
3719,18,4500000,0,user_21,576,576,
3736,19,4500000,0,user_37,576,576,
3730,20,3500000,0,user_31,576,576,
3747,21,1600000,155000,user_48,576,576,
3718,22,1500000,0,user_19,576,576,
3722,23,1500000,0,user_24,576,576,
3735,24,1500000,0,user_36,576,576,
3740,25,1500000,0,user_40,576,576,
3741,26,1400000,7840,user_40,576,576,
3723,27,650000,8520,user_25,576,576,
3727,28,600000,0,user_29,576,576,
3743,29,530000,0,user_44,576,576,
3748,30,420000,0,user_48,576,576,
3732,31,360000,0,user_32,576,576,
3742,32,350000,0,user_43,576,576,
3715,33,190000,0,user_16,576,576,
3697,34,170000,0,user_4,576,576,
3698,35,130000,0,user_5,576,576,
3725,36,120000,510000,user_27,576,576,
3744,37,110000,100000,user_45,576,576,
3724,38,100000,0,user_26,576,576,
3729,39,80000,0,user_31,576,576,
3745,40,80000,0,user_46,576,576,
3739,41,79000,0,user_39,576,576,
3726,42,77000,5180,user_27,576,576,
3750,0,43000000,0,user_1,577,577,
3772,1,6300000,0,user_21,577,577,
3769,2,4200000,0,user_16,577,577,
3788,3,4200000,0,user_38,577,577,
3795,4,4200000,0,user_48,577,577,
3790,5,3600000,0,user_42,577,577,
3794,6,3500000,0,user_45,577,577,
3777,7,2500000,0,user_26,577,577,
3752,8,2400000,0,user_1,577,577,
3792,9,2100000,0,user_43,577,577,
3762,10,2000001,0,user_6,577,577,3760
3764,11,2000001,0,user_10,577,577,3760
3765,12,2000001,0,user_10,577,577,3760
3766,13,2000001,0,user_12,577,577,3760
3767,14,2000001,0,user_13,577,577,3760
3768,15,2000001,0,user_14,577,577,3760
3749,16,2000000,0,user_0,577,577,
3760,17,2000000,35600,user_6,577,577,
3773,18,2000000,7840,user_22,577,577,
3761,19,1999999,0,user_6,577,577,3760
3763,20,1999999,0,user_7,577,577,3760
3789,21,1600000,0,user_39,577,577,
3781,22,1400000,0,user_34,577,577,
3780,23,1200000,0,user_30,577,577,
3758,24,1100000,0,user_5,577,577,
3783,25,970000,0,user_36,577,577,
3796,26,660000,0,user_49,577,577,
3779,27,630000,0,user_29,577,577,
3793,28,530000,0,user_43,577,577,
3770,29,420000,0,user_16,577,577,
3774,30,420000,0,user_23,577,577,
3787,31,370000,0,user_38,577,577,
3756,32,320000,0,user_3,577,577,
3753,33,260000,0,user_1,577,577,
3771,34,150000,0,user_17,577,577,
3786,35,150000,381000,user_37,577,577,
3791,36,150000,0,user_42,577,577,
3751,37,130000,0,user_1,577,577,
3775,38,130000,43600,user_24,577,577,
3785,39,130000,0,user_37,577,577,
3754,40,100000,0,user_1,577,577,
3778,41,100000,0,user_27,577,577,
3759,42,98000,0,user_6,577,577,
3784,43,84000,0,user_36,577,577,
3776,44,79000,0,user_25,577,577,
3755,45,77000,0,user_2,577,577,
3757,46,70000,0,user_4,577,577,
3813,0,5000000,0,user_20,578,578,
3832,1,4500000,5180,user_39,578,578,
3822,2,3600000,0,user_32,578,578,
3826,3,2500000,0,user_34,578,578,
3811,4,2000000,0,user_18,578,578,
3817,5,1900000,0,user_26,578,578,
3815,6,1700000,0,user_23,578,578,
3816,7,1500000,12800,user_24,578,578,
3809,8,1400000,0,user_17,578,578,
3818,9,1100000,13900,user_27,578,578,
3830,10,1100000,0,user_38,578,578,
3834,11,1000000,0,user_46,578,578,
3821,12,600000,0,user_32,578,578,
3799,13,460001,0,user_1,578,578,3797
3802,14,460001,0,user_7,578,578,3797
3797,15,460000,10700,user_0,578,578,
3798,16,459999,0,user_1,578,578,3797
3800,17,459999,0,user_3,578,578,3797
3801,18,459999,0,user_5,578,578,3797
3804,19,459999,0,user_10,578,578,3797
3805,20,459999,0,user_12,578,578,3797
3806,21,459999,0,user_13,578,578,3797
3807,22,459999,0,user_14,578,578,3797
3808,23,300000,84800,user_16,578,578,
3820,24,260000,0,user_31,578,578,
3825,25,260000,0,user_34,578,578,
3810,26,170000,0,user_17,578,578,
3819,27,160000,0,user_30,578,578,
3827,28,160000,100000,user_34,578,578,
3824,29,150000,0,user_32,578,578,
3812,30,130000,0,user_19,578,578,
3814,31,120000,0,user_21,578,578,
3823,32,120000,0,user_32,578,578,
3829,33,110000,779000,user_38,578,578,
3831,34,110000,13900,user_38,578,578,
3836,35,83000,121000,user_49,578,578,
3833,36,82000,0,user_45,578,578,
3835,37,70000,0,user_47,578,578,
3856,0,5000000,0,user_18,579,579,
3868,1,3500000,0,user_30,579,579,
3883,2,3500000,42000,user_43,579,579,
3863,3,2300000,0,user_27,579,579,
3885,4,2100000,0,user_47,579,579,
3837,5,2000000,0,user_0,579,579,
3866,6,2000000,0,user_30,579,579,
3872,7,2000000,0,user_34,579,579,
3888,8,2000000,0,user_49,579,579,
3881,9,1900000,0,user_42,579,579,
3880,10,1500000,0,user_41,579,579,
3876,11,1400000,18600,user_37,579,579,
3857,12,1200000,0,user_22,579,579,
3875,13,1100000,31700,user_36,579,579,
3858,14,1000000,0,user_23,579,579,
3884,15,460000,0,user_45,579,579,
3852,16,420000,0,user_16,579,579,
3861,17,360000,0,user_26,579,579,
3854,18,340000,0,user_16,579,579,
3878,19,320000,0,user_39,579,579,
3855,20,300000,0,user_17,579,579,
3871,21,220000,0,user_34,579,579,
3886,22,220000,0,user_48,579,579,
3867,23,160000,15700,user_30,579,579,
3870,24,160000,0,user_32,579,579,
3877,25,160000,0,user_38,579,579,
3840,26,150001,0,user_4,579,579,3838
3841,27,150001,0,user_6,579,579,3838
3843,28,150001,0,user_7,579,579,3838
3847,29,150001,0,user_13,579,579,3838
3849,30,150001,0,user_15,579,579,3838
3838,31,150000,510000,user_2,579,579,
3864,32,150000,0,user_30,579,579,
3839,33,149999,0,user_3,579,579,3838
3842,34,149999,0,user_7,579,579,3838
3845,35,149999,0,user_10,579,579,3838
3846,36,149999,0,user_11,579,579,3838
3848,37,149999,0,user_14,579,579,3838
3850,38,149999,0,user_15,579,579,3838
3869,39,110000,49100,user_31,579,579,
3853,40,85000,0,user_16,579,579,
3887,41,85000,0,user_49,579,579,
3859,42,82000,256000,user_24,579,579,
3882,43,82000,67900,user_42,579,579,
3860,44,80000,0,user_25,579,579,
3862,45,79000,0,user_27,579,579,
3865,46,79000,84800,user_30,579,579,
3851,47,70000,0,user_16,579,579,
3917,0,30000000,0,user_25,580,580,
3902,1,6300000,0,user_16,580,580,
3911,2,4500000,0,user_18,580,580,
3930,3,4200000,0,user_40,580,580,
3908,4,2300000,0,user_17,580,580,
3931,5,2000000,0,user_42,580,580,
3903,6,1900000,121000,user_16,580,580,
3919,7,1900000,0,user_27,580,580,
3904,8,1600000,181000,user_16,580,580,
3927,9,1500000,0,user_37,580,580,
3901,10,1400000,46500,user_16,580,580,
3921,11,1400000,0,user_30,580,580,
3926,12,1400000,13900,user_36,580,580,
3909,13,1100000,0,user_17,580,580,
3905,14,1000000,0,user_16,580,580,
3915,15,530000,0,user_22,580,580,
3914,16,460000,0,user_21,580,580,
3933,17,460000,0,user_44,580,580,
3907,18,420000,0,user_17,580,580,
3928,19,360000,0,user_37,580,580,
3910,20,350000,0,user_17,580,580,
3906,21,320000,0,user_17,580,580,
3925,22,310000,0,user_34,580,580,
3934,23,190000,0,user_44,580,580,
3913,24,170000,0,user_20,580,580,
3893,25,160001,0,user_5,580,580,3889
3899,26,160001,0,user_14,580,580,3889
3889,27,160000,5630,user_0,580,580,
3890,28,159999,0,user_1,580,580,3889
3891,29,159999,0,user_3,580,580,3889
3892,30,159999,0,user_5,580,580,3889
3894,31,159999,0,user_6,580,580,3889
3895,32,159999,0,user_9,580,580,3889
3900,33,159999,0,user_15,580,580,3889
3918,34,150000,0,user_27,580,580,
3920,35,150000,0,user_27,580,580,
3924,36,150000,0,user_32,580,580,
3923,37,120000,0,user_31,580,580,
3935,38,120000,0,user_45,580,580,
3936,39,120000,0,user_45,580,580,
3932,40,110000,0,user_42,580,580,
3922,41,87000,0,user_30,580,580,
3937,42,85000,0,user_46,580,580,
3939,43,77000,0,user_49,580,580,
3984,0,43000000,0,user_42,581,581,
3947,1,27000000,0,user_7,581,581,
3953,2,6300000,0,user_17,581,581,
3945,3,5000000,0,user_5,581,581,
3941,4,4500000,0,user_1,581,581,
3979,5,4200000,18600,user_38,581,581,
3940,6,3200000,0,user_0,581,581,
3944,7,2000000,0,user_3,581,581,
3965,8,2000000,0,user_23,581,581,
3950,9,1600001,0,user_12,581,581,3948
3951,10,1600001,0,user_14,581,581,3948
3963,11,1600000,0,user_22,581,581,
3990,12,1600000,0,user_44,581,581,
3992,13,1600000,0,user_46,581,581,
3949,14,1599999,0,user_11,581,581,3948
3952,15,1599999,0,user_14,581,581,3948
3983,16,1500000,0,user_42,581,581,
3991,17,1500000,0,user_46,581,581,
3959,18,1400000,31700,user_20,581,581,
3986,19,1400000,0,user_42,581,581,
3967,20,1100000,0,user_25,581,581,
3982,21,1100000,0,user_42,581,581,
3954,22,1000000,0,user_17,581,581,
3964,23,1000000,0,user_22,581,581,
3968,24,1000000,0,user_27,581,581,
3942,25,870000,0,user_2,581,581,
3969,26,870000,0,user_29,581,581,
3962,27,670000,0,user_20,581,581,
3960,28,630000,0,user_20,581,581,
3988,29,600000,0,user_44,581,581,
3970,30,470000,0,user_30,581,581,
3974,31,320000,7190000,user_33,581,581,
3957,32,310000,0,user_19,581,581,
3987,33,310000,31700,user_44,581,581,
3973,34,300000,0,user_32,581,581,
3956,35,260000,0,user_18,581,581,
3975,36,240000,0,user_34,581,581,
3966,37,220000,0,user_24,581,581,
3971,38,170000,0,user_32,581,581,
3946,39,160000,0,user_6,581,581,
3985,40,160000,0,user_42,581,581,
3978,41,130000,410000,user_36,581,581,
3972,42,120000,322000,user_32,581,581,
3989,43,100000,0,user_44,581,581,
3976,44,98000,0,user_34,581,581,
3943,45,85000,0,user_3,581,581,
3981,46,84000,0,user_41,581,581,
3955,47,82000,0,user_18,581,581,
3961,48,82000,0,user_20,581,581,
3958,49,79000,0,user_20,581,581,
4015,0,6300000,0,user_24,582,582,
4021,1,5200000,0,user_33,582,582,
4007,2,5000000,0,user_17,582,582,
4035,3,3600000,0,user_44,582,582,
4039,4,3200000,3130,user_49,582,582,
4014,5,2500000,0,user_23,582,582,
4028,6,2400000,0,user_37,582,582,
4030,7,2300000,181000,user_39,582,582,
4040,8,2100000,0,user_49,582,582,
4009,9,2000000,0,user_19,582,582,
4013,10,1500000,0,user_22,582,582,
4017,11,1500000,0,user_26,582,582,
4034,12,1400000,0,user_44,582,582,
4037,13,1400000,0,user_47,582,582,
4018,14,1000000,0,user_28,582,582,
4019,15,870000,68100,user_30,582,582,
4024,16,650000,0,user_33,582,582,
4012,17,630000,0,user_21,582,582,
4033,18,630000,0,user_42,582,582,
4027,19,530000,285000,user_36,582,582,
3993,20,460000,0,user_0,582,582,
4016,21,350000,0,user_25,582,582,
3996,22,310001,0,user_3,582,582,3995
3997,23,310001,0,user_3,582,582,3995
3998,24,310001,0,user_4,582,582,3995
4002,25,310001,0,user_10,582,582,3995
4003,26,310001,0,user_11,582,582,3995
3995,27,310000,256000,user_2,582,582,
3999,28,309999,0,user_5,582,582,3995
4000,29,309999,0,user_6,582,582,3995
4004,30,309999,0,user_12,582,582,3995
4005,31,309999,0,user_15,582,582,3995
4011,32,300000,0,user_20,582,582,
4036,33,220000,0,user_47,582,582,
4020,34,170000,0,user_31,582,582,
4023,35,170000,0,user_33,582,582,
4010,36,130000,0,user_19,582,582,
4022,37,110000,0,user_33,582,582,
4029,38,110000,0,user_38,582,582,
4032,39,110000,0,user_41,582,582,
4038,40,110000,0,user_48,582,582,
3994,41,85000,0,user_2,582,582,
4006,42,85000,0,user_16,582,582,
4026,43,83000,0,user_36,582,582,
4008,44,79000,0,user_18,582,582,
4031,45,70000,0,user_39,582,582,
4071,0,6100000,0,user_29,583,583,
4067,1,5000000,0,user_22,583,583,
4044,2,2500000,0,user_3,583,583,
4073,3,2500000,0,user_32,583,583,
4063,4,2000000,0,user_16,583,583,
4077,5,2000000,0,user_35,583,583,
4078,6,1900000,0,user_36,583,583,
4041,7,1600000,0,user_1,583,583,
4083,8,1500000,0,user_42,583,583,
4075,9,1200000,0,user_34,583,583,
4082,10,1000000,0,user_40,583,583,
4084,11,1000000,0,user_44,583,583,
4089,12,970000,0,user_49,583,583,
4065,13,870000,0,user_19,583,583,
4086,14,530000,0,user_46,583,583,
4076,15,470000,128000,user_34,583,583,
4088,16,460000,0,user_47,583,583,
4069,17,310000,0,user_24,583,583,
4079,18,310000,0,user_37,583,583,
4042,19,240000,0,user_1,583,583,
4087,20,170000,0,user_46,583,583,
4047,21,160001,0,user_3,583,583,4045
4048,22,160001,0,user_4,583,583,4045
4050,23,160001,0,user_6,583,583,4045
4051,24,160001,0,user_7,583,583,4045
4052,25,160001,0,user_8,583,583,4045
4055,26,160001,0,user_12,583,583,4045
4057,27,160001,0,user_12,583,583,4045
4061,28,160001,0,user_15,583,583,4045
4062,29,160001,0,user_15,583,583,4045
4045,30,160000,510000,user_3,583,583,
4046,31,159999,0,user_3,583,583,4045
4049,32,159999,0,user_5,583,583,4045
4054,33,159999,0,user_12,583,583,4045
4056,34,159999,0,user_12,583,583,4045
4058,35,159999,0,user_12,583,583,4045
4060,36,159999,0,user_15,583,583,4045
4043,37,150000,0,user_2,583,583,
4068,38,110000,0,user_22,583,583,
4074,39,110000,0,user_32,583,583,
4064,40,100000,0,user_17,583,583,
4070,41,82000,17000,user_29,583,583,
4066,42,79000,0,user_21,583,583,
4085,43,73000,0,user_45,583,583,
4116,0,30000000,39400,user_30,584,584,
4137,1,30000000,0,user_48,584,584,
4106,2,6100000,0,user_18,584,584,
4124,3,5000000,49100,user_39,584,584,
4118,4,4500000,0,user_34,584,584,
4107,5,4200000,0,user_18,584,584,
4128,6,3500000,0,user_41,584,584,
4132,7,3500000,0,user_45,584,584,
4119,8,2000000,0,user_35,584,584,
4126,9,1500000,0,user_40,584,584,
4135,10,1500000,0,user_45,584,584,
4130,11,1200000,231000,user_44,584,584,
4120,12,1100000,0,user_35,584,584,
4122,13,1100000,11200,user_36,584,584,
4133,14,1000000,0,user_45,584,584,
4112,15,670000,0,user_27,584,584,
4125,16,660000,215000,user_40,584,584,
4138,17,660000,0,user_49,584,584,
4114,18,630000,0,user_28,584,584,
4113,19,600000,0,user_27,584,584,
4134,20,460000,0,user_45,584,584,
4129,21,370000,0,user_42,584,584,
4091,22,340001,0,user_3,584,584,4090
4092,23,340001,0,user_4,584,584,4090
4096,24,340001,0,user_6,584,584,4090
4099,25,340001,0,user_9,584,584,4090
4104,26,340001,0,user_15,584,584,4090
4090,27,340000,369000,user_1,584,584,
4093,28,339999,0,user_4,584,584,4090
4094,29,339999,0,user_5,584,584,4090
4095,30,339999,0,user_6,584,584,4090
4098,31,339999,0,user_9,584,584,4090
4123,32,310000,46500,user_37,584,584,
4121,33,170000,0,user_35,584,584,
4115,34,150000,0,user_29,584,584,
4110,35,120000,0,user_25,584,584,
4105,36,110000,0,user_17,584,584,
4131,37,98000,0,user_45,584,584,
4108,38,87000,769000,user_21,584,584,
4127,39,87000,108000,user_41,584,584,
4136,40,82000,0,user_46,584,584,
4117,41,70000,0,user_32,584,584,
4169,0,2600000,0,user_46,585,585,
4161,1,2300000,0,user_31,585,585,
4155,2,2100000,0,user_22,585,585,
4170,3,2000000,0,user_48,585,585,
4158,4,1900000,410000,user_30,585,585,
4140,5,1600000,0,user_1,585,585,
4154,6,1400000,0,user_19,585,585,
4159,7,1000000,0,user_31,585,585,
4165,8,660000,4320000,user_41,585,585,
4143,9,460001,0,user_6,585,585,4141
4144,10,460001,0,user_8,585,585,4141
4146,11,460001,0,user_10,585,585,4141
4147,12,460001,0,user_10,585,585,4141
4149,13,460001,0,user_14,585,585,4141
4141,14,460000,35600,user_2,585,585,
4142,15,459999,0,user_4,585,585,4141
4145,16,459999,0,user_9,585,585,4141
4148,17,459999,0,user_11,585,585,4141
4150,18,459999,0,user_15,585,585,4141
4153,19,340000,35100,user_19,585,585,
4160,20,320000,0,user_31,585,585,
4163,21,150000,0,user_36,585,585,
4171,22,150000,0,user_49,585,585,
4139,23,120000,0,user_1,585,585,
4164,24,110000,0,user_39,585,585,
4156,25,98000,0,user_27,585,585,
4162,26,98000,71800,user_33,585,585,
4166,27,77000,0,user_41,585,585,
4212,0,43000000,0,user_41,586,586,
4175,1,30000001,0,user_3,586,586,4173
4177,2,30000001,0,user_6,586,586,4173
4178,3,30000001,0,user_6,586,586,4173
4179,4,30000001,0,user_8,586,586,4173
4181,5,30000001,0,user_8,586,586,4173
4185,6,30000001,0,user_10,586,586,4173
4186,7,30000001,0,user_12,586,586,4173
4188,8,30000001,0,user_12,586,586,4173
4189,9,30000001,0,user_12,586,586,4173
4192,10,30000001,0,user_15,586,586,4173
4173,11,30000000,10700,user_2,586,586,
4174,12,29999999,0,user_3,586,586,4173
4176,13,29999999,0,user_4,586,586,4173
4180,14,29999999,0,user_8,586,586,4173
4182,15,29999999,0,user_8,586,586,4173
4183,16,29999999,0,user_8,586,586,4173
4184,17,29999999,0,user_9,586,586,4173
4187,18,29999999,0,user_12,586,586,4173
4190,19,29999999,0,user_12,586,586,4173
4213,20,6100000,0,user_42,586,586,
4201,21,3500000,0,user_23,586,586,
4206,22,3500000,0,user_31,586,586,
4195,23,2300000,0,user_16,586,586,
4209,24,1500000,0,user_38,586,586,
4210,25,1400000,0,user_39,586,586,
4198,26,1200000,0,user_18,586,586,
4204,27,600000,0,user_28,586,586,
4205,28,470000,0,user_30,586,586,
4196,29,420000,0,user_16,586,586,
4208,30,420000,0,user_37,586,586,
4193,31,170000,0,user_16,586,586,
4217,32,170000,769000,user_49,586,586,
4211,33,160000,0,user_40,586,586,
4197,34,150000,0,user_16,586,586,
4200,35,150000,0,user_20,586,586,
4194,36,120000,0,user_16,586,586,
4207,37,120000,0,user_35,586,586,
4214,38,120000,0,user_43,586,586,
4202,39,79000,0,user_24,586,586,
4199,40,77000,0,user_20,586,586,
4249,0,30000000,12300,user_32,587,587,
4254,1,19000000,369000,user_34,587,587,
4267,2,19000000,0,user_48,587,587,
4234,3,6300000,231000,user_17,587,587,
4247,4,6300000,12800,user_29,587,587,
4241,5,4500000,0,user_26,587,587,
4246,6,3600000,0,user_29,587,587,
4244,7,2600000,0,user_28,587,587,
4237,8,2300000,0,user_20,587,587,
4232,9,2100000,0,user_16,587,587,
4264,10,1800000,24700,user_44,587,587,
4266,11,1600000,0,user_47,587,587,
4253,12,1500000,0,user_34,587,587,
4236,13,1300000,0,user_19,587,587,
4230,14,1100000,0,user_16,587,587,
4243,15,1000000,0,user_27,587,587,
4250,16,1000000,0,user_34,587,587,
4259,17,1000000,0,user_39,587,587,
4240,18,910000,0,user_24,587,587,
4233,19,670000,36800,user_16,587,587,
4256,20,670000,0,user_36,587,587,
4242,21,660000,0,user_26,587,587,
4235,22,420000,0,user_17,587,587,
4263,23,420000,0,user_43,587,587,
4239,24,260000,0,user_23,587,587,
4251,25,220000,0,user_34,587,587,
4220,26,170001,0,user_3,587,587,4218
4223,27,170001,0,user_7,587,587,4218
4226,28,170001,0,user_10,587,587,4218
4227,29,170001,0,user_11,587,587,4218
4218,30,170000,68100,user_0,587,587,
4231,31,170000,0,user_16,587,587,
4257,32,170000,12300,user_37,587,587,
4219,33,169999,0,user_1,587,587,4218
4221,34,169999,0,user_3,587,587,4218
4222,35,169999,0,user_4,587,587,4218
4228,36,169999,0,user_15,587,587,4218
4229,37,150000,0,user_16,587,587,
4238,38,150000,0,user_21,587,587,
4261,39,150000,0,user_41,587,587,
4262,40,120000,0,user_42,587,587,
4245,41,110000,0,user_28,587,587,
4252,42,110000,0,user_34,587,587,
4265,43,100000,0,user_46,587,587,
4248,44,87000,146000,user_31,587,587,
4258,45,82000,0,user_38,587,587,
4311,0,30000000,0,user_32,588,588,
4270,1,27000001,0,user_6,588,588,4269
4271,2,27000001,0,user_6,588,588,4269
4273,3,27000001,0,user_7,588,588,4269
4276,4,27000001,0,user_9,588,588,4269
4277,5,27000001,0,user_9,588,588,4269
4278,6,27000001,0,user_9,588,588,4269
4281,7,27000001,0,user_10,588,588,4269
4282,8,27000001,0,user_10,588,588,4269
4284,9,27000001,0,user_11,588,588,4269
4286,10,27000001,0,user_14,588,588,4269
4269,11,27000000,195000,user_6,588,588,
4298,12,27000000,0,user_24,588,588,
4324,13,27000000,0,user_46,588,588,
4272,14,26999999,0,user_7,588,588,4269
4274,15,26999999,0,user_8,588,588,4269
4275,16,26999999,0,user_9,588,588,4269
4279,17,26999999,0,user_9,588,588,4269
4280,18,26999999,0,user_10,588,588,4269
4283,19,26999999,0,user_10,588,588,4269
4285,20,26999999,0,user_13,588,588,4269
4323,21,19000000,0,user_45,588,588,
4304,22,5000000,0,user_29,588,588,
4294,23,4200000,0,user_22,588,588,
4302,24,4200000,0,user_28,588,588,
4317,25,3600000,0,user_39,588,588,
4309,26,3500000,0,user_31,588,588,
4296,27,3200000,0,user_23,588,588,
4319,28,2600000,0,user_42,588,588,
4321,29,2600000,0,user_44,588,588,
4305,30,1800000,0,user_29,588,588,
4308,31,1700000,594000,user_31,588,588,
4303,32,1400000,0,user_29,588,588,
4316,33,1400000,0,user_39,588,588,
4292,34,1300000,5180,user_19,588,588,
4297,35,1100000,0,user_23,588,588,
4290,36,660000,0,user_18,588,588,
4313,37,650000,10700,user_37,588,588,
4301,38,600000,0,user_27,588,588,
4306,39,460000,0,user_29,588,588,
4310,40,310000,296000,user_32,588,588,
4315,41,220000,0,user_39,588,588,
4312,42,190000,0,user_35,588,588,
4295,43,170000,0,user_22,588,588,
4299,44,170000,0,user_24,588,588,
4287,45,130000,0,user_16,588,588,
4268,46,120000,0,user_4,588,588,
4318,47,120000,42000,user_42,588,588,
4289,48,110000,0,user_17,588,588,
4314,49,110000,0,user_38,588,588,
4300,50,100000,0,user_26,588,588,
4288,51,87000,0,user_16,588,588,
4291,52,82000,0,user_19,588,588,
4322,53,77000,0,user_45,588,588,
4341,0,6100000,0,user_16,589,589,
4368,1,6100000,381000,user_43,589,589,
4379,2,6100000,0,user_49,589,589,
4359,3,5200000,0,user_35,589,589,
4352,4,5000000,0,user_29,589,589,
4346,5,4500000,0,user_21,589,589,
4370,6,3600000,0,user_43,589,589,
4333,7,3500001,0,user_8,589,589,4332
4334,8,3500001,0,user_8,589,589,4332
4335,9,3500001,0,user_10,589,589,4332
4336,10,3500001,0,user_11,589,589,4332
4340,11,3500001,0,user_15,589,589,4332
4332,12,3500000,84800,user_6,589,589,
4338,13,3499999,0,user_13,589,589,4332
4339,14,3499999,0,user_14,589,589,4332
4350,15,2600000,0,user_27,589,589,
4376,16,2600000,283000,user_46,589,589,
4369,17,2500000,0,user_43,589,589,
4373,18,2000000,0,user_46,589,589,
4349,19,1800000,128000,user_23,589,589,
4348,20,1600000,0,user_23,589,589,
4351,21,1600000,0,user_28,589,589,
4328,22,1500000,0,user_3,589,589,
4364,23,1500000,0,user_37,589,589,
4329,24,1400000,0,user_4,589,589,
4371,25,1400000,24700,user_45,589,589,
4342,26,1000000,0,user_17,589,589,
4363,27,1000000,56200,user_37,589,589,
4327,28,600000,0,user_1,589,589,
4355,29,600000,0,user_31,589,589,
4353,30,470000,0,user_29,589,589,
4345,31,460000,0,user_21,589,589,
4344,32,350000,0,user_20,589,589,
4374,33,350000,0,user_46,589,589,
4330,34,340000,0,user_4,589,589,
4331,35,340000,0,user_6,589,589,
4366,36,320000,0,user_39,589,589,
4377,37,320000,0,user_46,589,589,
4362,38,310000,18600,user_37,589,589,
4343,39,170000,0,user_18,589,589,
4358,40,160000,0,user_34,589,589,
4347,41,150000,0,user_22,589,589,
4372,42,150000,0,user_45,589,589,
4361,43,120000,0,user_37,589,589,
4326,44,110000,0,user_0,589,589,
4360,45,110000,0,user_37,589,589,
4354,46,98000,0,user_30,589,589,
4357,47,83000,0,user_33,589,589,
4365,48,82000,0,user_38,589,589,
4375,49,77000,0,user_46,589,589,
4382,0,27000000,0,user_2,590,590,
4410,1,27000000,0,user_22,590,590,
4421,2,19000000,0,user_30,590,590,
4383,3,6100000,0,user_3,590,590,
4414,4,6100000,0,user_26,590,590,
4381,5,5200000,0,user_1,590,590,
4418,6,4500000,350000,user_29,590,590,
4412,7,3600000,0,user_23,590,590,
4408,8,3500000,0,user_18,590,590,
4427,9,3500000,0,user_36,590,590,
4429,10,3200000,0,user_40,590,590,
4423,11,2600000,64600,user_34,590,590,
4380,12,2400000,0,user_0,590,590,
4431,13,2000000,0,user_43,590,590,
4425,14,1600000,0,user_35,590,590,
4428,15,1600000,0,user_39,590,590,
4435,16,1600000,545000,user_47,590,590,
4415,17,970000,0,user_27,590,590,
4417,18,970000,0,user_28,590,590,
4413,19,870000,0,user_24,590,590,
4416,20,650000,0,user_28,590,590,
4411,21,600000,0,user_22,590,590,
4426,22,600000,0,user_36,590,590,
4406,23,420000,0,user_16,590,590,
4420,24,420000,35100,user_30,590,590,
4424,25,420000,36800,user_34,590,590,
4433,26,310000,0,user_45,590,590,
4409,27,260000,0,user_21,590,590,
4436,28,190000,0,user_49,590,590,
4407,29,160000,0,user_18,590,590,
4422,30,160000,0,user_30,590,590,
4434,31,150000,0,user_46,590,590,
4432,32,120000,0,user_43,590,590,
4419,33,110000,0,user_30,590,590,
4387,34,79001,0,user_7,590,590,4384
4388,35,79001,0,user_8,590,590,4384
4392,36,79001,0,user_10,590,590,4384
4393,37,79001,0,user_10,590,590,4384
4396,38,79001,0,user_12,590,590,4384
4398,39,79001,0,user_12,590,590,4384
4400,40,79001,0,user_13,590,590,4384
4402,41,79001,0,user_13,590,590,4384
4403,42,79001,0,user_13,590,590,4384
4389,43,78999,0,user_9,590,590,4384
4390,44,78999,0,user_10,590,590,4384
4391,45,78999,0,user_10,590,590,4384
4394,46,78999,0,user_12,590,590,4384
4395,47,78999,0,user_12,590,590,4384
4397,48,78999,0,user_12,590,590,4384
4399,49,78999,0,user_13,590,590,4384
4401,50,78999,0,user_13,590,590,4384
4404,51,78999,0,user_14,590,590,4384
4405,52,78999,0,user_15,590,590,4384
4463,0,27000000,0,user_25,591,591,
4474,1,5000000,0,user_35,591,591,
4482,2,4500000,0,user_40,591,591,
4466,3,3600000,0,user_27,591,591,
4490,4,2400000,0,user_49,591,591,
4461,5,2300000,32900,user_24,591,591,
4484,6,2000000,0,user_44,591,591,
4437,7,1800000,0,user_0,591,591,
4483,8,1700000,23500,user_42,591,591,
4455,9,1500000,0,user_16,591,591,
4462,10,1500000,0,user_24,591,591,
4476,11,1400000,0,user_37,591,591,
4489,12,1400000,0,user_49,591,591,
4468,13,1300000,4320000,user_29,591,591,
4472,14,1200000,0,user_33,591,591,
4457,15,1100000,0,user_20,591,591,
4481,16,1100000,84800,user_39,591,591,
4478,17,1000000,0,user_39,591,591,
4491,18,670000,13800,user_49,591,591,
4467,19,470000,0,user_28,591,591,
4487,20,460000,0,user_47,591,591,
4475,21,420000,0,user_37,591,591,
4480,22,420000,0,user_39,591,591,
4486,23,370000,0,user_46,591,591,
4471,24,260000,0,user_32,591,591,
4470,25,220000,0,user_31,591,591,
4464,26,160000,0,user_26,591,591,
4479,27,160000,0,user_39,591,591,
4456,28,150000,181000,user_19,591,591,
4485,29,150000,350000,user_45,591,591,
4439,30,120001,0,user_3,591,591,4438
4440,31,120001,0,user_4,591,591,4438
4441,32,120001,0,user_6,591,591,4438
4444,33,120001,0,user_8,591,591,4438
4445,34,120001,0,user_9,591,591,4438
4451,35,120001,0,user_12,591,591,4438
4452,36,120001,0,user_12,591,591,4438
4453,37,120001,0,user_14,591,591,4438
4438,38,120000,16400,user_3,591,591,
4442,39,119999,0,user_6,591,591,4438
4443,40,119999,0,user_8,591,591,4438
4446,41,119999,0,user_10,591,591,4438
4448,42,119999,0,user_12,591,591,4438
4449,43,119999,0,user_12,591,591,4438
4450,44,119999,0,user_12,591,591,4438
4454,45,110000,0,user_16,591,591,
4488,46,84000,0,user_49,591,591,
4477,47,82000,0,user_39,591,591,
4465,48,77000,0,user_26,591,591,
4535,0,27000000,0,user_40,592,592,
4520,1,19000000,67900,user_27,592,592,
4519,2,6100000,0,user_26,592,592,
4537,3,5200000,67500,user_41,592,592,
4546,4,5000000,0,user_47,592,592,
4548,5,4500000,0,user_48,592,592,
4532,6,4200000,0,user_36,592,592,
4549,7,3500000,146000,user_49,592,592,
4528,8,2600000,0,user_33,592,592,
4494,9,2300000,0,user_3,592,592,
4521,10,1800000,0,user_28,592,592,
4523,11,1700000,0,user_30,592,592,
4501,12,1500000,0,user_6,592,592,
4526,13,1500000,3130,user_30,592,592,
4529,14,1500000,0,user_34,592,592,
4539,15,1400000,181000,user_43,592,592,
4514,16,1100000,0,user_22,592,592,
4533,17,1100000,0,user_36,592,592,
4512,18,1000000,0,user_19,592,592,
4495,19,970000,0,user_4,592,592,
4545,20,870000,0,user_47,592,592,
4516,21,650000,0,user_24,592,592,
4544,22,630000,17000,user_47,592,592,
4530,23,600000,5180,user_34,592,592,
4524,24,470000,0,user_30,592,592,
4541,25,470000,0,user_44,592,592,
4500,26,460000,0,user_6,592,592,
4547,27,460000,42000,user_47,592,592,
4493,28,420000,0,user_2,592,592,
4525,29,360000,0,user_30,592,592,
4492,30,320000,0,user_2,592,592,
4527,31,320000,14200,user_31,592,592,
4498,32,300000,0,user_5,592,592,
4515,33,300000,0,user_23,592,592,
4497,34,220000,0,user_5,592,592,
4522,35,220000,0,user_28,592,592,
4536,36,220000,36800,user_40,592,592,
4513,37,190000,0,user_20,592,592,
4505,38,150001,0,user_10,592,592,4502
4511,39,150001,0,user_15,592,592,4502
4502,40,150000,381000,user_6,592,592,
4503,41,149999,0,user_6,592,592,4502
4504,42,149999,0,user_8,592,592,4502
4506,43,149999,0,user_11,592,592,4502
4508,44,149999,0,user_14,592,592,4502
4509,45,149999,0,user_14,592,592,4502
4510,46,149999,0,user_14,592,592,4502
4543,47,110000,19700,user_47,592,592,
4540,48,87000,0,user_43,592,592,
4496,49,77000,0,user_4,592,592,
4499,50,73000,0,user_6,592,592,
4517,51,70000,18600,user_24,592,592,
4602,0,19000000,0,user_47,593,593,
4596,1,6100000,0,user_38,593,593,
4578,2,5000000,0,user_19,593,593,
4598,3,5000000,0,user_40,593,593,
4555,4,2400001,0,user_1,593,593,4554
4557,5,2400001,0,user_1,593,593,4554
4558,6,2400001,0,user_4,593,593,4554
4559,7,2400001,0,user_5,593,593,4554
4562,8,2400001,0,user_9,593,593,4554
4563,9,2400001,0,user_9,593,593,4554
4564,10,2400001,0,user_10,593,593,4554
4568,11,2400001,0,user_12,593,593,4554
4570,12,2400001,0,user_12,593,593,4554
4571,13,2400001,0,user_13,593,593,4554
4554,14,2400000,36800,user_1,593,593,
4556,15,2399999,0,user_1,593,593,4554
4565,16,2399999,0,user_10,593,593,4554
4566,17,2399999,0,user_11,593,593,4554
4567,18,2399999,0,user_12,593,593,4554
4569,19,2399999,0,user_12,593,593,4554
4572,20,2399999,0,user_14,593,593,4554
4594,21,1800000,594000,user_35,593,593,
4573,22,1600000,0,user_16,593,593,
4603,23,1500000,0,user_48,593,593,
4590,24,1400000,0,user_31,593,593,
4588,25,1300000,0,user_29,593,593,
4575,26,1200000,0,user_19,593,593,
4582,27,1100000,0,user_22,593,593,
4587,28,1000000,0,user_26,593,593,
4592,29,1000000,0,user_34,593,593,
4589,30,970000,3130,user_30,593,593,
4553,31,630000,0,user_1,593,593,
4576,32,630000,350000,user_19,593,593,
4597,33,460000,0,user_39,593,593,
4552,34,360000,0,user_0,593,593,
4574,35,360000,0,user_17,593,593,
4581,36,220000,84800,user_21,593,593,
4600,37,220000,0,user_44,593,593,
4550,38,170000,0,user_0,593,593,
4584,39,120000,0,user_23,593,593,
4577,40,110000,100000,user_19,593,593,
4593,41,110000,164000,user_34,593,593,
4586,42,100000,0,user_25,593,593,
4591,43,98000,0,user_34,593,593,
4551,44,87000,0,user_0,593,593,
4583,45,82000,0,user_22,593,593,
4599,46,79000,0,user_41,593,593,
4604,47,79000,0,user_48,593,593,
4601,48,77000,285000,user_45,593,593,
4624,0,6300000,0,user_21,594,594,
4613,1,5200000,0,user_12,594,594,
4650,2,5200000,0,user_45,594,594,
4626,3,5000000,0,user_23,594,594,
4653,4,5000000,121000,user_46,594,594,
4625,5,4500000,0,user_21,594,594,
4614,6,4200000,84800,user_13,594,594,
4615,7,4199999,0,user_15,594,594,4614
4648,8,3600000,0,user_43,594,594,
4607,9,3500000,0,user_1,594,594,
4641,10,2600000,0,user_38,594,594,
4651,11,2600000,0,user_46,594,594,
4606,12,2000000,0,user_1,594,594,
4608,13,2000000,0,user_2,594,594,
4621,14,2000000,49100,user_21,594,594,
4635,15,2000000,0,user_28,594,594,
4646,16,2000000,0,user_41,594,594,
4628,17,1900000,0,user_26,594,594,
4640,18,1800000,0,user_38,594,594,
4631,19,1000000,0,user_27,594,594,
4636,20,970000,0,user_31,594,594,
4644,21,970000,6390,user_38,594,594,
4616,22,670000,0,user_17,594,594,
4618,23,660000,0,user_18,594,594,
4612,24,650000,0,user_10,594,594,
4617,25,600000,0,user_17,594,594,
4622,26,460000,322000,user_21,594,594,
4642,27,460000,0,user_38,594,594,
4655,28,460000,3130,user_47,594,594,
4611,29,420000,0,user_6,594,594,
4637,30,360000,0,user_33,594,594,
4639,31,340000,0,user_37,594,594,
4610,32,220000,0,user_4,594,594,
4627,33,160000,0,user_25,594,594,
4609,34,150000,0,user_3,594,594,
4629,35,150000,0,user_27,594,594,
4630,36,130000,0,user_27,594,594,
4647,37,130000,0,user_42,594,594,
4623,38,120000,0,user_21,594,594,
4632,39,120000,0,user_27,594,594,
4652,40,120000,0,user_46,594,594,
4619,41,110000,0,user_19,594,594,
4634,42,110000,32900,user_28,594,594,
4643,43,110000,0,user_38,594,594,
4654,44,110000,0,user_46,594,594,
4656,45,100000,0,user_48,594,594,
4633,46,85000,0,user_27,594,594,
4605,47,82000,0,user_0,594,594,
4620,48,82000,6390,user_20,594,594,
4657,49,80000,8520,user_49,594,594,
4649,50,70000,84800,user_44,594,594,
4709,0,30000000,0,user_42,595,595,
4684,1,5200000,0,user_19,595,595,
4693,2,5200000,0,user_27,595,595,
4672,3,5000000,0,user_11,595,595,
4716,4,5000000,0,user_49,595,595,
4704,5,4200000,0,user_35,595,595,
4707,6,3500000,30200,user_37,595,595,
4702,7,2600000,0,user_33,595,595,
4708,8,1700000,12800,user_38,595,595,
4670,9,1600000,0,user_10,595,595,
4692,10,1600000,0,user_24,595,595,
4705,11,1600000,0,user_36,595,595,
4703,12,1400000,0,user_34,595,595,
4660,13,1200000,0,user_3,595,595,
4694,14,1200000,0,user_27,595,595,
4669,15,1100000,0,user_10,595,595,
4687,16,1000000,66100,user_21,595,595,
4715,17,1000000,0,user_49,595,595,
4706,18,970000,0,user_37,595,595,
4691,19,910000,0,user_24,595,595,
4685,20,670000,0,user_19,595,595,
4663,21,660000,0,user_4,595,595,
4671,22,660000,0,user_11,595,595,
4699,23,630000,146000,user_33,595,595,
4688,24,350000,0,user_22,595,595,
4664,25,340000,0,user_5,595,595,
4700,26,340000,0,user_33,595,595,
4696,27,260000,0,user_31,595,595,
4683,28,220000,0,user_19,595,595,
4701,29,190000,0,user_33,595,595,
4680,30,170000,0,user_16,595,595,
4689,31,170000,0,user_22,595,595,
4710,32,170000,0,user_42,595,595,
4713,33,170000,8520,user_44,595,595,
4686,34,160000,139000,user_19,595,595,
4659,35,150000,0,user_1,595,595,
4690,36,150000,0,user_23,595,595,
4658,37,130000,0,user_0,595,595,
4662,38,120000,0,user_4,595,595,
4677,39,110001,0,user_13,595,595,4674
4661,40,110000,0,user_3,595,595,
4668,41,110000,0,user_9,595,595,
4678,42,109999,0,user_14,595,595,4674
4714,43,98000,0,user_47,595,595,
4697,44,82000,15100,user_32,595,595,
4698,45,77000,13900,user_33,595,595,
4768,0,6100000,0,user_46,596,596,
4760,1,5000000,0,user_35,596,596,
4750,2,4200000,17000,user_23,596,596,
4755,3,4200000,0,user_32,596,596,
4741,4,3600000,17700000,user_16,596,596,
4743,5,3600000,0,user_17,596,596,
4761,6,3200000,0,user_35,596,596,
4744,7,2500000,0,user_17,596,596,
4762,8,2400000,0,user_35,596,596,
4769,9,2100000,0,user_47,596,596,
4724,10,2000001,0,user_5,596,596,4718
4725,11,2000001,0,user_5,596,596,4718
4727,12,2000001,0,user_7,596,596,4718
4728,13,2000001,0,user_8,596,596,4718
4730,14,2000001,0,user_10,596,596,4718
4731,15,2000001,0,user_10,596,596,4718
4733,16,2000001,0,user_11,596,596,4718
4734,17,2000001,0,user_11,596,596,4718
4735,18,2000001,0,user_11,596,596,4718
4737,19,2000001,0,user_11,596,596,4718
4720,20,1999999,0,user_2,596,596,4718
4721,21,1999999,0,user_4,596,596,4718
4722,22,1999999,0,user_5,596,596,4718
4723,23,1999999,0,user_5,596,596,4718
4726,24,1999999,0,user_6,596,596,4718
4729,25,1999999,0,user_9,596,596,4718
4732,26,1999999,0,user_10,596,596,4718
4736,27,1999999,0,user_11,596,596,4718
4738,28,1999999,0,user_12,596,596,4718
4739,29,1999999,0,user_13,596,596,4718
4766,30,1900000,0,user_44,596,596,
4765,31,1800000,0,user_43,596,596,
4770,32,1500000,0,user_48,596,596,
4745,33,970000,0,user_17,596,596,
4754,34,660000,35600,user_31,596,596,
4749,35,650000,0,user_21,596,596,
4767,36,650000,0,user_44,596,596,
4742,37,470000,0,user_16,596,596,
4763,38,470000,18600,user_39,596,596,
4758,39,360000,0,user_35,596,596,
4752,40,260000,0,user_28,596,596,
4746,41,240000,195000,user_17,596,596,
4753,42,220000,0,user_30,596,596,
4759,43,220000,0,user_35,596,596,
4756,44,120000,0,user_32,596,596,
4748,45,110000,0,user_19,596,596,
4764,46,85000,100000,user_42,596,596,
4772,0,30000000,0,user_0,597,597,
4802,1,5200000,0,user_31,597,597,
4775,2,3600000,0,user_2,597,597,
4812,3,3200000,128000,user_43,597,597,
4813,4,3200000,0,user_45,597,597,
4795,5,1800000,0,user_26,597,597,
4816,6,1700000,0,user_48,597,597,
4790,7,1600000,510000,user_22,597,597,
4789,8,1500000,0,user_19,597,597,
4793,9,1500000,0,user_24,597,597,
4791,10,1000000,0,user_23,597,597,
4811,11,460000,0,user_42,597,597,
4797,12,370000,17000,user_26,597,597,
4778,13,360000,0,user_5,597,597,
4787,14,240000,0,user_18,597,597,
4794,15,220000,0,user_25,597,597,
4804,16,220000,0,user_34,597,597,
4777,17,170000,0,user_4,597,597,
4817,18,170000,0,user_49,597,597,
4801,19,160000,0,user_30,597,597,
4815,20,160000,0,user_47,597,597,
4796,21,150000,0,user_26,597,597,
4798,22,130000,0,user_26,597,597,
4788,23,120000,11200,user_19,597,597,
4803,24,120000,155000,user_34,597,597,
4814,25,120000,0,user_45,597,597,
4792,26,100000,0,user_24,597,597,
4774,27,84000,0,user_2,597,597,
4773,28,80000,0,user_1,597,597,
4780,29,79001,0,user_8,597,597,4779
4781,30,79001,0,user_8,597,597,4779
4785,31,79001,0,user_12,597,597,4779
4786,32,79001,0,user_13,597,597,4779
4779,33,79000,128000,user_7,597,597,
4782,34,78999,0,user_10,597,597,4779
4776,35,77000,0,user_3,597,597,
4800,36,77000,32900,user_27,597,597,
4799,37,73000,0,user_26,597,597,
4810,38,73000,0,user_41,597,597,
4847,0,43000000,17000,user_32,598,598,
4856,1,5000000,0,user_40,598,598,
4860,2,5000000,0,user_44,598,598,
4844,3,4500000,0,user_28,598,598,
4821,4,2400001,0,user_6,598,598,4818
4823,5,2400001,0,user_7,598,598,4818
4824,6,2400001,0,user_9,598,598,4818
4825,7,2400001,0,user_10,598,598,4818
4830,8,2400001,0,user_15,598,598,4818
4818,9,2400000,49100,user_0,598,598,
4819,10,2399999,0,user_3,598,598,4818
4820,11,2399999,0,user_5,598,598,4818
4822,12,2399999,0,user_7,598,598,4818
4827,13,2399999,0,user_12,598,598,4818
4828,14,2399999,0,user_12,598,598,4818
4829,15,2399999,0,user_14,598,598,4818
4863,16,2000000,0,user_46,598,598,
4867,17,2000000,0,user_47,598,598,
4868,18,2000000,0,user_47,598,598,
4850,19,1700000,0,user_35,598,598,
4841,20,1300000,0,user_27,598,598,
4837,21,1100000,0,user_25,598,598,
4835,22,1000000,0,user_25,598,598,
4864,23,910000,0,user_46,598,598,
4869,24,910000,15100,user_49,598,598,
4852,25,600000,0,user_37,598,598,
4845,26,530000,67500,user_29,598,598,
4839,27,460000,0,user_25,598,598,
4858,28,420000,39400,user_43,598,598,
4831,29,310000,0,user_19,598,598,
4836,30,260000,0,user_25,598,598,
4846,31,260000,0,user_31,598,598,
4851,32,260000,12800,user_36,598,598,
4855,33,260000,0,user_40,598,598,
4834,34,190000,0,user_24,598,598,
4866,35,190000,0,user_46,598,598,
4849,36,170000,0,user_33,598,598,
4832,37,160000,0,user_20,598,598,
4857,38,160000,0,user_42,598,598,
4838,39,130000,0,user_25,598,598,
4861,40,130000,30200,user_45,598,598,
4859,41,110000,75000,user_43,598,598,
4854,42,98000,0,user_40,598,598,
4843,43,85000,0,user_28,598,598,
4840,44,80000,0,user_26,598,598,
4842,45,80000,0,user_28,598,598,
4848,46,80000,0,user_33,598,598,
4865,47,79000,0,user_46,598,598,
4862,48,77000,0,user_46,598,598,
4901,0,30000000,0,user_24,599,599,
4920,1,30000000,4320000,user_36,599,599,
4877,2,27000001,0,user_5,599,599,4873
4878,3,27000001,0,user_6,599,599,4873
4880,4,27000001,0,user_10,599,599,4873
4882,5,27000001,0,user_11,599,599,4873
4883,6,27000001,0,user_12,599,599,4873
4885,7,27000001,0,user_12,599,599,4873
4888,8,27000001,0,user_13,599,599,4873
4889,9,27000001,0,user_14,599,599,4873
4873,10,27000000,4320000,user_1,599,599,
4874,11,26999999,0,user_2,599,599,4873
4875,12,26999999,0,user_2,599,599,4873
4876,13,26999999,0,user_4,599,599,4873
4879,14,26999999,0,user_6,599,599,4873
4881,15,26999999,0,user_11,599,599,4873
4884,16,26999999,0,user_12,599,599,4873
4886,17,26999999,0,user_12,599,599,4873
4887,18,26999999,0,user_12,599,599,4873
4890,19,26999999,0,user_15,599,599,4873
4914,20,19000000,0,user_32,599,599,
4932,21,19000000,0,user_48,599,599,
4893,22,6300000,0,user_18,599,599,
4872,23,4500000,0,user_1,599,599,
4897,24,2600000,545000,user_19,599,599,
4916,25,2000000,0,user_32,599,599,
4905,26,1900000,296000,user_27,599,599,
4912,27,1700000,0,user_31,599,599,
4910,28,1500000,0,user_30,599,599,
4892,29,1000000,47700,user_16,599,599,
4923,30,1000000,5180,user_41,599,599,
4927,31,1000000,0,user_42,599,599,
4903,32,970000,0,user_25,599,599,
4913,33,910000,0,user_32,599,599,
4933,34,870000,0,user_48,599,599,
4928,35,660000,0,user_43,599,599,
4902,36,650000,49100,user_25,599,599,
4899,37,630000,0,user_23,599,599,
4870,38,600000,0,user_0,599,599,
4907,39,470000,0,user_29,599,599,
4900,40,420000,0,user_24,599,599,
4896,41,360000,510000,user_18,599,599,
4924,42,360000,35100,user_41,599,599,
4871,43,350000,0,user_1,599,599,
4921,44,310000,0,user_38,599,599,
4925,45,310000,1100000,user_41,599,599,
4908,46,240000,0,user_30,599,599,
4891,47,220000,49100,user_16,599,599,
4898,48,170000,0,user_21,599,599,
4911,49,170000,128000,user_30,599,599,
4931,50,170000,0,user_46,599,599,
4909,51,160000,0,user_30,599,599,
4929,52,160000,66100,user_43,599,599,
4895,53,150000,0,user_18,599,599,
4915,54,150000,0,user_32,599,599,
4926,55,120000,68100,user_41,599,599,
4904,56,110000,0,user_26,599,599,
4917,57,110000,1100000,user_32,599,599,
4918,58,110000,0,user_33,599,599,
4934,59,100000,0,user_49,599,599,
4930,60,98000,0,user_45,599,599,
4906,61,85000,0,user_28,599,599,
4894,62,73000,0,user_18,599,599,
4941,0,27000001,0,user_2,600,600,4935
4943,1,27000001,0,user_2,600,600,4935
4946,2,27000001,0,user_6,600,600,4935
4947,3,27000001,0,user_6,600,600,4935
4948,4,27000001,0,user_6,600,600,4935
4949,5,27000001,0,user_6,600,600,4935
4952,6,27000001,0,user_9,600,600,4935
4935,7,27000000,11200,user_0,600,600,
4936,8,26999999,0,user_1,600,600,4935
4937,9,26999999,0,user_1,600,600,4935
4938,10,26999999,0,user_1,600,600,4935
4939,11,26999999,0,user_1,600,600,4935
4940,12,26999999,0,user_1,600,600,4935
4942,13,26999999,0,user_2,600,600,4935
4944,14,26999999,0,user_3,600,600,4935
4945,15,26999999,0,user_5,600,600,4935
4950,16,26999999,0,user_6,600,600,4935
4951,17,26999999,0,user_8,600,600,4935
4970,18,6300000,0,user_36,600,600,
4962,19,5200000,84800,user_27,600,600,
4965,20,5200000,0,user_29,600,600,
4983,21,5200000,10700,user_47,600,600,
4974,22,5000000,0,user_38,600,600,
4986,23,5000000,161000,user_49,600,600,
4972,24,4500000,0,user_36,600,600,
4964,25,3600000,0,user_28,600,600,
4969,26,3600000,66100,user_33,600,600,
4956,27,1700000,0,user_20,600,600,
4978,28,1700000,0,user_45,600,600,
4980,29,1700000,0,user_45,600,600,
4975,30,1400000,0,user_39,600,600,
4959,31,420000,0,user_20,600,600,
4960,32,420000,0,user_20,600,600,
4982,33,420000,0,user_46,600,600,
4963,34,360000,30200,user_28,600,600,
4973,35,360000,0,user_36,600,600,
4979,36,310000,0,user_45,600,600,
4977,37,240000,0,user_43,600,600,
4957,38,170000,0,user_20,600,600,
4981,39,160000,0,user_45,600,600,
4966,40,150000,16400,user_29,600,600,
4958,41,120000,33300,user_20,600,600,
4967,42,120000,215000,user_30,600,600,
4985,43,120000,0,user_49,600,600,
4953,44,110000,0,user_16,600,600,
4954,45,110000,0,user_18,600,600,
4961,46,110000,0,user_26,600,600,
4968,47,80000,0,user_31,600,600,
4971,48,73000,0,user_36,600,600,
5010,0,27000000,0,user_26,601,601,
5004,1,5200000,0,user_21,601,601,
5021,2,5000000,0,user_41,601,601,
5023,3,5000000,100000,user_43,601,601,
4999,4,3200000,0,user_18,601,601,
5015,5,2000000,0,user_35,601,601,
5027,6,1900000,0,user_47,601,601,
5008,7,1700000,0,user_22,601,601,
5012,8,1100000,0,user_29,601,601,
5002,9,1000000,0,user_20,601,601,
5026,10,660000,19700,user_47,601,601,
5000,11,460000,0,user_18,601,601,
5006,12,460000,36800,user_21,601,601,
5016,13,420000,0,user_36,601,601,
5014,14,370000,0,user_30,601,601,
5003,15,320000,0,user_21,601,601,
4989,16,220001,0,user_4,601,601,4988
4990,17,220001,0,user_4,601,601,4988
4993,18,220001,0,user_8,601,601,4988
4996,19,220001,0,user_15,601,601,4988
4988,20,220000,13900,user_3,601,601,
4991,21,219999,0,user_6,601,601,4988
4994,22,219999,0,user_9,601,601,4988
4995,23,219999,0,user_10,601,601,4988
4987,24,170000,0,user_2,601,601,
4998,25,170000,0,user_16,601,601,
5011,26,170000,0,user_27,601,601,
5024,27,170000,0,user_43,601,601,
5013,28,160000,0,user_29,601,601,
5018,29,160000,0,user_38,601,601,
5022,30,160000,0,user_41,601,601,
5025,31,160000,0,user_46,601,601,
5005,32,150000,155000,user_21,601,601,
5019,33,150000,15300,user_38,601,601,
5028,34,150000,84800,user_49,601,601,
5017,35,120000,0,user_37,601,601,
4997,36,84000,0,user_16,601,601,
5007,37,73000,0,user_22,601,601,
5034,0,43000001,0,user_4,602,602,5033
5040,1,43000001,0,user_13,602,602,5033
5041,2,43000001,0,user_13,602,602,5033
5042,3,43000001,0,user_13,602,602,5033
5043,4,43000001,0,user_13,602,602,5033
5033,5,43000000,66100,user_3,602,602,
5035,6,42999999,0,user_6,602,602,5033
5036,7,42999999,0,user_7,602,602,5033
5037,8,42999999,0,user_7,602,602,5033
5038,9,42999999,0,user_8,602,602,5033
5039,10,42999999,0,user_10,602,602,5033
5044,11,42999999,0,user_15,602,602,5033
5045,12,19000000,39400,user_16,602,602,
5065,13,19000000,12800,user_33,602,602,
5061,14,6300000,0,user_28,602,602,
5054,15,5000000,0,user_21,602,602,
5074,16,5000000,0,user_38,602,602,
5081,17,5000000,0,user_43,602,602,
5080,18,3600000,0,user_43,602,602,
5048,19,3200000,0,user_16,602,602,
5060,20,2000000,0,user_26,602,602,
5069,21,2000000,0,user_33,602,602,
5049,22,1500000,0,user_16,602,602,
5050,23,1500000,0,user_17,602,602,
5070,24,1400000,5630,user_34,602,602,
5055,25,1100000,0,user_23,602,602,
5085,26,870000,0,user_49,602,602,
5029,27,670000,0,user_0,602,602,
5059,28,650000,0,user_25,602,602,
5066,29,650000,0,user_33,602,602,
5058,30,600000,49100,user_25,602,602,
5030,31,420000,0,user_1,602,602,
5051,32,420000,959000,user_19,602,602,
5063,33,420000,17700000,user_31,602,602,
5082,34,350000,0,user_44,602,602,
5052,35,320000,0,user_20,602,602,
5071,36,320000,410000,user_34,602,602,
5057,37,310000,108000,user_25,602,602,
5068,38,260000,0,user_33,602,602,
5053,39,170000,0,user_20,602,602,
5031,40,150000,0,user_3,602,602,
5072,41,130000,0,user_34,602,602,
5046,42,120000,0,user_16,602,602,
5064,43,120000,100000,user_31,602,602,
5067,44,120000,0,user_33,602,602,
5047,45,110000,0,user_16,602,602,
5056,46,110000,0,user_24,602,602,
5083,47,98000,0,user_47,602,602,
5032,48,85000,0,user_3,602,602,
5084,49,84000,0,user_49,602,602,
5062,50,82000,0,user_29,602,602,
5117,0,30000000,0,user_29,603,603,
5129,1,19000000,5180,user_43,603,603,
5105,2,6100000,7190000,user_19,603,603,
5130,3,5200000,32900,user_44,603,603,
5113,4,4200000,146000,user_24,603,603,
5132,5,4200000,67500,user_44,603,603,
5086,6,3500000,0,user_0,603,603,
5109,7,2500000,0,user_20,603,603,
5136,8,2400000,10700,user_46,603,603,
5103,9,2000000,0,user_18,603,603,
5116,10,2000000,0,user_28,603,603,
5137,11,2000000,0,user_46,603,603,
5120,12,1800000,410000,user_32,603,603,
5125,13,1300000,7840,user_38,603,603,
5124,14,1200000,0,user_37,603,603,
5115,15,1100000,0,user_27,603,603,
5127,16,670000,0,user_41,603,603,
5112,17,530000,0,user_22,603,603,
5111,18,460000,0,user_21,603,603,
5114,19,460000,0,user_25,603,603,
5088,20,420000,0,user_1,603,603,
5135,21,420000,0,user_46,603,603,
5087,22,360000,0,user_0,603,603,
5138,23,340000,0,user_49,603,603,
5133,24,310000,0,user_44,603,603,
5106,25,220000,0,user_19,603,603,
5131,26,220000,0,user_44,603,603,
5091,27,190001,0,user_4,603,603,5090
5094,28,190001,0,user_6,603,603,5090
5096,29,190001,0,user_7,603,603,5090
5097,30,190001,0,user_10,603,603,5090
5099,31,190001,0,user_12,603,603,5090
5100,32,190001,0,user_13,603,603,5090
5090,33,190000,322000,user_3,603,603,
5092,34,189999,0,user_5,603,603,5090
5093,35,189999,0,user_6,603,603,5090
5095,36,189999,0,user_7,603,603,5090
5098,37,189999,0,user_12,603,603,5090
5121,38,170000,108000,user_33,603,603,
5108,39,160000,0,user_19,603,603,
5122,40,150000,0,user_34,603,603,
5123,41,150000,0,user_36,603,603,
5089,42,130000,0,user_3,603,603,
5102,43,120000,0,user_18,603,603,
5119,44,120000,0,user_32,603,603,
5101,45,110000,0,user_16,603,603,
5104,46,110000,381000,user_19,603,603,
5128,47,110000,60700,user_42,603,603,
5118,48,87000,0,user_31,603,603,
5134,49,84000,0,user_44,603,603,
5107,50,77000,0,user_19,603,603,
5110,51,77000,0,user_20,603,603,
5169,0,5000000,0,user_24,604,604,
5199,1,5000000,0,user_46,604,604,
5202,2,4500000,0,user_49,604,604,
5186,3,2600000,0,user_34,604,604,
5192,4,2500000,0,user_43,604,604,
5162,5,2400000,0,user_20,604,604,
5174,6,2300000,0,user_28,604,604,
5189,7,2300000,0,user_38,604,604,
5196,8,2000000,0,user_46,604,604,
5160,9,1800000,0,user_19,604,604,
5164,10,1700000,0,user_21,604,604,
5194,11,1400000,0,user_44,604,604,
5170,12,1000000,322000,user_24,604,604,
5180,13,1000000,0,user_30,604,604,
5188,14,970000,0,user_37,604,604,
5152,15,650000,0,user_17,604,604,
5190,16,650000,17700000,user_39,604,604,
5193,17,630000,13900,user_44,604,604,
5165,18,470000,0,user_21,604,604,
5167,19,470000,0,user_22,604,604,
5172,20,470000,0,user_25,604,604,
5179,21,420000,0,user_29,604,604,
5166,22,340000,0,user_21,604,604,
5171,23,340000,0,user_24,604,604,
5168,24,310000,18600,user_24,604,604,
5163,25,300000,0,user_21,604,604,
5157,26,260000,0,user_19,604,604,
5158,27,240000,0,user_19,604,604,
5161,28,240000,0,user_19,604,604,
5175,29,240000,0,user_28,604,604,
5185,30,220000,0,user_34,604,604,
5201,31,190000,0,user_48,604,604,
5173,32,170000,0,user_26,604,604,
5176,33,170000,0,user_28,604,604,
5181,34,170000,0,user_31,604,604,
5195,35,170000,0,user_46,604,604,
5155,36,160000,0,user_18,604,604,
5178,37,160000,0,user_29,604,604,
5187,38,160000,0,user_36,604,604,
5197,39,160000,0,user_46,604,604,
5159,40,130000,0,user_19,604,604,
5182,41,120000,769000,user_31,604,604,
5198,42,120000,0,user_46,604,604,
5200,43,120000,0,user_47,604,604,
5203,44,120000,0,user_49,604,604,
5154,45,110000,0,user_18,604,604,
5156,46,110000,0,user_18,604,604,
5184,47,110000,0,user_33,604,604,
5204,48,110000,0,user_49,604,604,
5177,49,100000,0,user_28,604,604,
5153,50,98000,0,user_18,604,604,
5183,51,84000,0,user_32,604,604,
5143,52,79001,0,user_5,604,604,5139
5148,53,79001,0,user_12,604,604,5139
5139,54,79000,181000,user_0,604,604,
5140,55,78999,0,user_0,604,604,5139
5141,56,78999,0,user_1,604,604,5139
5142,57,78999,0,user_4,604,604,5139
5144,58,78999,0,user_7,604,604,5139
5147,59,78999,0,user_10,604,604,5139
5149,60,78999,0,user_13,604,604,5139
5150,61,78999,0,user_14,604,604,5139
5151,62,78999,0,user_15,604,604,5139
5240,0,30000000,0,user_33,605,605,
5244,1,19000000,0,user_35,605,605,
5243,2,6300000,0,user_35,605,605,
5249,3,4500000,0,user_40,605,605,
5227,4,3600000,0,user_22,605,605,
5257,5,3600000,0,user_48,605,605,
5219,6,3500000,0,user_16,605,605,
5250,7,3200000,0,user_40,605,605,
5232,8,2100000,0,user_28,605,605,
5248,9,2000000,0,user_40,605,605,
5205,10,1600000,0,user_1,605,605,
5236,11,1500000,35600,user_32,605,605,
5256,12,1100000,0,user_46,605,605,
5241,13,970000,0,user_34,605,605,
5247,14,600000,0,user_40,605,605,
5252,15,600000,0,user_43,605,605,
5253,16,600000,0,user_43,605,605,
5215,17,530001,0,user_13,605,605,5212
5217,18,530001,0,user_15,605,605,5212
5206,19,530000,0,user_2,605,605,
5212,20,530000,322000,user_8,605,605,
5213,21,529999,0,user_10,605,605,5212
5216,22,529999,0,user_14,605,605,5212
5207,23,460000,0,user_3,605,605,
5245,24,460000,0,user_36,605,605,
5239,25,360000,60700,user_32,605,605,
5229,26,340000,39400,user_24,605,605,
5233,27,320000,35100,user_29,605,605,
5222,28,310000,73100,user_16,605,605,
5228,29,300000,0,user_23,605,605,
5226,30,240000,0,user_21,605,605,
5238,31,220000,0,user_32,605,605,
5254,32,220000,0,user_44,605,605,
5211,33,160000,0,user_7,605,605,
5231,34,160000,0,user_26,605,605,
5237,35,160000,0,user_32,605,605,
5221,36,150000,0,user_16,605,605,
5259,37,150000,0,user_49,605,605,
5218,38,120000,0,user_16,605,605,
5220,39,120000,256000,user_16,605,605,
5225,40,120000,0,user_20,605,605,
5255,41,110000,0,user_45,605,605,
5260,42,110000,0,user_49,605,605,
5223,43,98000,0,user_17,605,605,
5242,44,87000,16400,user_34,605,605,
5234,45,85000,0,user_30,605,605,
5258,46,83000,0,user_49,605,605,
5235,47,73000,0,user_32,605,605,
5246,48,73000,0,user_37,605,605,
5292,0,6300000,0,user_34,606,606,
5308,1,5200000,0,user_46,606,606,
5291,2,5000000,161000,user_33,606,606,
5262,3,4200000,0,user_1,606,606,
5263,4,2600000,0,user_1,606,606,
5303,5,2600000,0,user_45,606,606,
5282,6,2400000,161000,user_24,606,606,
5311,7,2100000,0,user_49,606,606,
5306,8,1400000,0,user_45,606,606,
5304,9,1100000,0,user_45,606,606,
5295,10,910000,959000,user_38,606,606,
5290,11,670000,0,user_32,606,606,
5287,12,630000,0,user_27,606,606,
5299,13,600000,0,user_41,606,606,
5305,14,470000,0,user_45,606,606,
5277,15,420000,0,user_17,606,606,
5280,16,420000,12800,user_23,606,606,
5297,17,350000,0,user_39,606,606,
5301,18,350000,0,user_43,606,606,
5278,19,320000,0,user_18,606,606,
5310,20,320000,0,user_47,606,606,
5281,21,310000,14200,user_23,606,606,
5307,22,310000,0,user_45,606,606,
5265,23,300001,0,user_4,606,606,5264
5266,24,300001,0,user_4,606,606,5264
5271,25,300001,0,user_11,606,606,5264
5273,26,300001,0,user_13,606,606,5264
5274,27,300001,0,user_14,606,606,5264
5276,28,300001,0,user_15,606,606,5264
5264,29,300000,18600,user_3,606,606,
5267,30,299999,0,user_6,606,606,5264
5270,31,299999,0,user_10,606,606,5264
5272,32,299999,0,user_12,606,606,5264
5275,33,299999,0,user_15,606,606,5264
5300,34,260000,0,user_42,606,606,
5286,35,240000,0,user_27,606,606,
5284,36,220000,0,user_26,606,606,
5279,37,160000,0,user_22,606,606,
5285,38,160000,164000,user_26,606,606,
5288,39,160000,0,user_30,606,606,
5289,40,150000,0,user_30,606,606,
5309,41,150000,381000,user_46,606,606,
5283,42,110000,0,user_25,606,606,
5261,43,85000,0,user_0,606,606,
5296,44,84000,64600,user_38,606,606,
5302,45,82000,0,user_43,606,606,
5332,0,27000000,0,user_16,607,607,
5362,1,5000000,12800,user_48,607,607,
5350,2,3600000,0,user_28,607,607,
5344,3,3200000,12800,user_22,607,607,
5363,4,2500000,0,user_48,607,607,
5352,5,2100000,0,user_30,607,607,
5348,6,2000000,0,user_27,607,607,
5312,7,1500000,0,user_0,607,607,
5349,8,1500000,164000,user_28,607,607,
5334,9,1400000,0,user_16,607,607,
5337,10,1100000,0,user_20,607,607,
5341,11,910000,0,user_20,607,607,
5343,12,870000,0,user_22,607,607,
5315,13,600000,0,user_1,607,607,
5319,14,470001,0,user_2,607,607,5316
5320,15,470001,0,user_2,607,607,5316
5325,16,470001,0,user_8,607,607,5316
5326,17,470001,0,user_9,607,607,5316
5328,18,470001,0,user_10,607,607,5316
5330,19,470001,0,user_12,607,607,5316
5316,20,470000,369000,user_1,607,607,
5317,21,469999,0,user_1,607,607,5316
5318,22,469999,0,user_1,607,607,5316
5321,23,469999,0,user_2,607,607,5316
5322,24,469999,0,user_3,607,607,5316
5324,25,469999,0,user_7,607,607,5316
5327,26,469999,0,user_10,607,607,5316
5331,27,469999,0,user_14,607,607,5316
5353,28,460000,0,user_33,607,607,
5335,29,260000,0,user_16,607,607,
5361,30,260000,0,user_47,607,607,
5314,31,220000,0,user_1,607,607,
5342,32,220000,0,user_21,607,607,
5360,33,220000,0,user_45,607,607,
5347,34,170000,0,user_26,607,607,
5333,35,160000,0,user_16,607,607,
5356,36,160000,0,user_37,607,607,
5345,37,150000,0,user_24,607,607,
5354,38,150000,0,user_35,607,607,
5355,39,150000,0,user_35,607,607,
5338,40,130000,0,user_20,607,607,
5340,41,130000,108000,user_20,607,607,
5336,42,120000,0,user_18,607,607,
5359,43,120000,35100,user_45,607,607,
5339,44,110000,0,user_20,607,607,
5351,45,110000,0,user_29,607,607,
5313,46,100000,0,user_0,607,607,
5357,47,85000,56200,user_37,607,607,
5346,48,79000,0,user_26,607,607,
5358,49,79000,0,user_38,607,607,
5424,0,6100000,24700,user_49,608,608,
5415,1,5000000,0,user_42,608,608,
5421,2,4500000,0,user_46,608,608,
5388,3,3600000,0,user_18,608,608,
5404,4,3500000,0,user_34,608,608,
5407,5,3200000,0,user_36,608,608,
5402,6,2500000,0,user_31,608,608,
5409,7,2500000,0,user_37,608,608,
5400,8,1800000,0,user_29,608,608,
5408,9,1700000,0,user_36,608,608,
5391,10,1600000,0,user_20,608,608,
5393,11,1600000,0,user_22,608,608,
5395,12,1600000,0,user_25,608,608,
5392,13,1500000,46500,user_22,608,608,
5419,14,1500000,0,user_45,608,608,
5397,15,1000000,0,user_27,608,608,
5413,16,1000000,0,user_40,608,608,
5401,17,870000,0,user_30,608,608,
5423,18,530000,0,user_48,608,608,
5405,19,460000,231000,user_35,608,608,
5414,20,460000,0,user_41,608,608,
5416,21,460000,0,user_43,608,608,
5390,22,360000,0,user_20,608,608,
5417,23,360000,0,user_43,608,608,
5387,24,310000,84800,user_17,608,608,
5403,25,240000,0,user_32,608,608,
5418,26,220000,0,user_44,608,608,
5385,27,160000,0,user_16,608,608,
5399,28,160000,0,user_28,608,608,
5389,29,150000,0,user_18,608,608,
5406,30,120000,0,user_35,608,608,
5365,31,110001,0,user_2,608,608,5364
5368,32,110001,0,user_5,608,608,5364
5369,33,110001,0,user_5,608,608,5364
5370,34,110001,0,user_5,608,608,5364
5371,35,110001,0,user_5,608,608,5364
5373,36,110001,0,user_6,608,608,5364
5384,37,110001,0,user_15,608,608,5364
5364,38,110000,146000,user_0,608,608,
5366,39,109999,0,user_2,608,608,5364
5367,40,109999,0,user_4,608,608,5364
5372,41,109999,0,user_5,608,608,5364
5374,42,109999,0,user_6,608,608,5364
5378,43,109999,0,user_10,608,608,5364
5382,44,109999,0,user_14,608,608,5364
5383,45,109999,0,user_15,608,608,5364
5412,46,98000,0,user_40,608,608,
5411,47,83000,0,user_39,608,608,
5420,48,83000,0,user_46,608,608,
5398,49,79000,0,user_28,608,608,
5386,50,77000,0,user_16,608,608,
5478,0,3600000,0,user_39,609,609,
5482,1,3500000,0,user_46,609,609,
5457,2,2000000,0,user_23,609,609,
5477,3,2000000,0,user_39,609,609,
5426,4,1900000,0,user_2,609,609,
5467,5,1900000,0,user_29,609,609,
5451,6,1600000,0,user_19,609,609,
5425,7,1500000,0,user_1,609,609,
5448,8,1400000,0,user_17,609,609,
5465,9,1400000,17700000,user_29,609,609,
5466,10,1300000,164000,user_29,609,609,
5479,11,1200000,7190000,user_43,609,609,
5450,12,1100000,13900,user_19,609,609,
5427,13,1000000,0,user_4,609,609,
5460,14,970000,0,user_25,609,609,
5474,15,970000,0,user_37,609,609,
5469,16,910000,0,user_31,609,609,
5453,17,870000,0,user_21,609,609,
5484,18,670000,0,user_47,609,609,
5476,19,530000,0,user_39,609,609,
5431,20,460001,0,user_5,609,609,5428
5433,21,460001,0,user_7,609,609,5428
5438,22,460001,0,user_12,609,609,5428
5439,23,460001,0,user_13,609,609,5428
5441,24,460001,0,user_13,609,609,5428
5442,25,460001,0,user_13,609,609,5428
5445,26,460001,0,user_15,609,609,5428
5446,27,460001,0,user_15,609,609,5428
5428,28,460000,47700,user_4,609,609,
5456,29,460000,0,user_23,609,609,
5429,30,459999,0,user_4,609,609,5428
5430,31,459999,0,user_4,609,609,5428
5432,32,459999,0,user_6,609,609,5428
5436,33,459999,0,user_10,609,609,5428
5437,34,459999,0,user_11,609,609,5428
5440,35,459999,0,user_13,609,609,5428
5443,36,459999,0,user_13,609,609,5428
5444,37,459999,0,user_14,609,609,5428
5454,38,370000,0,user_22,609,609,
5473,39,370000,0,user_36,609,609,
5483,40,320000,0,user_46,609,609,
5458,41,310000,0,user_24,609,609,
5470,42,310000,0,user_32,609,609,
5447,43,260000,0,user_16,609,609,
5461,44,260000,0,user_25,609,609,
5480,45,260000,0,user_44,609,609,
5463,46,220000,0,user_28,609,609,
5475,47,220000,0,user_39,609,609,
5468,48,170000,0,user_29,609,609,
5462,49,160000,0,user_25,609,609,
5449,50,150000,0,user_18,609,609,
5452,51,150000,0,user_20,609,609,
5485,52,150000,0,user_49,609,609,
5455,53,110000,0,user_23,609,609,
5481,54,110000,0,user_45,609,609,
5464,55,84000,0,user_29,609,609,
5459,56,80000,0,user_25,609,609,
5471,57,80000,0,user_32,609,609,
5535,0,27000000,0,user_41,610,610,
5519,1,4500000,0,user_32,610,610,
5503,2,3600000,0,user_16,610,610,
5504,3,3200000,0,user_17,610,610,
5510,4,3200000,0,user_23,610,610,
5541,5,2600000,0,user_48,610,610,
5532,6,2400000,0,user_39,610,610,
5520,7,2100000,0,user_32,610,610,
5530,8,2100000,31700,user_38,610,610,
5521,9,1900000,60700,user_32,610,610,
5538,10,1900000,0,user_46,610,610,
5506,11,1600000,0,user_19,610,610,
5487,12,1500000,0,user_1,610,610,
5515,13,1400000,0,user_28,610,610,
5511,14,1100000,0,user_25,610,610,
5512,15,1000000,0,user_25,610,610,
5516,16,1000000,0,user_28,610,610,
5522,17,1000000,0,user_32,610,610,
5531,18,1000000,0,user_39,610,610,
5534,19,1000000,0,user_41,610,610,
5527,20,970000,0,user_36,610,610,
5509,21,870000,0,user_23,610,610,
5528,22,470000,67900,user_36,610,610,
5486,23,460000,0,user_0,610,610,
5495,24,320001,0,user_7,610,610,5489
5489,25,320000,322000,user_2,610,610,
5490,26,319999,0,user_2,610,610,5489
5491,27,319999,0,user_2,610,610,5489
5492,28,319999,0,user_2,610,610,5489
5493,29,319999,0,user_2,610,610,5489
5494,30,319999,0,user_4,610,610,5489
5496,31,319999,0,user_10,610,610,5489
5497,32,319999,0,user_11,610,610,5489
5498,33,319999,0,user_12,610,610,5489
5499,34,319999,0,user_14,610,610,5489
5500,35,319999,0,user_15,610,610,5489
5513,36,260000,0,user_26,610,610,
5501,37,220000,60700,user_16,610,610,
5507,38,220000,0,user_20,610,610,
5514,39,220000,0,user_27,610,610,
5529,40,220000,0,user_36,610,610,
5502,41,170000,0,user_16,610,610,
5540,42,160000,0,user_48,610,610,
5488,43,150000,0,user_1,610,610,
5524,44,150000,0,user_33,610,610,
5518,45,120000,0,user_31,610,610,
5505,46,110000,0,user_19,610,610,
5523,47,110000,0,user_32,610,610,
5508,48,84000,0,user_20,610,610,
5517,49,83000,0,user_31,610,610,
5539,50,79000,19700,user_46,610,610,
5526,51,73000,0,user_36,610,610,
5536,52,73000,13900,user_43,610,610,
5537,53,73000,0,user_45,610,610,
5579,0,19000000,0,user_45,611,611,
5545,1,5000000,0,user_2,611,611,
5542,2,4500000,0,user_0,611,611,
5573,3,4200000,0,user_38,611,611,
5558,4,2600000,0,user_19,611,611,
5562,5,2300000,0,user_24,611,611,
5584,6,2000000,0,user_48,611,611,
5586,7,2000000,71800,user_49,611,611,
5563,8,1900000,0,user_25,611,611,
5583,9,1800000,71800,user_47,611,611,
5559,10,1700000,66100,user_22,611,611,
5568,11,1600000,36800,user_34,611,611,
5571,12,1500000,410000,user_37,611,611,
5550,13,1300001,0,user_7,611,611,5546
5555,14,1300001,0,user_14,611,611,5546
5546,15,1300000,66100,user_4,611,611,
5547,16,1299999,0,user_4,611,611,5546
5548,17,1299999,0,user_4,611,611,5546
5549,18,1299999,0,user_7,611,611,5546
5552,19,1299999,0,user_11,611,611,5546
5553,20,1299999,0,user_12,611,611,5546
5554,21,1299999,0,user_13,611,611,5546
5556,22,1299999,0,user_15,611,611,5546
5561,23,1100000,0,user_24,611,611,
5575,24,660000,3130,user_39,611,611,
5564,25,370000,0,user_30,611,611,
5560,26,360000,0,user_23,611,611,
5576,27,360000,959000,user_42,611,611,
5585,28,360000,0,user_49,611,611,
5566,29,260000,0,user_32,611,611,
5580,30,220000,0,user_46,611,611,
5565,31,160000,0,user_30,611,611,
5578,32,150000,32900,user_44,611,611,
5570,33,120000,0,user_37,611,611,
5574,34,120000,16400,user_38,611,611,
5544,35,110000,0,user_1,611,611,
5557,36,110000,16400,user_17,611,611,
5582,37,110000,0,user_46,611,611,
5567,38,98000,545000,user_33,611,611,
5577,39,87000,0,user_43,611,611,
5543,40,84000,0,user_1,611,611,
5572,41,79000,0,user_37,611,611,
5581,42,70000,0,user_46,611,611,
3746,0,30000000,0,user_47,612,612,
3731,1,27000000,0,user_32,612,612,
3700,2,6300001,0,user_5,612,612,3699
3703,3,6300001,0,user_8,612,612,3699
3704,4,6300001,0,user_9,612,612,3699
3705,5,6300001,0,user_10,612,612,3699
3706,6,6300001,0,user_10,612,612,3699
3710,7,6300001,0,user_12,612,612,3699
3711,8,6300001,0,user_12,612,612,3699
3712,9,6300001,0,user_14,612,612,3699
3714,10,6300001,0,user_15,612,612,3699
3699,11,6300000,13800,user_5,612,612,
3701,12,6299999,0,user_7,612,612,3699
3702,13,6299999,0,user_8,612,612,3699
3707,14,6299999,0,user_10,612,612,3699
3708,15,6299999,0,user_10,612,612,3699
3709,16,6299999,0,user_10,612,612,3699
3713,17,6299999,0,user_15,612,612,3699
3719,18,4500000,0,user_21,612,612,
3736,19,4500000,0,user_37,612,612,
3730,20,3500000,0,user_31,612,612,
3747,21,1600000,155000,user_48,612,612,
3718,22,1500000,0,user_19,612,612,
3722,23,1500000,0,user_24,612,612,
3735,24,1500000,0,user_36,612,612,
3740,25,1500000,0,user_40,612,612,
3741,26,1400000,7840,user_40,612,612,
3723,27,650000,8520,user_25,612,612,
3727,28,600000,0,user_29,612,612,
3743,29,530000,0,user_44,612,612,
3748,30,420000,0,user_48,612,612,
3732,31,360000,0,user_32,612,612,
3742,32,350000,0,user_43,612,612,
3715,33,190000,0,user_16,612,612,
3697,34,170000,0,user_4,612,612,
3698,35,130000,0,user_5,612,612,
3725,36,120000,510000,user_27,612,612,
3744,37,110000,100000,user_45,612,612,
3724,38,100000,0,user_26,612,612,
3729,39,80000,0,user_31,612,612,
3745,40,80000,0,user_46,612,612,
3739,41,79000,0,user_39,612,612,
3726,42,77000,5180,user_27,612,612,
3750,0,43000000,0,user_1,613,613,
3772,1,6300000,0,user_21,613,613,
3769,2,4200000,0,user_16,613,613,
3788,3,4200000,0,user_38,613,613,
3795,4,4200000,0,user_48,613,613,
3790,5,3600000,0,user_42,613,613,
3794,6,3500000,0,user_45,613,613,
3777,7,2500000,0,user_26,613,613,
3752,8,2400000,0,user_1,613,613,
3792,9,2100000,0,user_43,613,613,
3762,10,2000001,0,user_6,613,613,3760
3764,11,2000001,0,user_10,613,613,3760
3765,12,2000001,0,user_10,613,613,3760
3766,13,2000001,0,user_12,613,613,3760
3767,14,2000001,0,user_13,613,613,3760
3768,15,2000001,0,user_14,613,613,3760
3749,16,2000000,0,user_0,613,613,
3760,17,2000000,35600,user_6,613,613,
3773,18,2000000,7840,user_22,613,613,
3761,19,1999999,0,user_6,613,613,3760
3763,20,1999999,0,user_7,613,613,3760
3789,21,1600000,0,user_39,613,613,
3781,22,1400000,0,user_34,613,613,
3780,23,1200000,0,user_30,613,613,
3758,24,1100000,0,user_5,613,613,
3783,25,970000,0,user_36,613,613,
3796,26,660000,0,user_49,613,613,
3779,27,630000,0,user_29,613,613,
3793,28,530000,0,user_43,613,613,
3770,29,420000,0,user_16,613,613,
3774,30,420000,0,user_23,613,613,
3787,31,370000,0,user_38,613,613,
3756,32,320000,0,user_3,613,613,
3753,33,260000,0,user_1,613,613,
3771,34,150000,0,user_17,613,613,
3786,35,150000,381000,user_37,613,613,
3791,36,150000,0,user_42,613,613,
3751,37,130000,0,user_1,613,613,
3775,38,130000,43600,user_24,613,613,
3785,39,130000,0,user_37,613,613,
3754,40,100000,0,user_1,613,613,
3778,41,100000,0,user_27,613,613,
3759,42,98000,0,user_6,613,613,
3784,43,84000,0,user_36,613,613,
3776,44,79000,0,user_25,613,613,
3755,45,77000,0,user_2,613,613,
3757,46,70000,0,user_4,613,613,
3813,0,5000000,0,user_20,614,614,
3832,1,4500000,5180,user_39,614,614,
3822,2,3600000,0,user_32,614,614,
3826,3,2500000,0,user_34,614,614,
3811,4,2000000,0,user_18,614,614,
3817,5,1900000,0,user_26,614,614,
3815,6,1700000,0,user_23,614,614,
3816,7,1500000,12800,user_24,614,614,
3809,8,1400000,0,user_17,614,614,
3818,9,1100000,13900,user_27,614,614,
3830,10,1100000,0,user_38,614,614,
3834,11,1000000,0,user_46,614,614,
3821,12,600000,0,user_32,614,614,
3799,13,460001,0,user_1,614,614,3797
3802,14,460001,0,user_7,614,614,3797
3797,15,460000,10700,user_0,614,614,
3798,16,459999,0,user_1,614,614,3797
3800,17,459999,0,user_3,614,614,3797
3801,18,459999,0,user_5,614,614,3797
3804,19,459999,0,user_10,614,614,3797
3805,20,459999,0,user_12,614,614,3797
3806,21,459999,0,user_13,614,614,3797
3807,22,459999,0,user_14,614,614,3797
3808,23,300000,84800,user_16,614,614,
3820,24,260000,0,user_31,614,614,
3825,25,260000,0,user_34,614,614,
3810,26,170000,0,user_17,614,614,
3819,27,160000,0,user_30,614,614,
3827,28,160000,100000,user_34,614,614,
3824,29,150000,0,user_32,614,614,
3812,30,130000,0,user_19,614,614,
3814,31,120000,0,user_21,614,614,
3823,32,120000,0,user_32,614,614,
3829,33,110000,779000,user_38,614,614,
3831,34,110000,13900,user_38,614,614,
3836,35,83000,121000,user_49,614,614,
3833,36,82000,0,user_45,614,614,
3835,37,70000,0,user_47,614,614,
3856,0,5000000,0,user_18,615,615,
3868,1,3500000,0,user_30,615,615,
3883,2,3500000,42000,user_43,615,615,
3863,3,2300000,0,user_27,615,615,
3885,4,2100000,0,user_47,615,615,
3837,5,2000000,0,user_0,615,615,
3866,6,2000000,0,user_30,615,615,
3872,7,2000000,0,user_34,615,615,
3888,8,2000000,0,user_49,615,615,
3881,9,1900000,0,user_42,615,615,
3880,10,1500000,0,user_41,615,615,
3876,11,1400000,18600,user_37,615,615,
3857,12,1200000,0,user_22,615,615,
3875,13,1100000,31700,user_36,615,615,
3858,14,1000000,0,user_23,615,615,
3884,15,460000,0,user_45,615,615,
3852,16,420000,0,user_16,615,615,
3861,17,360000,0,user_26,615,615,
3854,18,340000,0,user_16,615,615,
3878,19,320000,0,user_39,615,615,
3855,20,300000,0,user_17,615,615,
3871,21,220000,0,user_34,615,615,
3886,22,220000,0,user_48,615,615,
3867,23,160000,15700,user_30,615,615,
3870,24,160000,0,user_32,615,615,
3877,25,160000,0,user_38,615,615,
3840,26,150001,0,user_4,615,615,3838
3841,27,150001,0,user_6,615,615,3838
3843,28,150001,0,user_7,615,615,3838
3847,29,150001,0,user_13,615,615,3838
3849,30,150001,0,user_15,615,615,3838
3838,31,150000,510000,user_2,615,615,
3864,32,150000,0,user_30,615,615,
3839,33,149999,0,user_3,615,615,3838
3842,34,149999,0,user_7,615,615,3838
3845,35,149999,0,user_10,615,615,3838
3846,36,149999,0,user_11,615,615,3838
3848,37,149999,0,user_14,615,615,3838
3850,38,149999,0,user_15,615,615,3838
3869,39,110000,49100,user_31,615,615,
3853,40,85000,0,user_16,615,615,
3887,41,85000,0,user_49,615,615,
3859,42,82000,256000,user_24,615,615,
3882,43,82000,67900,user_42,615,615,
3860,44,80000,0,user_25,615,615,
3862,45,79000,0,user_27,615,615,
3865,46,79000,84800,user_30,615,615,
3851,47,70000,0,user_16,615,615,
3917,0,30000000,0,user_25,616,616,
3902,1,6300000,0,user_16,616,616,
3911,2,4500000,0,user_18,616,616,
3930,3,4200000,0,user_40,616,616,
3908,4,2300000,0,user_17,616,616,
3931,5,2000000,0,user_42,616,616,
3903,6,1900000,121000,user_16,616,616,
3919,7,1900000,0,user_27,616,616,
3904,8,1600000,181000,user_16,616,616,
3927,9,1500000,0,user_37,616,616,
3901,10,1400000,46500,user_16,616,616,
3921,11,1400000,0,user_30,616,616,
3926,12,1400000,13900,user_36,616,616,
3909,13,1100000,0,user_17,616,616,
3905,14,1000000,0,user_16,616,616,
3915,15,530000,0,user_22,616,616,
3914,16,460000,0,user_21,616,616,
3933,17,460000,0,user_44,616,616,
3907,18,420000,0,user_17,616,616,
3928,19,360000,0,user_37,616,616,
3910,20,350000,0,user_17,616,616,
3906,21,320000,0,user_17,616,616,
3925,22,310000,0,user_34,616,616,
3934,23,190000,0,user_44,616,616,
3913,24,170000,0,user_20,616,616,
3893,25,160001,0,user_5,616,616,3889
3899,26,160001,0,user_14,616,616,3889
3889,27,160000,5630,user_0,616,616,
3890,28,159999,0,user_1,616,616,3889
3891,29,159999,0,user_3,616,616,3889
3892,30,159999,0,user_5,616,616,3889
3894,31,159999,0,user_6,616,616,3889
3895,32,159999,0,user_9,616,616,3889
3900,33,159999,0,user_15,616,616,3889
3918,34,150000,0,user_27,616,616,
3920,35,150000,0,user_27,616,616,
3924,36,150000,0,user_32,616,616,
3923,37,120000,0,user_31,616,616,
3935,38,120000,0,user_45,616,616,
3936,39,120000,0,user_45,616,616,
3932,40,110000,0,user_42,616,616,
3922,41,87000,0,user_30,616,616,
3937,42,85000,0,user_46,616,616,
3939,43,77000,0,user_49,616,616,
3984,0,43000000,0,user_42,617,617,
3947,1,27000000,0,user_7,617,617,
3953,2,6300000,0,user_17,617,617,
3945,3,5000000,0,user_5,617,617,
3941,4,4500000,0,user_1,617,617,
3979,5,4200000,18600,user_38,617,617,
3940,6,3200000,0,user_0,617,617,
3944,7,2000000,0,user_3,617,617,
3965,8,2000000,0,user_23,617,617,
3950,9,1600001,0,user_12,617,617,3948
3951,10,1600001,0,user_14,617,617,3948
3963,11,1600000,0,user_22,617,617,
3990,12,1600000,0,user_44,617,617,
3992,13,1600000,0,user_46,617,617,
3949,14,1599999,0,user_11,617,617,3948
3952,15,1599999,0,user_14,617,617,3948
3983,16,1500000,0,user_42,617,617,
3991,17,1500000,0,user_46,617,617,
3959,18,1400000,31700,user_20,617,617,
3986,19,1400000,0,user_42,617,617,
3967,20,1100000,0,user_25,617,617,
3982,21,1100000,0,user_42,617,617,
3954,22,1000000,0,user_17,617,617,
3964,23,1000000,0,user_22,617,617,
3968,24,1000000,0,user_27,617,617,
3942,25,870000,0,user_2,617,617,
3969,26,870000,0,user_29,617,617,
3962,27,670000,0,user_20,617,617,
3960,28,630000,0,user_20,617,617,
3988,29,600000,0,user_44,617,617,
3970,30,470000,0,user_30,617,617,
3974,31,320000,7190000,user_33,617,617,
3957,32,310000,0,user_19,617,617,
3987,33,310000,31700,user_44,617,617,
3973,34,300000,0,user_32,617,617,
3956,35,260000,0,user_18,617,617,
3975,36,240000,0,user_34,617,617,
3966,37,220000,0,user_24,617,617,
3971,38,170000,0,user_32,617,617,
3946,39,160000,0,user_6,617,617,
3985,40,160000,0,user_42,617,617,
3978,41,130000,410000,user_36,617,617,
3972,42,120000,322000,user_32,617,617,
3989,43,100000,0,user_44,617,617,
3976,44,98000,0,user_34,617,617,
3943,45,85000,0,user_3,617,617,
3981,46,84000,0,user_41,617,617,
3955,47,82000,0,user_18,617,617,
3961,48,82000,0,user_20,617,617,
3958,49,79000,0,user_20,617,617,
4015,0,6300000,0,user_24,618,618,
4021,1,5200000,0,user_33,618,618,
4007,2,5000000,0,user_17,618,618,
4035,3,3600000,0,user_44,618,618,
4039,4,3200000,3130,user_49,618,618,
4014,5,2500000,0,user_23,618,618,
4028,6,2400000,0,user_37,618,618,
4030,7,2300000,181000,user_39,618,618,
4040,8,2100000,0,user_49,618,618,
4009,9,2000000,0,user_19,618,618,
4013,10,1500000,0,user_22,618,618,
4017,11,1500000,0,user_26,618,618,
4034,12,1400000,0,user_44,618,618,
4037,13,1400000,0,user_47,618,618,
4018,14,1000000,0,user_28,618,618,
4019,15,870000,68100,user_30,618,618,
4024,16,650000,0,user_33,618,618,
4012,17,630000,0,user_21,618,618,
4033,18,630000,0,user_42,618,618,
4027,19,530000,285000,user_36,618,618,
3993,20,460000,0,user_0,618,618,
4016,21,350000,0,user_25,618,618,
3996,22,310001,0,user_3,618,618,3995
3997,23,310001,0,user_3,618,618,3995
3998,24,310001,0,user_4,618,618,3995
4002,25,310001,0,user_10,618,618,3995
4003,26,310001,0,user_11,618,618,3995
3995,27,310000,256000,user_2,618,618,
3999,28,309999,0,user_5,618,618,3995
4000,29,309999,0,user_6,618,618,3995
4004,30,309999,0,user_12,618,618,3995
4005,31,309999,0,user_15,618,618,3995
4011,32,300000,0,user_20,618,618,
4036,33,220000,0,user_47,618,618,
4020,34,170000,0,user_31,618,618,
4023,35,170000,0,user_33,618,618,
4010,36,130000,0,user_19,618,618,
4022,37,110000,0,user_33,618,618,
4029,38,110000,0,user_38,618,618,
4032,39,110000,0,user_41,618,618,
4038,40,110000,0,user_48,618,618,
3994,41,85000,0,user_2,618,618,
4006,42,85000,0,user_16,618,618,
4026,43,83000,0,user_36,618,618,
4008,44,79000,0,user_18,618,618,
4031,45,70000,0,user_39,618,618,
4071,0,6100000,0,user_29,619,619,
4067,1,5000000,0,user_22,619,619,
4044,2,2500000,0,user_3,619,619,
4073,3,2500000,0,user_32,619,619,
4063,4,2000000,0,user_16,619,619,
4077,5,2000000,0,user_35,619,619,
4078,6,1900000,0,user_36,619,619,
4041,7,1600000,0,user_1,619,619,
4083,8,1500000,0,user_42,619,619,
4075,9,1200000,0,user_34,619,619,
4082,10,1000000,0,user_40,619,619,
4084,11,1000000,0,user_44,619,619,
4089,12,970000,0,user_49,619,619,
4065,13,870000,0,user_19,619,619,
4086,14,530000,0,user_46,619,619,
4076,15,470000,128000,user_34,619,619,
4088,16,460000,0,user_47,619,619,
4069,17,310000,0,user_24,619,619,
4079,18,310000,0,user_37,619,619,
4042,19,240000,0,user_1,619,619,
4087,20,170000,0,user_46,619,619,
4047,21,160001,0,user_3,619,619,4045
4048,22,160001,0,user_4,619,619,4045
4050,23,160001,0,user_6,619,619,4045
4051,24,160001,0,user_7,619,619,4045
4052,25,160001,0,user_8,619,619,4045
4055,26,160001,0,user_12,619,619,4045
4057,27,160001,0,user_12,619,619,4045
4061,28,160001,0,user_15,619,619,4045
4062,29,160001,0,user_15,619,619,4045
4045,30,160000,510000,user_3,619,619,
4046,31,159999,0,user_3,619,619,4045
4049,32,159999,0,user_5,619,619,4045
4054,33,159999,0,user_12,619,619,4045
4056,34,159999,0,user_12,619,619,4045
4058,35,159999,0,user_12,619,619,4045
4060,36,159999,0,user_15,619,619,4045
4043,37,150000,0,user_2,619,619,
4068,38,110000,0,user_22,619,619,
4074,39,110000,0,user_32,619,619,
4064,40,100000,0,user_17,619,619,
4070,41,82000,17000,user_29,619,619,
4066,42,79000,0,user_21,619,619,
4085,43,73000,0,user_45,619,619,
4116,0,30000000,39400,user_30,620,620,
4137,1,30000000,0,user_48,620,620,
4106,2,6100000,0,user_18,620,620,
4124,3,5000000,49100,user_39,620,620,
4118,4,4500000,0,user_34,620,620,
4107,5,4200000,0,user_18,620,620,
4128,6,3500000,0,user_41,620,620,
4132,7,3500000,0,user_45,620,620,
4119,8,2000000,0,user_35,620,620,
4126,9,1500000,0,user_40,620,620,
4135,10,1500000,0,user_45,620,620,
4130,11,1200000,231000,user_44,620,620,
4120,12,1100000,0,user_35,620,620,
4122,13,1100000,11200,user_36,620,620,
4133,14,1000000,0,user_45,620,620,
4112,15,670000,0,user_27,620,620,
4125,16,660000,215000,user_40,620,620,
4138,17,660000,0,user_49,620,620,
4114,18,630000,0,user_28,620,620,
4113,19,600000,0,user_27,620,620,
4134,20,460000,0,user_45,620,620,
4129,21,370000,0,user_42,620,620,
4091,22,340001,0,user_3,620,620,4090
4092,23,340001,0,user_4,620,620,4090
4096,24,340001,0,user_6,620,620,4090
4099,25,340001,0,user_9,620,620,4090
4104,26,340001,0,user_15,620,620,4090
4090,27,340000,369000,user_1,620,620,
4093,28,339999,0,user_4,620,620,4090
4094,29,339999,0,user_5,620,620,4090
4095,30,339999,0,user_6,620,620,4090
4098,31,339999,0,user_9,620,620,4090
4123,32,310000,46500,user_37,620,620,
4121,33,170000,0,user_35,620,620,
4115,34,150000,0,user_29,620,620,
4110,35,120000,0,user_25,620,620,
4105,36,110000,0,user_17,620,620,
4131,37,98000,0,user_45,620,620,
4108,38,87000,769000,user_21,620,620,
4127,39,87000,108000,user_41,620,620,
4136,40,82000,0,user_46,620,620,
4117,41,70000,0,user_32,620,620,
4169,0,2600000,0,user_46,621,621,
4161,1,2300000,0,user_31,621,621,
4155,2,2100000,0,user_22,621,621,
4170,3,2000000,0,user_48,621,621,
4158,4,1900000,410000,user_30,621,621,
4140,5,1600000,0,user_1,621,621,
4154,6,1400000,0,user_19,621,621,
4159,7,1000000,0,user_31,621,621,
4165,8,660000,4320000,user_41,621,621,
4143,9,460001,0,user_6,621,621,4141
4144,10,460001,0,user_8,621,621,4141
4146,11,460001,0,user_10,621,621,4141
4147,12,460001,0,user_10,621,621,4141
4149,13,460001,0,user_14,621,621,4141
4141,14,460000,35600,user_2,621,621,
4142,15,459999,0,user_4,621,621,4141
4145,16,459999,0,user_9,621,621,4141
4148,17,459999,0,user_11,621,621,4141
4150,18,459999,0,user_15,621,621,4141
4153,19,340000,35100,user_19,621,621,
4160,20,320000,0,user_31,621,621,
4163,21,150000,0,user_36,621,621,
4171,22,150000,0,user_49,621,621,
4139,23,120000,0,user_1,621,621,
4164,24,110000,0,user_39,621,621,
4156,25,98000,0,user_27,621,621,
4162,26,98000,71800,user_33,621,621,
4166,27,77000,0,user_41,621,621,
4212,0,43000000,0,user_41,622,622,
4175,1,30000001,0,user_3,622,622,4173
4177,2,30000001,0,user_6,622,622,4173
4178,3,30000001,0,user_6,622,622,4173
4179,4,30000001,0,user_8,622,622,4173
4181,5,30000001,0,user_8,622,622,4173
4185,6,30000001,0,user_10,622,622,4173
4186,7,30000001,0,user_12,622,622,4173
4188,8,30000001,0,user_12,622,622,4173
4189,9,30000001,0,user_12,622,622,4173
4192,10,30000001,0,user_15,622,622,4173
4173,11,30000000,10700,user_2,622,622,
4174,12,29999999,0,user_3,622,622,4173
4176,13,29999999,0,user_4,622,622,4173
4180,14,29999999,0,user_8,622,622,4173
4182,15,29999999,0,user_8,622,622,4173
4183,16,29999999,0,user_8,622,622,4173
4184,17,29999999,0,user_9,622,622,4173
4187,18,29999999,0,user_12,622,622,4173
4190,19,29999999,0,user_12,622,622,4173
4213,20,6100000,0,user_42,622,622,
4201,21,3500000,0,user_23,622,622,
4206,22,3500000,0,user_31,622,622,
4195,23,2300000,0,user_16,622,622,
4209,24,1500000,0,user_38,622,622,
4210,25,1400000,0,user_39,622,622,
4198,26,1200000,0,user_18,622,622,
4204,27,600000,0,user_28,622,622,
4205,28,470000,0,user_30,622,622,
4196,29,420000,0,user_16,622,622,
4208,30,420000,0,user_37,622,622,
4193,31,170000,0,user_16,622,622,
4217,32,170000,769000,user_49,622,622,
4211,33,160000,0,user_40,622,622,
4197,34,150000,0,user_16,622,622,
4200,35,150000,0,user_20,622,622,
4194,36,120000,0,user_16,622,622,
4207,37,120000,0,user_35,622,622,
4214,38,120000,0,user_43,622,622,
4202,39,79000,0,user_24,622,622,
4199,40,77000,0,user_20,622,622,
4249,0,30000000,12300,user_32,623,623,
4254,1,19000000,369000,user_34,623,623,
4267,2,19000000,0,user_48,623,623,
4234,3,6300000,231000,user_17,623,623,
4247,4,6300000,12800,user_29,623,623,
4241,5,4500000,0,user_26,623,623,
4246,6,3600000,0,user_29,623,623,
4244,7,2600000,0,user_28,623,623,
4237,8,2300000,0,user_20,623,623,
4232,9,2100000,0,user_16,623,623,
4264,10,1800000,24700,user_44,623,623,
4266,11,1600000,0,user_47,623,623,
4253,12,1500000,0,user_34,623,623,
4236,13,1300000,0,user_19,623,623,
4230,14,1100000,0,user_16,623,623,
4243,15,1000000,0,user_27,623,623,
4250,16,1000000,0,user_34,623,623,
4259,17,1000000,0,user_39,623,623,
4240,18,910000,0,user_24,623,623,
4233,19,670000,36800,user_16,623,623,
4256,20,670000,0,user_36,623,623,
4242,21,660000,0,user_26,623,623,
4235,22,420000,0,user_17,623,623,
4263,23,420000,0,user_43,623,623,
4239,24,260000,0,user_23,623,623,
4251,25,220000,0,user_34,623,623,
4220,26,170001,0,user_3,623,623,4218
4223,27,170001,0,user_7,623,623,4218
4226,28,170001,0,user_10,623,623,4218
4227,29,170001,0,user_11,623,623,4218
4218,30,170000,68100,user_0,623,623,
4231,31,170000,0,user_16,623,623,
4257,32,170000,12300,user_37,623,623,
4219,33,169999,0,user_1,623,623,4218
4221,34,169999,0,user_3,623,623,4218
4222,35,169999,0,user_4,623,623,4218
4228,36,169999,0,user_15,623,623,4218
4229,37,150000,0,user_16,623,623,
4238,38,150000,0,user_21,623,623,
4261,39,150000,0,user_41,623,623,
4262,40,120000,0,user_42,623,623,
4245,41,110000,0,user_28,623,623,
4252,42,110000,0,user_34,623,623,
4265,43,100000,0,user_46,623,623,
4248,44,87000,146000,user_31,623,623,
4258,45,82000,0,user_38,623,623,
4311,0,30000000,0,user_32,624,624,
4270,1,27000001,0,user_6,624,624,4269
4271,2,27000001,0,user_6,624,624,4269
4273,3,27000001,0,user_7,624,624,4269
4276,4,27000001,0,user_9,624,624,4269
4277,5,27000001,0,user_9,624,624,4269
4278,6,27000001,0,user_9,624,624,4269
4281,7,27000001,0,user_10,624,624,4269
4282,8,27000001,0,user_10,624,624,4269
4284,9,27000001,0,user_11,624,624,4269
4286,10,27000001,0,user_14,624,624,4269
4269,11,27000000,195000,user_6,624,624,
4298,12,27000000,0,user_24,624,624,
4324,13,27000000,0,user_46,624,624,
4272,14,26999999,0,user_7,624,624,4269
4274,15,26999999,0,user_8,624,624,4269
4275,16,26999999,0,user_9,624,624,4269
4279,17,26999999,0,user_9,624,624,4269
4280,18,26999999,0,user_10,624,624,4269
4283,19,26999999,0,user_10,624,624,4269
4285,20,26999999,0,user_13,624,624,4269
4323,21,19000000,0,user_45,624,624,
4304,22,5000000,0,user_29,624,624,
4294,23,4200000,0,user_22,624,624,
4302,24,4200000,0,user_28,624,624,
4317,25,3600000,0,user_39,624,624,
4309,26,3500000,0,user_31,624,624,
4296,27,3200000,0,user_23,624,624,
4319,28,2600000,0,user_42,624,624,
4321,29,2600000,0,user_44,624,624,
4305,30,1800000,0,user_29,624,624,
4308,31,1700000,594000,user_31,624,624,
4303,32,1400000,0,user_29,624,624,
4316,33,1400000,0,user_39,624,624,
4292,34,1300000,5180,user_19,624,624,
4297,35,1100000,0,user_23,624,624,
4290,36,660000,0,user_18,624,624,
4313,37,650000,10700,user_37,624,624,
4301,38,600000,0,user_27,624,624,
4306,39,460000,0,user_29,624,624,
4310,40,310000,296000,user_32,624,624,
4315,41,220000,0,user_39,624,624,
4312,42,190000,0,user_35,624,624,
4295,43,170000,0,user_22,624,624,
4299,44,170000,0,user_24,624,624,
4287,45,130000,0,user_16,624,624,
4268,46,120000,0,user_4,624,624,
4318,47,120000,42000,user_42,624,624,
4289,48,110000,0,user_17,624,624,
4314,49,110000,0,user_38,624,624,
4300,50,100000,0,user_26,624,624,
4288,51,87000,0,user_16,624,624,
4291,52,82000,0,user_19,624,624,
4322,53,77000,0,user_45,624,624,
4341,0,6100000,0,user_16,625,625,
4368,1,6100000,381000,user_43,625,625,
4379,2,6100000,0,user_49,625,625,
4359,3,5200000,0,user_35,625,625,
4352,4,5000000,0,user_29,625,625,
4346,5,4500000,0,user_21,625,625,
4370,6,3600000,0,user_43,625,625,
4333,7,3500001,0,user_8,625,625,4332
4334,8,3500001,0,user_8,625,625,4332
4335,9,3500001,0,user_10,625,625,4332
4336,10,3500001,0,user_11,625,625,4332
4340,11,3500001,0,user_15,625,625,4332
4332,12,3500000,84800,user_6,625,625,
4338,13,3499999,0,user_13,625,625,4332
4339,14,3499999,0,user_14,625,625,4332
4350,15,2600000,0,user_27,625,625,
4376,16,2600000,283000,user_46,625,625,
4369,17,2500000,0,user_43,625,625,
4373,18,2000000,0,user_46,625,625,
4349,19,1800000,128000,user_23,625,625,
4348,20,1600000,0,user_23,625,625,
4351,21,1600000,0,user_28,625,625,
4328,22,1500000,0,user_3,625,625,
4364,23,1500000,0,user_37,625,625,
4329,24,1400000,0,user_4,625,625,
4371,25,1400000,24700,user_45,625,625,
4342,26,1000000,0,user_17,625,625,
4363,27,1000000,56200,user_37,625,625,
4327,28,600000,0,user_1,625,625,
4355,29,600000,0,user_31,625,625,
4353,30,470000,0,user_29,625,625,
4345,31,460000,0,user_21,625,625,
4344,32,350000,0,user_20,625,625,
4374,33,350000,0,user_46,625,625,
4330,34,340000,0,user_4,625,625,
4331,35,340000,0,user_6,625,625,
4366,36,320000,0,user_39,625,625,
4377,37,320000,0,user_46,625,625,
4362,38,310000,18600,user_37,625,625,
4343,39,170000,0,user_18,625,625,
4358,40,160000,0,user_34,625,625,
4347,41,150000,0,user_22,625,625,
4372,42,150000,0,user_45,625,625,
4361,43,120000,0,user_37,625,625,
4326,44,110000,0,user_0,625,625,
4360,45,110000,0,user_37,625,625,
4354,46,98000,0,user_30,625,625,
4357,47,83000,0,user_33,625,625,
4365,48,82000,0,user_38,625,625,
4375,49,77000,0,user_46,625,625,
4382,0,27000000,0,user_2,626,626,
4410,1,27000000,0,user_22,626,626,
4421,2,19000000,0,user_30,626,626,
4383,3,6100000,0,user_3,626,626,
4414,4,6100000,0,user_26,626,626,
4381,5,5200000,0,user_1,626,626,
4418,6,4500000,350000,user_29,626,626,
4412,7,3600000,0,user_23,626,626,
4408,8,3500000,0,user_18,626,626,
4427,9,3500000,0,user_36,626,626,
4429,10,3200000,0,user_40,626,626,
4423,11,2600000,64600,user_34,626,626,
4380,12,2400000,0,user_0,626,626,
4431,13,2000000,0,user_43,626,626,
4425,14,1600000,0,user_35,626,626,
4428,15,1600000,0,user_39,626,626,
4435,16,1600000,545000,user_47,626,626,
4415,17,970000,0,user_27,626,626,
4417,18,970000,0,user_28,626,626,
4413,19,870000,0,user_24,626,626,
4416,20,650000,0,user_28,626,626,
4411,21,600000,0,user_22,626,626,
4426,22,600000,0,user_36,626,626,
4406,23,420000,0,user_16,626,626,
4420,24,420000,35100,user_30,626,626,
4424,25,420000,36800,user_34,626,626,
4433,26,310000,0,user_45,626,626,
4409,27,260000,0,user_21,626,626,
4436,28,190000,0,user_49,626,626,
4407,29,160000,0,user_18,626,626,
4422,30,160000,0,user_30,626,626,
4434,31,150000,0,user_46,626,626,
4432,32,120000,0,user_43,626,626,
4419,33,110000,0,user_30,626,626,
4387,34,79001,0,user_7,626,626,4384
4388,35,79001,0,user_8,626,626,4384
4392,36,79001,0,user_10,626,626,4384
4393,37,79001,0,user_10,626,626,4384
4396,38,79001,0,user_12,626,626,4384
4398,39,79001,0,user_12,626,626,4384
4400,40,79001,0,user_13,626,626,4384
4402,41,79001,0,user_13,626,626,4384
4403,42,79001,0,user_13,626,626,4384
4389,43,78999,0,user_9,626,626,4384
4390,44,78999,0,user_10,626,626,4384
4391,45,78999,0,user_10,626,626,4384
4394,46,78999,0,user_12,626,626,4384
4395,47,78999,0,user_12,626,626,4384
4397,48,78999,0,user_12,626,626,4384
4399,49,78999,0,user_13,626,626,4384
4401,50,78999,0,user_13,626,626,4384
4404,51,78999,0,user_14,626,626,4384
4405,52,78999,0,user_15,626,626,4384
4463,0,27000000,0,user_25,627,627,
4474,1,5000000,0,user_35,627,627,
4482,2,4500000,0,user_40,627,627,
4466,3,3600000,0,user_27,627,627,
4490,4,2400000,0,user_49,627,627,
4461,5,2300000,32900,user_24,627,627,
4484,6,2000000,0,user_44,627,627,
4437,7,1800000,0,user_0,627,627,
4483,8,1700000,23500,user_42,627,627,
4455,9,1500000,0,user_16,627,627,
4462,10,1500000,0,user_24,627,627,
4476,11,1400000,0,user_37,627,627,
4489,12,1400000,0,user_49,627,627,
4468,13,1300000,4320000,user_29,627,627,
4472,14,1200000,0,user_33,627,627,
4457,15,1100000,0,user_20,627,627,
4481,16,1100000,84800,user_39,627,627,
4478,17,1000000,0,user_39,627,627,
4491,18,670000,13800,user_49,627,627,
4467,19,470000,0,user_28,627,627,
4487,20,460000,0,user_47,627,627,
4475,21,420000,0,user_37,627,627,
4480,22,420000,0,user_39,627,627,
4486,23,370000,0,user_46,627,627,
4471,24,260000,0,user_32,627,627,
4470,25,220000,0,user_31,627,627,
4464,26,160000,0,user_26,627,627,
4479,27,160000,0,user_39,627,627,
4456,28,150000,181000,user_19,627,627,
4485,29,150000,350000,user_45,627,627,
4439,30,120001,0,user_3,627,627,4438
4440,31,120001,0,user_4,627,627,4438
4441,32,120001,0,user_6,627,627,4438
4444,33,120001,0,user_8,627,627,4438
4445,34,120001,0,user_9,627,627,4438
4451,35,120001,0,user_12,627,627,4438
4452,36,120001,0,user_12,627,627,4438
4453,37,120001,0,user_14,627,627,4438
4438,38,120000,16400,user_3,627,627,
4442,39,119999,0,user_6,627,627,4438
4443,40,119999,0,user_8,627,627,4438
4446,41,119999,0,user_10,627,627,4438
4448,42,119999,0,user_12,627,627,4438
4449,43,119999,0,user_12,627,627,4438
4450,44,119999,0,user_12,627,627,4438
4454,45,110000,0,user_16,627,627,
4488,46,84000,0,user_49,627,627,
4477,47,82000,0,user_39,627,627,
4465,48,77000,0,user_26,627,627,
4535,0,27000000,0,user_40,628,628,
4520,1,19000000,67900,user_27,628,628,
4519,2,6100000,0,user_26,628,628,
4537,3,5200000,67500,user_41,628,628,
4546,4,5000000,0,user_47,628,628,
4548,5,4500000,0,user_48,628,628,
4532,6,4200000,0,user_36,628,628,
4549,7,3500000,146000,user_49,628,628,
4528,8,2600000,0,user_33,628,628,
4494,9,2300000,0,user_3,628,628,
4521,10,1800000,0,user_28,628,628,
4523,11,1700000,0,user_30,628,628,
4501,12,1500000,0,user_6,628,628,
4526,13,1500000,3130,user_30,628,628,
4529,14,1500000,0,user_34,628,628,
4539,15,1400000,181000,user_43,628,628,
4514,16,1100000,0,user_22,628,628,
4533,17,1100000,0,user_36,628,628,
4512,18,1000000,0,user_19,628,628,
4495,19,970000,0,user_4,628,628,
4545,20,870000,0,user_47,628,628,
4516,21,650000,0,user_24,628,628,
4544,22,630000,17000,user_47,628,628,
4530,23,600000,5180,user_34,628,628,
4524,24,470000,0,user_30,628,628,
4541,25,470000,0,user_44,628,628,
4500,26,460000,0,user_6,628,628,
4547,27,460000,42000,user_47,628,628,
4493,28,420000,0,user_2,628,628,
4525,29,360000,0,user_30,628,628,
4492,30,320000,0,user_2,628,628,
4527,31,320000,14200,user_31,628,628,
4498,32,300000,0,user_5,628,628,
4515,33,300000,0,user_23,628,628,
4497,34,220000,0,user_5,628,628,
4522,35,220000,0,user_28,628,628,
4536,36,220000,36800,user_40,628,628,
4513,37,190000,0,user_20,628,628,
4505,38,150001,0,user_10,628,628,4502
4511,39,150001,0,user_15,628,628,4502
4502,40,150000,381000,user_6,628,628,
4503,41,149999,0,user_6,628,628,4502
4504,42,149999,0,user_8,628,628,4502
4506,43,149999,0,user_11,628,628,4502
4508,44,149999,0,user_14,628,628,4502
4509,45,149999,0,user_14,628,628,4502
4510,46,149999,0,user_14,628,628,4502
4543,47,110000,19700,user_47,628,628,
4540,48,87000,0,user_43,628,628,
4496,49,77000,0,user_4,628,628,
4499,50,73000,0,user_6,628,628,
4517,51,70000,18600,user_24,628,628,
4602,0,19000000,0,user_47,629,629,
4596,1,6100000,0,user_38,629,629,
4578,2,5000000,0,user_19,629,629,
4598,3,5000000,0,user_40,629,629,
4555,4,2400001,0,user_1,629,629,4554
4557,5,2400001,0,user_1,629,629,4554
4558,6,2400001,0,user_4,629,629,4554
4559,7,2400001,0,user_5,629,629,4554
4562,8,2400001,0,user_9,629,629,4554
4563,9,2400001,0,user_9,629,629,4554
4564,10,2400001,0,user_10,629,629,4554
4568,11,2400001,0,user_12,629,629,4554
4570,12,2400001,0,user_12,629,629,4554
4571,13,2400001,0,user_13,629,629,4554
4554,14,2400000,36800,user_1,629,629,
4556,15,2399999,0,user_1,629,629,4554
4565,16,2399999,0,user_10,629,629,4554
4566,17,2399999,0,user_11,629,629,4554
4567,18,2399999,0,user_12,629,629,4554
4569,19,2399999,0,user_12,629,629,4554
4572,20,2399999,0,user_14,629,629,4554
4594,21,1800000,594000,user_35,629,629,
4573,22,1600000,0,user_16,629,629,
4603,23,1500000,0,user_48,629,629,
4590,24,1400000,0,user_31,629,629,
4588,25,1300000,0,user_29,629,629,
4575,26,1200000,0,user_19,629,629,
4582,27,1100000,0,user_22,629,629,
4587,28,1000000,0,user_26,629,629,
4592,29,1000000,0,user_34,629,629,
4589,30,970000,3130,user_30,629,629,
4553,31,630000,0,user_1,629,629,
4576,32,630000,350000,user_19,629,629,
4597,33,460000,0,user_39,629,629,
4552,34,360000,0,user_0,629,629,
4574,35,360000,0,user_17,629,629,
4581,36,220000,84800,user_21,629,629,
4600,37,220000,0,user_44,629,629,
4550,38,170000,0,user_0,629,629,
4584,39,120000,0,user_23,629,629,
4577,40,110000,100000,user_19,629,629,
4593,41,110000,164000,user_34,629,629,
4586,42,100000,0,user_25,629,629,
4591,43,98000,0,user_34,629,629,
4551,44,87000,0,user_0,629,629,
4583,45,82000,0,user_22,629,629,
4599,46,79000,0,user_41,629,629,
4604,47,79000,0,user_48,629,629,
4601,48,77000,285000,user_45,629,629,
4624,0,6300000,0,user_21,630,630,
4613,1,5200000,0,user_12,630,630,
4650,2,5200000,0,user_45,630,630,
4626,3,5000000,0,user_23,630,630,
4653,4,5000000,121000,user_46,630,630,
4625,5,4500000,0,user_21,630,630,
4614,6,4200000,84800,user_13,630,630,
4615,7,4199999,0,user_15,630,630,4614
4648,8,3600000,0,user_43,630,630,
4607,9,3500000,0,user_1,630,630,
4641,10,2600000,0,user_38,630,630,
4651,11,2600000,0,user_46,630,630,
4606,12,2000000,0,user_1,630,630,
4608,13,2000000,0,user_2,630,630,
4621,14,2000000,49100,user_21,630,630,
4635,15,2000000,0,user_28,630,630,
4646,16,2000000,0,user_41,630,630,
4628,17,1900000,0,user_26,630,630,
4640,18,1800000,0,user_38,630,630,
4631,19,1000000,0,user_27,630,630,
4636,20,970000,0,user_31,630,630,
4644,21,970000,6390,user_38,630,630,
4616,22,670000,0,user_17,630,630,
4618,23,660000,0,user_18,630,630,
4612,24,650000,0,user_10,630,630,
4617,25,600000,0,user_17,630,630,
4622,26,460000,322000,user_21,630,630,
4642,27,460000,0,user_38,630,630,
4655,28,460000,3130,user_47,630,630,
4611,29,420000,0,user_6,630,630,
4637,30,360000,0,user_33,630,630,
4639,31,340000,0,user_37,630,630,
4610,32,220000,0,user_4,630,630,
4627,33,160000,0,user_25,630,630,
4609,34,150000,0,user_3,630,630,
4629,35,150000,0,user_27,630,630,
4630,36,130000,0,user_27,630,630,
4647,37,130000,0,user_42,630,630,
4623,38,120000,0,user_21,630,630,
4632,39,120000,0,user_27,630,630,
4652,40,120000,0,user_46,630,630,
4619,41,110000,0,user_19,630,630,
4634,42,110000,32900,user_28,630,630,
4643,43,110000,0,user_38,630,630,
4654,44,110000,0,user_46,630,630,
4656,45,100000,0,user_48,630,630,
4633,46,85000,0,user_27,630,630,
4605,47,82000,0,user_0,630,630,
4620,48,82000,6390,user_20,630,630,
4657,49,80000,8520,user_49,630,630,
4649,50,70000,84800,user_44,630,630,
4709,0,30000000,0,user_42,631,631,
4684,1,5200000,0,user_19,631,631,
4693,2,5200000,0,user_27,631,631,
4672,3,5000000,0,user_11,631,631,
4716,4,5000000,0,user_49,631,631,
4704,5,4200000,0,user_35,631,631,
4707,6,3500000,30200,user_37,631,631,
4702,7,2600000,0,user_33,631,631,
4708,8,1700000,12800,user_38,631,631,
4670,9,1600000,0,user_10,631,631,
4692,10,1600000,0,user_24,631,631,
4705,11,1600000,0,user_36,631,631,
4703,12,1400000,0,user_34,631,631,
4660,13,1200000,0,user_3,631,631,
4694,14,1200000,0,user_27,631,631,
4669,15,1100000,0,user_10,631,631,
4687,16,1000000,66100,user_21,631,631,
4715,17,1000000,0,user_49,631,631,
4706,18,970000,0,user_37,631,631,
4691,19,910000,0,user_24,631,631,
4685,20,670000,0,user_19,631,631,
4663,21,660000,0,user_4,631,631,
4671,22,660000,0,user_11,631,631,
4699,23,630000,146000,user_33,631,631,
4688,24,350000,0,user_22,631,631,
4664,25,340000,0,user_5,631,631,
4700,26,340000,0,user_33,631,631,
4696,27,260000,0,user_31,631,631,
4683,28,220000,0,user_19,631,631,
4701,29,190000,0,user_33,631,631,
4680,30,170000,0,user_16,631,631,
4689,31,170000,0,user_22,631,631,
4710,32,170000,0,user_42,631,631,
4713,33,170000,8520,user_44,631,631,
4686,34,160000,139000,user_19,631,631,
4659,35,150000,0,user_1,631,631,
4690,36,150000,0,user_23,631,631,
4658,37,130000,0,user_0,631,631,
4662,38,120000,0,user_4,631,631,
4677,39,110001,0,user_13,631,631,4674
4661,40,110000,0,user_3,631,631,
4668,41,110000,0,user_9,631,631,
4678,42,109999,0,user_14,631,631,4674
4714,43,98000,0,user_47,631,631,
4697,44,82000,15100,user_32,631,631,
4698,45,77000,13900,user_33,631,631,
4768,0,6100000,0,user_46,632,632,
4760,1,5000000,0,user_35,632,632,
4750,2,4200000,17000,user_23,632,632,
4755,3,4200000,0,user_32,632,632,
4741,4,3600000,17700000,user_16,632,632,
4743,5,3600000,0,user_17,632,632,
4761,6,3200000,0,user_35,632,632,
4744,7,2500000,0,user_17,632,632,
4762,8,2400000,0,user_35,632,632,
4769,9,2100000,0,user_47,632,632,
4724,10,2000001,0,user_5,632,632,4718
4725,11,2000001,0,user_5,632,632,4718
4727,12,2000001,0,user_7,632,632,4718
4728,13,2000001,0,user_8,632,632,4718
4730,14,2000001,0,user_10,632,632,4718
4731,15,2000001,0,user_10,632,632,4718
4733,16,2000001,0,user_11,632,632,4718
4734,17,2000001,0,user_11,632,632,4718
4735,18,2000001,0,user_11,632,632,4718
4737,19,2000001,0,user_11,632,632,4718
4720,20,1999999,0,user_2,632,632,4718
4721,21,1999999,0,user_4,632,632,4718
4722,22,1999999,0,user_5,632,632,4718
4723,23,1999999,0,user_5,632,632,4718
4726,24,1999999,0,user_6,632,632,4718
4729,25,1999999,0,user_9,632,632,4718
4732,26,1999999,0,user_10,632,632,4718
4736,27,1999999,0,user_11,632,632,4718
4738,28,1999999,0,user_12,632,632,4718
4739,29,1999999,0,user_13,632,632,4718
4766,30,1900000,0,user_44,632,632,
4765,31,1800000,0,user_43,632,632,
4770,32,1500000,0,user_48,632,632,
4745,33,970000,0,user_17,632,632,
4754,34,660000,35600,user_31,632,632,
4749,35,650000,0,user_21,632,632,
4767,36,650000,0,user_44,632,632,
4742,37,470000,0,user_16,632,632,
4763,38,470000,18600,user_39,632,632,
4758,39,360000,0,user_35,632,632,
4752,40,260000,0,user_28,632,632,
4746,41,240000,195000,user_17,632,632,
4753,42,220000,0,user_30,632,632,
4759,43,220000,0,user_35,632,632,
4756,44,120000,0,user_32,632,632,
4748,45,110000,0,user_19,632,632,
4764,46,85000,100000,user_42,632,632,
4772,0,30000000,0,user_0,633,633,
4802,1,5200000,0,user_31,633,633,
4775,2,3600000,0,user_2,633,633,
4812,3,3200000,128000,user_43,633,633,
4813,4,3200000,0,user_45,633,633,
4795,5,1800000,0,user_26,633,633,
4816,6,1700000,0,user_48,633,633,
4790,7,1600000,510000,user_22,633,633,
4789,8,1500000,0,user_19,633,633,
4793,9,1500000,0,user_24,633,633,
4791,10,1000000,0,user_23,633,633,
4811,11,460000,0,user_42,633,633,
4797,12,370000,17000,user_26,633,633,
4778,13,360000,0,user_5,633,633,
4787,14,240000,0,user_18,633,633,
4794,15,220000,0,user_25,633,633,
4804,16,220000,0,user_34,633,633,
4777,17,170000,0,user_4,633,633,
4817,18,170000,0,user_49,633,633,
4801,19,160000,0,user_30,633,633,
4815,20,160000,0,user_47,633,633,
4796,21,150000,0,user_26,633,633,
4798,22,130000,0,user_26,633,633,
4788,23,120000,11200,user_19,633,633,
4803,24,120000,155000,user_34,633,633,
4814,25,120000,0,user_45,633,633,
4792,26,100000,0,user_24,633,633,
4774,27,84000,0,user_2,633,633,
4773,28,80000,0,user_1,633,633,
4780,29,79001,0,user_8,633,633,4779
4781,30,79001,0,user_8,633,633,4779
4785,31,79001,0,user_12,633,633,4779
4786,32,79001,0,user_13,633,633,4779
4779,33,79000,128000,user_7,633,633,
4782,34,78999,0,user_10,633,633,4779
4776,35,77000,0,user_3,633,633,
4800,36,77000,32900,user_27,633,633,
4799,37,73000,0,user_26,633,633,
4810,38,73000,0,user_41,633,633,
4847,0,43000000,17000,user_32,634,634,
4856,1,5000000,0,user_40,634,634,
4860,2,5000000,0,user_44,634,634,
4844,3,4500000,0,user_28,634,634,
4821,4,2400001,0,user_6,634,634,4818
4823,5,2400001,0,user_7,634,634,4818
4824,6,2400001,0,user_9,634,634,4818
4825,7,2400001,0,user_10,634,634,4818
4830,8,2400001,0,user_15,634,634,4818
4818,9,2400000,49100,user_0,634,634,
4819,10,2399999,0,user_3,634,634,4818
4820,11,2399999,0,user_5,634,634,4818
4822,12,2399999,0,user_7,634,634,4818
4827,13,2399999,0,user_12,634,634,4818
4828,14,2399999,0,user_12,634,634,4818
4829,15,2399999,0,user_14,634,634,4818
4863,16,2000000,0,user_46,634,634,
4867,17,2000000,0,user_47,634,634,
4868,18,2000000,0,user_47,634,634,
4850,19,1700000,0,user_35,634,634,
4841,20,1300000,0,user_27,634,634,
4837,21,1100000,0,user_25,634,634,
4835,22,1000000,0,user_25,634,634,
4864,23,910000,0,user_46,634,634,
4869,24,910000,15100,user_49,634,634,
4852,25,600000,0,user_37,634,634,
4845,26,530000,67500,user_29,634,634,
4839,27,460000,0,user_25,634,634,
4858,28,420000,39400,user_43,634,634,
4831,29,310000,0,user_19,634,634,
4836,30,260000,0,user_25,634,634,
4846,31,260000,0,user_31,634,634,
4851,32,260000,12800,user_36,634,634,
4855,33,260000,0,user_40,634,634,
4834,34,190000,0,user_24,634,634,
4866,35,190000,0,user_46,634,634,
4849,36,170000,0,user_33,634,634,
4832,37,160000,0,user_20,634,634,
4857,38,160000,0,user_42,634,634,
4838,39,130000,0,user_25,634,634,
4861,40,130000,30200,user_45,634,634,
4859,41,110000,75000,user_43,634,634,
4854,42,98000,0,user_40,634,634,
4843,43,85000,0,user_28,634,634,
4840,44,80000,0,user_26,634,634,
4842,45,80000,0,user_28,634,634,
4848,46,80000,0,user_33,634,634,
4865,47,79000,0,user_46,634,634,
4862,48,77000,0,user_46,634,634,
4901,0,30000000,0,user_24,635,635,
4920,1,30000000,4320000,user_36,635,635,
4877,2,27000001,0,user_5,635,635,4873
4878,3,27000001,0,user_6,635,635,4873
4880,4,27000001,0,user_10,635,635,4873
4882,5,27000001,0,user_11,635,635,4873
4883,6,27000001,0,user_12,635,635,4873
4885,7,27000001,0,user_12,635,635,4873
4888,8,27000001,0,user_13,635,635,4873
4889,9,27000001,0,user_14,635,635,4873
4873,10,27000000,4320000,user_1,635,635,
4874,11,26999999,0,user_2,635,635,4873
4875,12,26999999,0,user_2,635,635,4873
4876,13,26999999,0,user_4,635,635,4873
4879,14,26999999,0,user_6,635,635,4873
4881,15,26999999,0,user_11,635,635,4873
4884,16,26999999,0,user_12,635,635,4873
4886,17,26999999,0,user_12,635,635,4873
4887,18,26999999,0,user_12,635,635,4873
4890,19,26999999,0,user_15,635,635,4873
4914,20,19000000,0,user_32,635,635,
4932,21,19000000,0,user_48,635,635,
4893,22,6300000,0,user_18,635,635,
4872,23,4500000,0,user_1,635,635,
4897,24,2600000,545000,user_19,635,635,
4916,25,2000000,0,user_32,635,635,
4905,26,1900000,296000,user_27,635,635,
4912,27,1700000,0,user_31,635,635,
4910,28,1500000,0,user_30,635,635,
4892,29,1000000,47700,user_16,635,635,
4923,30,1000000,5180,user_41,635,635,
4927,31,1000000,0,user_42,635,635,
4903,32,970000,0,user_25,635,635,
4913,33,910000,0,user_32,635,635,
4933,34,870000,0,user_48,635,635,
4928,35,660000,0,user_43,635,635,
4902,36,650000,49100,user_25,635,635,
4899,37,630000,0,user_23,635,635,
4870,38,600000,0,user_0,635,635,
4907,39,470000,0,user_29,635,635,
4900,40,420000,0,user_24,635,635,
4896,41,360000,510000,user_18,635,635,
4924,42,360000,35100,user_41,635,635,
4871,43,350000,0,user_1,635,635,
4921,44,310000,0,user_38,635,635,
4925,45,310000,1100000,user_41,635,635,
4908,46,240000,0,user_30,635,635,
4891,47,220000,49100,user_16,635,635,
4898,48,170000,0,user_21,635,635,
4911,49,170000,128000,user_30,635,635,
4931,50,170000,0,user_46,635,635,
4909,51,160000,0,user_30,635,635,
4929,52,160000,66100,user_43,635,635,
4895,53,150000,0,user_18,635,635,
4915,54,150000,0,user_32,635,635,
4926,55,120000,68100,user_41,635,635,
4904,56,110000,0,user_26,635,635,
4917,57,110000,1100000,user_32,635,635,
4918,58,110000,0,user_33,635,635,
4934,59,100000,0,user_49,635,635,
4930,60,98000,0,user_45,635,635,
4906,61,85000,0,user_28,635,635,
4894,62,73000,0,user_18,635,635,
4941,0,27000001,0,user_2,636,636,4935
4943,1,27000001,0,user_2,636,636,4935
4946,2,27000001,0,user_6,636,636,4935
4947,3,27000001,0,user_6,636,636,4935
4948,4,27000001,0,user_6,636,636,4935
4949,5,27000001,0,user_6,636,636,4935
4952,6,27000001,0,user_9,636,636,4935
4935,7,27000000,11200,user_0,636,636,
4936,8,26999999,0,user_1,636,636,4935
4937,9,26999999,0,user_1,636,636,4935
4938,10,26999999,0,user_1,636,636,4935
4939,11,26999999,0,user_1,636,636,4935
4940,12,26999999,0,user_1,636,636,4935
4942,13,26999999,0,user_2,636,636,4935
4944,14,26999999,0,user_3,636,636,4935
4945,15,26999999,0,user_5,636,636,4935
4950,16,26999999,0,user_6,636,636,4935
4951,17,26999999,0,user_8,636,636,4935
4970,18,6300000,0,user_36,636,636,
4962,19,5200000,84800,user_27,636,636,
4965,20,5200000,0,user_29,636,636,
4983,21,5200000,10700,user_47,636,636,
4974,22,5000000,0,user_38,636,636,
4986,23,5000000,161000,user_49,636,636,
4972,24,4500000,0,user_36,636,636,
4964,25,3600000,0,user_28,636,636,
4969,26,3600000,66100,user_33,636,636,
4956,27,1700000,0,user_20,636,636,
4978,28,1700000,0,user_45,636,636,
4980,29,1700000,0,user_45,636,636,
4975,30,1400000,0,user_39,636,636,
4959,31,420000,0,user_20,636,636,
4960,32,420000,0,user_20,636,636,
4982,33,420000,0,user_46,636,636,
4963,34,360000,30200,user_28,636,636,
4973,35,360000,0,user_36,636,636,
4979,36,310000,0,user_45,636,636,
4977,37,240000,0,user_43,636,636,
4957,38,170000,0,user_20,636,636,
4981,39,160000,0,user_45,636,636,
4966,40,150000,16400,user_29,636,636,
4958,41,120000,33300,user_20,636,636,
4967,42,120000,215000,user_30,636,636,
4985,43,120000,0,user_49,636,636,
4953,44,110000,0,user_16,636,636,
4954,45,110000,0,user_18,636,636,
4961,46,110000,0,user_26,636,636,
4968,47,80000,0,user_31,636,636,
4971,48,73000,0,user_36,636,636,
5010,0,27000000,0,user_26,637,637,
5004,1,5200000,0,user_21,637,637,
5021,2,5000000,0,user_41,637,637,
5023,3,5000000,100000,user_43,637,637,
4999,4,3200000,0,user_18,637,637,
5015,5,2000000,0,user_35,637,637,
5027,6,1900000,0,user_47,637,637,
5008,7,1700000,0,user_22,637,637,
5012,8,1100000,0,user_29,637,637,
5002,9,1000000,0,user_20,637,637,
5026,10,660000,19700,user_47,637,637,
5000,11,460000,0,user_18,637,637,
5006,12,460000,36800,user_21,637,637,
5016,13,420000,0,user_36,637,637,
5014,14,370000,0,user_30,637,637,
5003,15,320000,0,user_21,637,637,
4989,16,220001,0,user_4,637,637,4988
4990,17,220001,0,user_4,637,637,4988
4993,18,220001,0,user_8,637,637,4988
4996,19,220001,0,user_15,637,637,4988
4988,20,220000,13900,user_3,637,637,
4991,21,219999,0,user_6,637,637,4988
4994,22,219999,0,user_9,637,637,4988
4995,23,219999,0,user_10,637,637,4988
4987,24,170000,0,user_2,637,637,
4998,25,170000,0,user_16,637,637,
5011,26,170000,0,user_27,637,637,
5024,27,170000,0,user_43,637,637,
5013,28,160000,0,user_29,637,637,
5018,29,160000,0,user_38,637,637,
5022,30,160000,0,user_41,637,637,
5025,31,160000,0,user_46,637,637,
5005,32,150000,155000,user_21,637,637,
5019,33,150000,15300,user_38,637,637,
5028,34,150000,84800,user_49,637,637,
5017,35,120000,0,user_37,637,637,
4997,36,84000,0,user_16,637,637,
5007,37,73000,0,user_22,637,637,
5034,0,43000001,0,user_4,638,638,5033
5040,1,43000001,0,user_13,638,638,5033
5041,2,43000001,0,user_13,638,638,5033
5042,3,43000001,0,user_13,638,638,5033
5043,4,43000001,0,user_13,638,638,5033
5033,5,43000000,66100,user_3,638,638,
5035,6,42999999,0,user_6,638,638,5033
5036,7,42999999,0,user_7,638,638,5033
5037,8,42999999,0,user_7,638,638,5033
5038,9,42999999,0,user_8,638,638,5033
5039,10,42999999,0,user_10,638,638,5033
5044,11,42999999,0,user_15,638,638,5033
5045,12,19000000,39400,user_16,638,638,
5065,13,19000000,12800,user_33,638,638,
5061,14,6300000,0,user_28,638,638,
5054,15,5000000,0,user_21,638,638,
5074,16,5000000,0,user_38,638,638,
5081,17,5000000,0,user_43,638,638,
5080,18,3600000,0,user_43,638,638,
5048,19,3200000,0,user_16,638,638,
5060,20,2000000,0,user_26,638,638,
5069,21,2000000,0,user_33,638,638,
5049,22,1500000,0,user_16,638,638,
5050,23,1500000,0,user_17,638,638,
5070,24,1400000,5630,user_34,638,638,
5055,25,1100000,0,user_23,638,638,
5085,26,870000,0,user_49,638,638,
5029,27,670000,0,user_0,638,638,
5059,28,650000,0,user_25,638,638,
5066,29,650000,0,user_33,638,638,
5058,30,600000,49100,user_25,638,638,
5030,31,420000,0,user_1,638,638,
5051,32,420000,959000,user_19,638,638,
5063,33,420000,17700000,user_31,638,638,
5082,34,350000,0,user_44,638,638,
5052,35,320000,0,user_20,638,638,
5071,36,320000,410000,user_34,638,638,
5057,37,310000,108000,user_25,638,638,
5068,38,260000,0,user_33,638,638,
5053,39,170000,0,user_20,638,638,
5031,40,150000,0,user_3,638,638,
5072,41,130000,0,user_34,638,638,
5046,42,120000,0,user_16,638,638,
5064,43,120000,100000,user_31,638,638,
5067,44,120000,0,user_33,638,638,
5047,45,110000,0,user_16,638,638,
5056,46,110000,0,user_24,638,638,
5083,47,98000,0,user_47,638,638,
5032,48,85000,0,user_3,638,638,
5084,49,84000,0,user_49,638,638,
5062,50,82000,0,user_29,638,638,
5117,0,30000000,0,user_29,639,639,
5129,1,19000000,5180,user_43,639,639,
5105,2,6100000,7190000,user_19,639,639,
5130,3,5200000,32900,user_44,639,639,
5113,4,4200000,146000,user_24,639,639,
5132,5,4200000,67500,user_44,639,639,
5086,6,3500000,0,user_0,639,639,
5109,7,2500000,0,user_20,639,639,
5136,8,2400000,10700,user_46,639,639,
5103,9,2000000,0,user_18,639,639,
5116,10,2000000,0,user_28,639,639,
5137,11,2000000,0,user_46,639,639,
5120,12,1800000,410000,user_32,639,639,
5125,13,1300000,7840,user_38,639,639,
5124,14,1200000,0,user_37,639,639,
5115,15,1100000,0,user_27,639,639,
5127,16,670000,0,user_41,639,639,
5112,17,530000,0,user_22,639,639,
5111,18,460000,0,user_21,639,639,
5114,19,460000,0,user_25,639,639,
5088,20,420000,0,user_1,639,639,
5135,21,420000,0,user_46,639,639,
5087,22,360000,0,user_0,639,639,
5138,23,340000,0,user_49,639,639,
5133,24,310000,0,user_44,639,639,
5106,25,220000,0,user_19,639,639,
5131,26,220000,0,user_44,639,639,
5091,27,190001,0,user_4,639,639,5090
5094,28,190001,0,user_6,639,639,5090
5096,29,190001,0,user_7,639,639,5090
5097,30,190001,0,user_10,639,639,5090
5099,31,190001,0,user_12,639,639,5090
5100,32,190001,0,user_13,639,639,5090
5090,33,190000,322000,user_3,639,639,
5092,34,189999,0,user_5,639,639,5090
5093,35,189999,0,user_6,639,639,5090
5095,36,189999,0,user_7,639,639,5090
5098,37,189999,0,user_12,639,639,5090
5121,38,170000,108000,user_33,639,639,
5108,39,160000,0,user_19,639,639,
5122,40,150000,0,user_34,639,639,
5123,41,150000,0,user_36,639,639,
5089,42,130000,0,user_3,639,639,
5102,43,120000,0,user_18,639,639,
5119,44,120000,0,user_32,639,639,
5101,45,110000,0,user_16,639,639,
5104,46,110000,381000,user_19,639,639,
5128,47,110000,60700,user_42,639,639,
5118,48,87000,0,user_31,639,639,
5134,49,84000,0,user_44,639,639,
5107,50,77000,0,user_19,639,639,
5110,51,77000,0,user_20,639,639,
5169,0,5000000,0,user_24,640,640,
5199,1,5000000,0,user_46,640,640,
5202,2,4500000,0,user_49,640,640,
5186,3,2600000,0,user_34,640,640,
5192,4,2500000,0,user_43,640,640,
5162,5,2400000,0,user_20,640,640,
5174,6,2300000,0,user_28,640,640,
5189,7,2300000,0,user_38,640,640,
5196,8,2000000,0,user_46,640,640,
5160,9,1800000,0,user_19,640,640,
5164,10,1700000,0,user_21,640,640,
5194,11,1400000,0,user_44,640,640,
5170,12,1000000,322000,user_24,640,640,
5180,13,1000000,0,user_30,640,640,
5188,14,970000,0,user_37,640,640,
5152,15,650000,0,user_17,640,640,
5190,16,650000,17700000,user_39,640,640,
5193,17,630000,13900,user_44,640,640,
5165,18,470000,0,user_21,640,640,
5167,19,470000,0,user_22,640,640,
5172,20,470000,0,user_25,640,640,
5179,21,420000,0,user_29,640,640,
5166,22,340000,0,user_21,640,640,
5171,23,340000,0,user_24,640,640,
5168,24,310000,18600,user_24,640,640,
5163,25,300000,0,user_21,640,640,
5157,26,260000,0,user_19,640,640,
5158,27,240000,0,user_19,640,640,
5161,28,240000,0,user_19,640,640,
5175,29,240000,0,user_28,640,640,
5185,30,220000,0,user_34,640,640,
5201,31,190000,0,user_48,640,640,
5173,32,170000,0,user_26,640,640,
5176,33,170000,0,user_28,640,640,
5181,34,170000,0,user_31,640,640,
5195,35,170000,0,user_46,640,640,
5155,36,160000,0,user_18,640,640,
5178,37,160000,0,user_29,640,640,
5187,38,160000,0,user_36,640,640,
5197,39,160000,0,user_46,640,640,
5159,40,130000,0,user_19,640,640,
5182,41,120000,769000,user_31,640,640,
5198,42,120000,0,user_46,640,640,
5200,43,120000,0,user_47,640,640,
5203,44,120000,0,user_49,640,640,
5154,45,110000,0,user_18,640,640,
5156,46,110000,0,user_18,640,640,
5184,47,110000,0,user_33,640,640,
5204,48,110000,0,user_49,640,640,
5177,49,100000,0,user_28,640,640,
5153,50,98000,0,user_18,640,640,
5183,51,84000,0,user_32,640,640,
5143,52,79001,0,user_5,640,640,5139
5148,53,79001,0,user_12,640,640,5139
5139,54,79000,181000,user_0,640,640,
5140,55,78999,0,user_0,640,640,5139
5141,56,78999,0,user_1,640,640,5139
5142,57,78999,0,user_4,640,640,5139
5144,58,78999,0,user_7,640,640,5139
5147,59,78999,0,user_10,640,640,5139
5149,60,78999,0,user_13,640,640,5139
5150,61,78999,0,user_14,640,640,5139
5151,62,78999,0,user_15,640,640,5139
5240,0,30000000,0,user_33,641,641,
5244,1,19000000,0,user_35,641,641,
5243,2,6300000,0,user_35,641,641,
5249,3,4500000,0,user_40,641,641,
5227,4,3600000,0,user_22,641,641,
5257,5,3600000,0,user_48,641,641,
5219,6,3500000,0,user_16,641,641,
5250,7,3200000,0,user_40,641,641,
5232,8,2100000,0,user_28,641,641,
5248,9,2000000,0,user_40,641,641,
5205,10,1600000,0,user_1,641,641,
5236,11,1500000,35600,user_32,641,641,
5256,12,1100000,0,user_46,641,641,
5241,13,970000,0,user_34,641,641,
5247,14,600000,0,user_40,641,641,
5252,15,600000,0,user_43,641,641,
5253,16,600000,0,user_43,641,641,
5215,17,530001,0,user_13,641,641,5212
5217,18,530001,0,user_15,641,641,5212
5206,19,530000,0,user_2,641,641,
5212,20,530000,322000,user_8,641,641,
5213,21,529999,0,user_10,641,641,5212
5216,22,529999,0,user_14,641,641,5212
5207,23,460000,0,user_3,641,641,
5245,24,460000,0,user_36,641,641,
5239,25,360000,60700,user_32,641,641,
5229,26,340000,39400,user_24,641,641,
5233,27,320000,35100,user_29,641,641,
5222,28,310000,73100,user_16,641,641,
5228,29,300000,0,user_23,641,641,
5226,30,240000,0,user_21,641,641,
5238,31,220000,0,user_32,641,641,
5254,32,220000,0,user_44,641,641,
5211,33,160000,0,user_7,641,641,
5231,34,160000,0,user_26,641,641,
5237,35,160000,0,user_32,641,641,
5221,36,150000,0,user_16,641,641,
5259,37,150000,0,user_49,641,641,
5218,38,120000,0,user_16,641,641,
5220,39,120000,256000,user_16,641,641,
5225,40,120000,0,user_20,641,641,
5255,41,110000,0,user_45,641,641,
5260,42,110000,0,user_49,641,641,
5223,43,98000,0,user_17,641,641,
5242,44,87000,16400,user_34,641,641,
5234,45,85000,0,user_30,641,641,
5258,46,83000,0,user_49,641,641,
5235,47,73000,0,user_32,641,641,
5246,48,73000,0,user_37,641,641,
5292,0,6300000,0,user_34,642,642,
5308,1,5200000,0,user_46,642,642,
5291,2,5000000,161000,user_33,642,642,
5262,3,4200000,0,user_1,642,642,
5263,4,2600000,0,user_1,642,642,
5303,5,2600000,0,user_45,642,642,
5282,6,2400000,161000,user_24,642,642,
5311,7,2100000,0,user_49,642,642,
5306,8,1400000,0,user_45,642,642,
5304,9,1100000,0,user_45,642,642,
5295,10,910000,959000,user_38,642,642,
5290,11,670000,0,user_32,642,642,
5287,12,630000,0,user_27,642,642,
5299,13,600000,0,user_41,642,642,
5305,14,470000,0,user_45,642,642,
5277,15,420000,0,user_17,642,642,
5280,16,420000,12800,user_23,642,642,
5297,17,350000,0,user_39,642,642,
5301,18,350000,0,user_43,642,642,
5278,19,320000,0,user_18,642,642,
5310,20,320000,0,user_47,642,642,
5281,21,310000,14200,user_23,642,642,
5307,22,310000,0,user_45,642,642,
5265,23,300001,0,user_4,642,642,5264
5266,24,300001,0,user_4,642,642,5264
5271,25,300001,0,user_11,642,642,5264
5273,26,300001,0,user_13,642,642,5264
5274,27,300001,0,user_14,642,642,5264
5276,28,300001,0,user_15,642,642,5264
5264,29,300000,18600,user_3,642,642,
5267,30,299999,0,user_6,642,642,5264
5270,31,299999,0,user_10,642,642,5264
5272,32,299999,0,user_12,642,642,5264
5275,33,299999,0,user_15,642,642,5264
5300,34,260000,0,user_42,642,642,
5286,35,240000,0,user_27,642,642,
5284,36,220000,0,user_26,642,642,
5279,37,160000,0,user_22,642,642,
5285,38,160000,164000,user_26,642,642,
5288,39,160000,0,user_30,642,642,
5289,40,150000,0,user_30,642,642,
5309,41,150000,381000,user_46,642,642,
5283,42,110000,0,user_25,642,642,
5261,43,85000,0,user_0,642,642,
5296,44,84000,64600,user_38,642,642,
5302,45,82000,0,user_43,642,642,
5332,0,27000000,0,user_16,643,643,
5362,1,5000000,12800,user_48,643,643,
5350,2,3600000,0,user_28,643,643,
5344,3,3200000,12800,user_22,643,643,
5363,4,2500000,0,user_48,643,643,
5352,5,2100000,0,user_30,643,643,
5348,6,2000000,0,user_27,643,643,
5312,7,1500000,0,user_0,643,643,
5349,8,1500000,164000,user_28,643,643,
5334,9,1400000,0,user_16,643,643,
5337,10,1100000,0,user_20,643,643,
5341,11,910000,0,user_20,643,643,
5343,12,870000,0,user_22,643,643,
5315,13,600000,0,user_1,643,643,
5319,14,470001,0,user_2,643,643,5316
5320,15,470001,0,user_2,643,643,5316
5325,16,470001,0,user_8,643,643,5316
5326,17,470001,0,user_9,643,643,5316
5328,18,470001,0,user_10,643,643,5316
5330,19,470001,0,user_12,643,643,5316
5316,20,470000,369000,user_1,643,643,
5317,21,469999,0,user_1,643,643,5316
5318,22,469999,0,user_1,643,643,5316
5321,23,469999,0,user_2,643,643,5316
5322,24,469999,0,user_3,643,643,5316
5324,25,469999,0,user_7,643,643,5316
5327,26,469999,0,user_10,643,643,5316
5331,27,469999,0,user_14,643,643,5316
5353,28,460000,0,user_33,643,643,
5335,29,260000,0,user_16,643,643,
5361,30,260000,0,user_47,643,643,
5314,31,220000,0,user_1,643,643,
5342,32,220000,0,user_21,643,643,
5360,33,220000,0,user_45,643,643,
5347,34,170000,0,user_26,643,643,
5333,35,160000,0,user_16,643,643,
5356,36,160000,0,user_37,643,643,
5345,37,150000,0,user_24,643,643,
5354,38,150000,0,user_35,643,643,
5355,39,150000,0,user_35,643,643,
5338,40,130000,0,user_20,643,643,
5340,41,130000,108000,user_20,643,643,
5336,42,120000,0,user_18,643,643,
5359,43,120000,35100,user_45,643,643,
5339,44,110000,0,user_20,643,643,
5351,45,110000,0,user_29,643,643,
5313,46,100000,0,user_0,643,643,
5357,47,85000,56200,user_37,643,643,
5346,48,79000,0,user_26,643,643,
5358,49,79000,0,user_38,643,643,
5424,0,6100000,24700,user_49,644,644,
5415,1,5000000,0,user_42,644,644,
5421,2,4500000,0,user_46,644,644,
5388,3,3600000,0,user_18,644,644,
5404,4,3500000,0,user_34,644,644,
5407,5,3200000,0,user_36,644,644,
5402,6,2500000,0,user_31,644,644,
5409,7,2500000,0,user_37,644,644,
5400,8,1800000,0,user_29,644,644,
5408,9,1700000,0,user_36,644,644,
5391,10,1600000,0,user_20,644,644,
5393,11,1600000,0,user_22,644,644,
5395,12,1600000,0,user_25,644,644,
5392,13,1500000,46500,user_22,644,644,
5419,14,1500000,0,user_45,644,644,
5397,15,1000000,0,user_27,644,644,
5413,16,1000000,0,user_40,644,644,
5401,17,870000,0,user_30,644,644,
5423,18,530000,0,user_48,644,644,
5405,19,460000,231000,user_35,644,644,
5414,20,460000,0,user_41,644,644,
5416,21,460000,0,user_43,644,644,
5390,22,360000,0,user_20,644,644,
5417,23,360000,0,user_43,644,644,
5387,24,310000,84800,user_17,644,644,
5403,25,240000,0,user_32,644,644,
5418,26,220000,0,user_44,644,644,
5385,27,160000,0,user_16,644,644,
5399,28,160000,0,user_28,644,644,
5389,29,150000,0,user_18,644,644,
5406,30,120000,0,user_35,644,644,
5365,31,110001,0,user_2,644,644,5364
5368,32,110001,0,user_5,644,644,5364
5369,33,110001,0,user_5,644,644,5364
5370,34,110001,0,user_5,644,644,5364
5371,35,110001,0,user_5,644,644,5364
5373,36,110001,0,user_6,644,644,5364
5384,37,110001,0,user_15,644,644,5364
5364,38,110000,146000,user_0,644,644,
5366,39,109999,0,user_2,644,644,5364
5367,40,109999,0,user_4,644,644,5364
5372,41,109999,0,user_5,644,644,5364
5374,42,109999,0,user_6,644,644,5364
5378,43,109999,0,user_10,644,644,5364
5382,44,109999,0,user_14,644,644,5364
5383,45,109999,0,user_15,644,644,5364
5412,46,98000,0,user_40,644,644,
5411,47,83000,0,user_39,644,644,
5420,48,83000,0,user_46,644,644,
5398,49,79000,0,user_28,644,644,
5386,50,77000,0,user_16,644,644,
5478,0,3600000,0,user_39,645,645,
5482,1,3500000,0,user_46,645,645,
5457,2,2000000,0,user_23,645,645,
5477,3,2000000,0,user_39,645,645,
5426,4,1900000,0,user_2,645,645,
5467,5,1900000,0,user_29,645,645,
5451,6,1600000,0,user_19,645,645,
5425,7,1500000,0,user_1,645,645,
5448,8,1400000,0,user_17,645,645,
5465,9,1400000,17700000,user_29,645,645,
5466,10,1300000,164000,user_29,645,645,
5479,11,1200000,7190000,user_43,645,645,
5450,12,1100000,13900,user_19,645,645,
5427,13,1000000,0,user_4,645,645,
5460,14,970000,0,user_25,645,645,
5474,15,970000,0,user_37,645,645,
5469,16,910000,0,user_31,645,645,
5453,17,870000,0,user_21,645,645,
5484,18,670000,0,user_47,645,645,
5476,19,530000,0,user_39,645,645,
5431,20,460001,0,user_5,645,645,5428
5433,21,460001,0,user_7,645,645,5428
5438,22,460001,0,user_12,645,645,5428
5439,23,460001,0,user_13,645,645,5428
5441,24,460001,0,user_13,645,645,5428
5442,25,460001,0,user_13,645,645,5428
5445,26,460001,0,user_15,645,645,5428
5446,27,460001,0,user_15,645,645,5428
5428,28,460000,47700,user_4,645,645,
5456,29,460000,0,user_23,645,645,
5429,30,459999,0,user_4,645,645,5428
5430,31,459999,0,user_4,645,645,5428
5432,32,459999,0,user_6,645,645,5428
5436,33,459999,0,user_10,645,645,5428
5437,34,459999,0,user_11,645,645,5428
5440,35,459999,0,user_13,645,645,5428
5443,36,459999,0,user_13,645,645,5428
5444,37,459999,0,user_14,645,645,5428
5454,38,370000,0,user_22,645,645,
5473,39,370000,0,user_36,645,645,
5483,40,320000,0,user_46,645,645,
5458,41,310000,0,user_24,645,645,
5470,42,310000,0,user_32,645,645,
5447,43,260000,0,user_16,645,645,
5461,44,260000,0,user_25,645,645,
5480,45,260000,0,user_44,645,645,
5463,46,220000,0,user_28,645,645,
5475,47,220000,0,user_39,645,645,
5468,48,170000,0,user_29,645,645,
5462,49,160000,0,user_25,645,645,
5449,50,150000,0,user_18,645,645,
5452,51,150000,0,user_20,645,645,
5485,52,150000,0,user_49,645,645,
5455,53,110000,0,user_23,645,645,
5481,54,110000,0,user_45,645,645,
5464,55,84000,0,user_29,645,645,
5459,56,80000,0,user_25,645,645,
5471,57,80000,0,user_32,645,645,
5535,0,27000000,0,user_41,646,646,
5519,1,4500000,0,user_32,646,646,
5503,2,3600000,0,user_16,646,646,
5504,3,3200000,0,user_17,646,646,
5510,4,3200000,0,user_23,646,646,
5541,5,2600000,0,user_48,646,646,
5532,6,2400000,0,user_39,646,646,
5520,7,2100000,0,user_32,646,646,
5530,8,2100000,31700,user_38,646,646,
5521,9,1900000,60700,user_32,646,646,
5538,10,1900000,0,user_46,646,646,
5506,11,1600000,0,user_19,646,646,
5487,12,1500000,0,user_1,646,646,
5515,13,1400000,0,user_28,646,646,
5511,14,1100000,0,user_25,646,646,
5512,15,1000000,0,user_25,646,646,
5516,16,1000000,0,user_28,646,646,
5522,17,1000000,0,user_32,646,646,
5531,18,1000000,0,user_39,646,646,
5534,19,1000000,0,user_41,646,646,
5527,20,970000,0,user_36,646,646,
5509,21,870000,0,user_23,646,646,
5528,22,470000,67900,user_36,646,646,
5486,23,460000,0,user_0,646,646,
5495,24,320001,0,user_7,646,646,5489
5489,25,320000,322000,user_2,646,646,
5490,26,319999,0,user_2,646,646,5489
5491,27,319999,0,user_2,646,646,5489
5492,28,319999,0,user_2,646,646,5489
5493,29,319999,0,user_2,646,646,5489
5494,30,319999,0,user_4,646,646,5489
5496,31,319999,0,user_10,646,646,5489
5497,32,319999,0,user_11,646,646,5489
5498,33,319999,0,user_12,646,646,5489
5499,34,319999,0,user_14,646,646,5489
5500,35,319999,0,user_15,646,646,5489
5513,36,260000,0,user_26,646,646,
5501,37,220000,60700,user_16,646,646,
5507,38,220000,0,user_20,646,646,
5514,39,220000,0,user_27,646,646,
5529,40,220000,0,user_36,646,646,
5502,41,170000,0,user_16,646,646,
5540,42,160000,0,user_48,646,646,
5488,43,150000,0,user_1,646,646,
5524,44,150000,0,user_33,646,646,
5518,45,120000,0,user_31,646,646,
5505,46,110000,0,user_19,646,646,
5523,47,110000,0,user_32,646,646,
5508,48,84000,0,user_20,646,646,
5517,49,83000,0,user_31,646,646,
5539,50,79000,19700,user_46,646,646,
5526,51,73000,0,user_36,646,646,
5536,52,73000,13900,user_43,646,646,
5537,53,73000,0,user_45,646,646,
5579,0,19000000,0,user_45,647,647,
5545,1,5000000,0,user_2,647,647,
5542,2,4500000,0,user_0,647,647,
5573,3,4200000,0,user_38,647,647,
5558,4,2600000,0,user_19,647,647,
5562,5,2300000,0,user_24,647,647,
5584,6,2000000,0,user_48,647,647,
5586,7,2000000,71800,user_49,647,647,
5563,8,1900000,0,user_25,647,647,
5583,9,1800000,71800,user_47,647,647,
5559,10,1700000,66100,user_22,647,647,
5568,11,1600000,36800,user_34,647,647,
5571,12,1500000,410000,user_37,647,647,
5550,13,1300001,0,user_7,647,647,5546
5555,14,1300001,0,user_14,647,647,5546
5546,15,1300000,66100,user_4,647,647,
5547,16,1299999,0,user_4,647,647,5546
5548,17,1299999,0,user_4,647,647,5546
5549,18,1299999,0,user_7,647,647,5546
5552,19,1299999,0,user_11,647,647,5546
5553,20,1299999,0,user_12,647,647,5546
5554,21,1299999,0,user_13,647,647,5546
5556,22,1299999,0,user_15,647,647,5546
5561,23,1100000,0,user_24,647,647,
5575,24,660000,3130,user_39,647,647,
5564,25,370000,0,user_30,647,647,
5560,26,360000,0,user_23,647,647,
5576,27,360000,959000,user_42,647,647,
5585,28,360000,0,user_49,647,647,
5566,29,260000,0,user_32,647,647,
5580,30,220000,0,user_46,647,647,
5565,31,160000,0,user_30,647,647,
5578,32,150000,32900,user_44,647,647,
5570,33,120000,0,user_37,647,647,
5574,34,120000,16400,user_38,647,647,
5544,35,110000,0,user_1,647,647,
5557,36,110000,16400,user_17,647,647,
5582,37,110000,0,user_46,647,647,
5567,38,98000,545000,user_33,647,647,
5577,39,87000,0,user_43,647,647,
5543,40,84000,0,user_1,647,647,
5572,41,79000,0,user_37,647,647,
5581,42,70000,0,user_46,647,647,
3746,0,30000000,0,user_47,648,648,
3731,1,27000000,0,user_32,648,648,
3700,2,6300001,0,user_5,648,648,3699
3703,3,6300001,0,user_8,648,648,3699
3704,4,6300001,0,user_9,648,648,3699
3705,5,6300001,0,user_10,648,648,3699
3706,6,6300001,0,user_10,648,648,3699
3710,7,6300001,0,user_12,648,648,3699
3711,8,6300001,0,user_12,648,648,3699
3712,9,6300001,0,user_14,648,648,3699
3714,10,6300001,0,user_15,648,648,3699
3699,11,6300000,13800,user_5,648,648,
3701,12,6299999,0,user_7,648,648,3699
3702,13,6299999,0,user_8,648,648,3699
3707,14,6299999,0,user_10,648,648,3699
3708,15,6299999,0,user_10,648,648,3699
3709,16,6299999,0,user_10,648,648,3699
3713,17,6299999,0,user_15,648,648,3699
3719,18,4500000,0,user_21,648,648,
3736,19,4500000,0,user_37,648,648,
3730,20,3500000,0,user_31,648,648,
3747,21,1600000,155000,user_48,648,648,
3718,22,1500000,0,user_19,648,648,
3722,23,1500000,0,user_24,648,648,
3735,24,1500000,0,user_36,648,648,
3740,25,1500000,0,user_40,648,648,
3741,26,1400000,7840,user_40,648,648,
3723,27,650000,8520,user_25,648,648,
3727,28,600000,0,user_29,648,648,
3743,29,530000,0,user_44,648,648,
3748,30,420000,0,user_48,648,648,
3732,31,360000,0,user_32,648,648,
3742,32,350000,0,user_43,648,648,
3715,33,190000,0,user_16,648,648,
3697,34,170000,0,user_4,648,648,
3698,35,130000,0,user_5,648,648,
3725,36,120000,510000,user_27,648,648,
3744,37,110000,100000,user_45,648,648,
3724,38,100000,0,user_26,648,648,
3729,39,80000,0,user_31,648,648,
3745,40,80000,0,user_46,648,648,
3739,41,79000,0,user_39,648,648,
3726,42,77000,5180,user_27,648,648,
3750,0,43000000,0,user_1,649,649,
3772,1,6300000,0,user_21,649,649,
3769,2,4200000,0,user_16,649,649,
3788,3,4200000,0,user_38,649,649,
3795,4,4200000,0,user_48,649,649,
3790,5,3600000,0,user_42,649,649,
3794,6,3500000,0,user_45,649,649,
3777,7,2500000,0,user_26,649,649,
3752,8,2400000,0,user_1,649,649,
3792,9,2100000,0,user_43,649,649,
3762,10,2000001,0,user_6,649,649,3760
3764,11,2000001,0,user_10,649,649,3760
3765,12,2000001,0,user_10,649,649,3760
3766,13,2000001,0,user_12,649,649,3760
3767,14,2000001,0,user_13,649,649,3760
3768,15,2000001,0,user_14,649,649,3760
3749,16,2000000,0,user_0,649,649,
3760,17,2000000,35600,user_6,649,649,
3773,18,2000000,7840,user_22,649,649,
3761,19,1999999,0,user_6,649,649,3760
3763,20,1999999,0,user_7,649,649,3760
3789,21,1600000,0,user_39,649,649,
3781,22,1400000,0,user_34,649,649,
3780,23,1200000,0,user_30,649,649,
3758,24,1100000,0,user_5,649,649,
3783,25,970000,0,user_36,649,649,
3796,26,660000,0,user_49,649,649,
3779,27,630000,0,user_29,649,649,
3793,28,530000,0,user_43,649,649,
3770,29,420000,0,user_16,649,649,
3774,30,420000,0,user_23,649,649,
3787,31,370000,0,user_38,649,649,
3756,32,320000,0,user_3,649,649,
3753,33,260000,0,user_1,649,649,
3771,34,150000,0,user_17,649,649,
3786,35,150000,381000,user_37,649,649,
3791,36,150000,0,user_42,649,649,
3751,37,130000,0,user_1,649,649,
3775,38,130000,43600,user_24,649,649,
3785,39,130000,0,user_37,649,649,
3754,40,100000,0,user_1,649,649,
3778,41,100000,0,user_27,649,649,
3759,42,98000,0,user_6,649,649,
3784,43,84000,0,user_36,649,649,
3776,44,79000,0,user_25,649,649,
3755,45,77000,0,user_2,649,649,
3757,46,70000,0,user_4,649,649,
3813,0,5000000,0,user_20,650,650,
3832,1,4500000,5180,user_39,650,650,
3822,2,3600000,0,user_32,650,650,
3826,3,2500000,0,user_34,650,650,
3811,4,2000000,0,user_18,650,650,
3817,5,1900000,0,user_26,650,650,
3815,6,1700000,0,user_23,650,650,
3816,7,1500000,12800,user_24,650,650,
3809,8,1400000,0,user_17,650,650,
3818,9,1100000,13900,user_27,650,650,
3830,10,1100000,0,user_38,650,650,
3834,11,1000000,0,user_46,650,650,
3821,12,600000,0,user_32,650,650,
3799,13,460001,0,user_1,650,650,3797
3802,14,460001,0,user_7,650,650,3797
3797,15,460000,10700,user_0,650,650,
3798,16,459999,0,user_1,650,650,3797
3800,17,459999,0,user_3,650,650,3797
3801,18,459999,0,user_5,650,650,3797
3804,19,459999,0,user_10,650,650,3797
3805,20,459999,0,user_12,650,650,3797
3806,21,459999,0,user_13,650,650,3797
3807,22,459999,0,user_14,650,650,3797
3808,23,300000,84800,user_16,650,650,
3820,24,260000,0,user_31,650,650,
3825,25,260000,0,user_34,650,650,
3810,26,170000,0,user_17,650,650,
3819,27,160000,0,user_30,650,650,
3827,28,160000,100000,user_34,650,650,
3824,29,150000,0,user_32,650,650,
3812,30,130000,0,user_19,650,650,
3814,31,120000,0,user_21,650,650,
3823,32,120000,0,user_32,650,650,
3829,33,110000,779000,user_38,650,650,
3831,34,110000,13900,user_38,650,650,
3836,35,83000,121000,user_49,650,650,
3833,36,82000,0,user_45,650,650,
3835,37,70000,0,user_47,650,650,
3856,0,5000000,0,user_18,651,651,
3868,1,3500000,0,user_30,651,651,
3883,2,3500000,42000,user_43,651,651,
3863,3,2300000,0,user_27,651,651,
3885,4,2100000,0,user_47,651,651,
3837,5,2000000,0,user_0,651,651,
3866,6,2000000,0,user_30,651,651,
3872,7,2000000,0,user_34,651,651,
3888,8,2000000,0,user_49,651,651,
3881,9,1900000,0,user_42,651,651,
3880,10,1500000,0,user_41,651,651,
3876,11,1400000,18600,user_37,651,651,
3857,12,1200000,0,user_22,651,651,
3875,13,1100000,31700,user_36,651,651,
3858,14,1000000,0,user_23,651,651,
3884,15,460000,0,user_45,651,651,
3852,16,420000,0,user_16,651,651,
3861,17,360000,0,user_26,651,651,
3854,18,340000,0,user_16,651,651,
3878,19,320000,0,user_39,651,651,
3855,20,300000,0,user_17,651,651,
3871,21,220000,0,user_34,651,651,
3886,22,220000,0,user_48,651,651,
3867,23,160000,15700,user_30,651,651,
3870,24,160000,0,user_32,651,651,
3877,25,160000,0,user_38,651,651,
3840,26,150001,0,user_4,651,651,3838
3841,27,150001,0,user_6,651,651,3838
3843,28,150001,0,user_7,651,651,3838
3847,29,150001,0,user_13,651,651,3838
3849,30,150001,0,user_15,651,651,3838
3838,31,150000,510000,user_2,651,651,
3864,32,150000,0,user_30,651,651,
3839,33,149999,0,user_3,651,651,3838
3842,34,149999,0,user_7,651,651,3838
3845,35,149999,0,user_10,651,651,3838
3846,36,149999,0,user_11,651,651,3838
3848,37,149999,0,user_14,651,651,3838
3850,38,149999,0,user_15,651,651,3838
3869,39,110000,49100,user_31,651,651,
3853,40,85000,0,user_16,651,651,
3887,41,85000,0,user_49,651,651,
3859,42,82000,256000,user_24,651,651,
3882,43,82000,67900,user_42,651,651,
3860,44,80000,0,user_25,651,651,
3862,45,79000,0,user_27,651,651,
3865,46,79000,84800,user_30,651,651,
3851,47,70000,0,user_16,651,651,
3917,0,30000000,0,user_25,652,652,
3902,1,6300000,0,user_16,652,652,
3911,2,4500000,0,user_18,652,652,
3930,3,4200000,0,user_40,652,652,
3908,4,2300000,0,user_17,652,652,
3931,5,2000000,0,user_42,652,652,
3903,6,1900000,121000,user_16,652,652,
3919,7,1900000,0,user_27,652,652,
3904,8,1600000,181000,user_16,652,652,
3927,9,1500000,0,user_37,652,652,
3901,10,1400000,46500,user_16,652,652,
3921,11,1400000,0,user_30,652,652,
3926,12,1400000,13900,user_36,652,652,
3909,13,1100000,0,user_17,652,652,
3905,14,1000000,0,user_16,652,652,
3915,15,530000,0,user_22,652,652,
3914,16,460000,0,user_21,652,652,
3933,17,460000,0,user_44,652,652,
3907,18,420000,0,user_17,652,652,
3928,19,360000,0,user_37,652,652,
3910,20,350000,0,user_17,652,652,
3906,21,320000,0,user_17,652,652,
3925,22,310000,0,user_34,652,652,
3934,23,190000,0,user_44,652,652,
3913,24,170000,0,user_20,652,652,
3893,25,160001,0,user_5,652,652,3889
3899,26,160001,0,user_14,652,652,3889
3889,27,160000,5630,user_0,652,652,
3890,28,159999,0,user_1,652,652,3889
3891,29,159999,0,user_3,652,652,3889
3892,30,159999,0,user_5,652,652,3889
3894,31,159999,0,user_6,652,652,3889
3895,32,159999,0,user_9,652,652,3889
3900,33,159999,0,user_15,652,652,3889
3918,34,150000,0,user_27,652,652,
3920,35,150000,0,user_27,652,652,
3924,36,150000,0,user_32,652,652,
3923,37,120000,0,user_31,652,652,
3935,38,120000,0,user_45,652,652,
3936,39,120000,0,user_45,652,652,
3932,40,110000,0,user_42,652,652,
3922,41,87000,0,user_30,652,652,
3937,42,85000,0,user_46,652,652,
3939,43,77000,0,user_49,652,652,
3984,0,43000000,0,user_42,653,653,
3947,1,27000000,0,user_7,653,653,
3953,2,6300000,0,user_17,653,653,
3945,3,5000000,0,user_5,653,653,
3941,4,4500000,0,user_1,653,653,
3979,5,4200000,18600,user_38,653,653,
3940,6,3200000,0,user_0,653,653,
3944,7,2000000,0,user_3,653,653,
3965,8,2000000,0,user_23,653,653,
3950,9,1600001,0,user_12,653,653,3948
3951,10,1600001,0,user_14,653,653,3948
3963,11,1600000,0,user_22,653,653,
3990,12,1600000,0,user_44,653,653,
3992,13,1600000,0,user_46,653,653,
3949,14,1599999,0,user_11,653,653,3948
3952,15,1599999,0,user_14,653,653,3948
3983,16,1500000,0,user_42,653,653,
3991,17,1500000,0,user_46,653,653,
3959,18,1400000,31700,user_20,653,653,
3986,19,1400000,0,user_42,653,653,
3967,20,1100000,0,user_25,653,653,
3982,21,1100000,0,user_42,653,653,
3954,22,1000000,0,user_17,653,653,
3964,23,1000000,0,user_22,653,653,
3968,24,1000000,0,user_27,653,653,
3942,25,870000,0,user_2,653,653,
3969,26,870000,0,user_29,653,653,
3962,27,670000,0,user_20,653,653,
3960,28,630000,0,user_20,653,653,
3988,29,600000,0,user_44,653,653,
3970,30,470000,0,user_30,653,653,
3974,31,320000,7190000,user_33,653,653,
3957,32,310000,0,user_19,653,653,
3987,33,310000,31700,user_44,653,653,
3973,34,300000,0,user_32,653,653,
3956,35,260000,0,user_18,653,653,
3975,36,240000,0,user_34,653,653,
3966,37,220000,0,user_24,653,653,
3971,38,170000,0,user_32,653,653,
3946,39,160000,0,user_6,653,653,
3985,40,160000,0,user_42,653,653,
3978,41,130000,410000,user_36,653,653,
3972,42,120000,322000,user_32,653,653,
3989,43,100000,0,user_44,653,653,
3976,44,98000,0,user_34,653,653,
3943,45,85000,0,user_3,653,653,
3981,46,84000,0,user_41,653,653,
3955,47,82000,0,user_18,653,653,
3961,48,82000,0,user_20,653,653,
3958,49,79000,0,user_20,653,653,
4015,0,6300000,0,user_24,654,654,
4021,1,5200000,0,user_33,654,654,
4007,2,5000000,0,user_17,654,654,
4035,3,3600000,0,user_44,654,654,
4039,4,3200000,3130,user_49,654,654,
4014,5,2500000,0,user_23,654,654,
4028,6,2400000,0,user_37,654,654,
4030,7,2300000,181000,user_39,654,654,
4040,8,2100000,0,user_49,654,654,
4009,9,2000000,0,user_19,654,654,
4013,10,1500000,0,user_22,654,654,
4017,11,1500000,0,user_26,654,654,
4034,12,1400000,0,user_44,654,654,
4037,13,1400000,0,user_47,654,654,
4018,14,1000000,0,user_28,654,654,
4019,15,870000,68100,user_30,654,654,
4024,16,650000,0,user_33,654,654,
4012,17,630000,0,user_21,654,654,
4033,18,630000,0,user_42,654,654,
4027,19,530000,285000,user_36,654,654,
3993,20,460000,0,user_0,654,654,
4016,21,350000,0,user_25,654,654,
3996,22,310001,0,user_3,654,654,3995
3997,23,310001,0,user_3,654,654,3995
3998,24,310001,0,user_4,654,654,3995
4002,25,310001,0,user_10,654,654,3995
4003,26,310001,0,user_11,654,654,3995
3995,27,310000,256000,user_2,654,654,
3999,28,309999,0,user_5,654,654,3995
4000,29,309999,0,user_6,654,654,3995
4004,30,309999,0,user_12,654,654,3995
4005,31,309999,0,user_15,654,654,3995
4011,32,300000,0,user_20,654,654,
4036,33,220000,0,user_47,654,654,
4020,34,170000,0,user_31,654,654,
4023,35,170000,0,user_33,654,654,
4010,36,130000,0,user_19,654,654,
4022,37,110000,0,user_33,654,654,
4029,38,110000,0,user_38,654,654,
4032,39,110000,0,user_41,654,654,
4038,40,110000,0,user_48,654,654,
3994,41,85000,0,user_2,654,654,
4006,42,85000,0,user_16,654,654,
4026,43,83000,0,user_36,654,654,
4008,44,79000,0,user_18,654,654,
4031,45,70000,0,user_39,654,654,
4071,0,6100000,0,user_29,655,655,
4067,1,5000000,0,user_22,655,655,
4044,2,2500000,0,user_3,655,655,
4073,3,2500000,0,user_32,655,655,
4063,4,2000000,0,user_16,655,655,
4077,5,2000000,0,user_35,655,655,
4078,6,1900000,0,user_36,655,655,
4041,7,1600000,0,user_1,655,655,
4083,8,1500000,0,user_42,655,655,
4075,9,1200000,0,user_34,655,655,
4082,10,1000000,0,user_40,655,655,
4084,11,1000000,0,user_44,655,655,
4089,12,970000,0,user_49,655,655,
4065,13,870000,0,user_19,655,655,
4086,14,530000,0,user_46,655,655,
4076,15,470000,128000,user_34,655,655,
4088,16,460000,0,user_47,655,655,
4069,17,310000,0,user_24,655,655,
4079,18,310000,0,user_37,655,655,
4042,19,240000,0,user_1,655,655,
4087,20,170000,0,user_46,655,655,
4047,21,160001,0,user_3,655,655,4045
4048,22,160001,0,user_4,655,655,4045
4050,23,160001,0,user_6,655,655,4045
4051,24,160001,0,user_7,655,655,4045
4052,25,160001,0,user_8,655,655,4045
4055,26,160001,0,user_12,655,655,4045
4057,27,160001,0,user_12,655,655,4045
4061,28,160001,0,user_15,655,655,4045
4062,29,160001,0,user_15,655,655,4045
4045,30,160000,510000,user_3,655,655,
4046,31,159999,0,user_3,655,655,4045
4049,32,159999,0,user_5,655,655,4045
4054,33,159999,0,user_12,655,655,4045
4056,34,159999,0,user_12,655,655,4045
4058,35,159999,0,user_12,655,655,4045
4060,36,159999,0,user_15,655,655,4045
4043,37,150000,0,user_2,655,655,
4068,38,110000,0,user_22,655,655,
4074,39,110000,0,user_32,655,655,
4064,40,100000,0,user_17,655,655,
4070,41,82000,17000,user_29,655,655,
4066,42,79000,0,user_21,655,655,
4085,43,73000,0,user_45,655,655,
4116,0,30000000,39400,user_30,656,656,
4137,1,30000000,0,user_48,656,656,
4106,2,6100000,0,user_18,656,656,
4124,3,5000000,49100,user_39,656,656,
4118,4,4500000,0,user_34,656,656,
4107,5,4200000,0,user_18,656,656,
4128,6,3500000,0,user_41,656,656,
4132,7,3500000,0,user_45,656,656,
4119,8,2000000,0,user_35,656,656,
4126,9,1500000,0,user_40,656,656,
4135,10,1500000,0,user_45,656,656,
4130,11,1200000,231000,user_44,656,656,
4120,12,1100000,0,user_35,656,656,
4122,13,1100000,11200,user_36,656,656,
4133,14,1000000,0,user_45,656,656,
4112,15,670000,0,user_27,656,656,
4125,16,660000,215000,user_40,656,656,
4138,17,660000,0,user_49,656,656,
4114,18,630000,0,user_28,656,656,
4113,19,600000,0,user_27,656,656,
4134,20,460000,0,user_45,656,656,
4129,21,370000,0,user_42,656,656,
4091,22,340001,0,user_3,656,656,4090
4092,23,340001,0,user_4,656,656,4090
4096,24,340001,0,user_6,656,656,4090
4099,25,340001,0,user_9,656,656,4090
4104,26,340001,0,user_15,656,656,4090
4090,27,340000,369000,user_1,656,656,
4093,28,339999,0,user_4,656,656,4090
4094,29,339999,0,user_5,656,656,4090
4095,30,339999,0,user_6,656,656,4090
4098,31,339999,0,user_9,656,656,4090
4123,32,310000,46500,user_37,656,656,
4121,33,170000,0,user_35,656,656,
4115,34,150000,0,user_29,656,656,
4110,35,120000,0,user_25,656,656,
4105,36,110000,0,user_17,656,656,
4131,37,98000,0,user_45,656,656,
4108,38,87000,769000,user_21,656,656,
4127,39,87000,108000,user_41,656,656,
4136,40,82000,0,user_46,656,656,
4117,41,70000,0,user_32,656,656,
4169,0,2600000,0,user_46,657,657,
4161,1,2300000,0,user_31,657,657,
4155,2,2100000,0,user_22,657,657,
4170,3,2000000,0,user_48,657,657,
4158,4,1900000,410000,user_30,657,657,
4140,5,1600000,0,user_1,657,657,
4154,6,1400000,0,user_19,657,657,
4159,7,1000000,0,user_31,657,657,
4165,8,660000,4320000,user_41,657,657,
4143,9,460001,0,user_6,657,657,4141
4144,10,460001,0,user_8,657,657,4141
4146,11,460001,0,user_10,657,657,4141
4147,12,460001,0,user_10,657,657,4141
4149,13,460001,0,user_14,657,657,4141
4141,14,460000,35600,user_2,657,657,
4142,15,459999,0,user_4,657,657,4141
4145,16,459999,0,user_9,657,657,4141
4148,17,459999,0,user_11,657,657,4141
4150,18,459999,0,user_15,657,657,4141
4153,19,340000,35100,user_19,657,657,
4160,20,320000,0,user_31,657,657,
4163,21,150000,0,user_36,657,657,
4171,22,150000,0,user_49,657,657,
4139,23,120000,0,user_1,657,657,
4164,24,110000,0,user_39,657,657,
4156,25,98000,0,user_27,657,657,
4162,26,98000,71800,user_33,657,657,
4166,27,77000,0,user_41,657,657,
4212,0,43000000,0,user_41,658,658,
4175,1,30000001,0,user_3,658,658,4173
4177,2,30000001,0,user_6,658,658,4173
4178,3,30000001,0,user_6,658,658,4173
4179,4,30000001,0,user_8,658,658,4173
4181,5,30000001,0,user_8,658,658,4173
4185,6,30000001,0,user_10,658,658,4173
4186,7,30000001,0,user_12,658,658,4173
4188,8,30000001,0,user_12,658,658,4173
4189,9,30000001,0,user_12,658,658,4173
4192,10,30000001,0,user_15,658,658,4173
4173,11,30000000,10700,user_2,658,658,
4174,12,29999999,0,user_3,658,658,4173
4176,13,29999999,0,user_4,658,658,4173
4180,14,29999999,0,user_8,658,658,4173
4182,15,29999999,0,user_8,658,658,4173
4183,16,29999999,0,user_8,658,658,4173
4184,17,29999999,0,user_9,658,658,4173
4187,18,29999999,0,user_12,658,658,4173
4190,19,29999999,0,user_12,658,658,4173
4213,20,6100000,0,user_42,658,658,
4201,21,3500000,0,user_23,658,658,
4206,22,3500000,0,user_31,658,658,
4195,23,2300000,0,user_16,658,658,
4209,24,1500000,0,user_38,658,658,
4210,25,1400000,0,user_39,658,658,
4198,26,1200000,0,user_18,658,658,
4204,27,600000,0,user_28,658,658,
4205,28,470000,0,user_30,658,658,
4196,29,420000,0,user_16,658,658,
4208,30,420000,0,user_37,658,658,
4193,31,170000,0,user_16,658,658,
4217,32,170000,769000,user_49,658,658,
4211,33,160000,0,user_40,658,658,
4197,34,150000,0,user_16,658,658,
4200,35,150000,0,user_20,658,658,
4194,36,120000,0,user_16,658,658,
4207,37,120000,0,user_35,658,658,
4214,38,120000,0,user_43,658,658,
4202,39,79000,0,user_24,658,658,
4199,40,77000,0,user_20,658,658,
4249,0,30000000,12300,user_32,659,659,
4254,1,19000000,369000,user_34,659,659,
4267,2,19000000,0,user_48,659,659,
4234,3,6300000,231000,user_17,659,659,
4247,4,6300000,12800,user_29,659,659,
4241,5,4500000,0,user_26,659,659,
4246,6,3600000,0,user_29,659,659,
4244,7,2600000,0,user_28,659,659,
4237,8,2300000,0,user_20,659,659,
4232,9,2100000,0,user_16,659,659,
4264,10,1800000,24700,user_44,659,659,
4266,11,1600000,0,user_47,659,659,
4253,12,1500000,0,user_34,659,659,
4236,13,1300000,0,user_19,659,659,
4230,14,1100000,0,user_16,659,659,
4243,15,1000000,0,user_27,659,659,
4250,16,1000000,0,user_34,659,659,
4259,17,1000000,0,user_39,659,659,
4240,18,910000,0,user_24,659,659,
4233,19,670000,36800,user_16,659,659,
4256,20,670000,0,user_36,659,659,
4242,21,660000,0,user_26,659,659,
4235,22,420000,0,user_17,659,659,
4263,23,420000,0,user_43,659,659,
4239,24,260000,0,user_23,659,659,
4251,25,220000,0,user_34,659,659,
4220,26,170001,0,user_3,659,659,4218
4223,27,170001,0,user_7,659,659,4218
4226,28,170001,0,user_10,659,659,4218
4227,29,170001,0,user_11,659,659,4218
4218,30,170000,68100,user_0,659,659,
4231,31,170000,0,user_16,659,659,
4257,32,170000,12300,user_37,659,659,
4219,33,169999,0,user_1,659,659,4218
4221,34,169999,0,user_3,659,659,4218
4222,35,169999,0,user_4,659,659,4218
4228,36,169999,0,user_15,659,659,4218
4229,37,150000,0,user_16,659,659,
4238,38,150000,0,user_21,659,659,
4261,39,150000,0,user_41,659,659,
4262,40,120000,0,user_42,659,659,
4245,41,110000,0,user_28,659,659,
4252,42,110000,0,user_34,659,659,
4265,43,100000,0,user_46,659,659,
4248,44,87000,146000,user_31,659,659,
4258,45,82000,0,user_38,659,659,
4311,0,30000000,0,user_32,660,660,
4270,1,27000001,0,user_6,660,660,4269
4271,2,27000001,0,user_6,660,660,4269
4273,3,27000001,0,user_7,660,660,4269
4276,4,27000001,0,user_9,660,660,4269
4277,5,27000001,0,user_9,660,660,4269
4278,6,27000001,0,user_9,660,660,4269
4281,7,27000001,0,user_10,660,660,4269
4282,8,27000001,0,user_10,660,660,4269
4284,9,27000001,0,user_11,660,660,4269
4286,10,27000001,0,user_14,660,660,4269
4269,11,27000000,195000,user_6,660,660,
4298,12,27000000,0,user_24,660,660,
4324,13,27000000,0,user_46,660,660,
4272,14,26999999,0,user_7,660,660,4269
4274,15,26999999,0,user_8,660,660,4269
4275,16,26999999,0,user_9,660,660,4269
4279,17,26999999,0,user_9,660,660,4269
4280,18,26999999,0,user_10,660,660,4269
4283,19,26999999,0,user_10,660,660,4269
4285,20,26999999,0,user_13,660,660,4269
4323,21,19000000,0,user_45,660,660,
4304,22,5000000,0,user_29,660,660,
4294,23,4200000,0,user_22,660,660,
4302,24,4200000,0,user_28,660,660,
4317,25,3600000,0,user_39,660,660,
4309,26,3500000,0,user_31,660,660,
4296,27,3200000,0,user_23,660,660,
4319,28,2600000,0,user_42,660,660,
4321,29,2600000,0,user_44,660,660,
4305,30,1800000,0,user_29,660,660,
4308,31,1700000,594000,user_31,660,660,
4303,32,1400000,0,user_29,660,660,
4316,33,1400000,0,user_39,660,660,
4292,34,1300000,5180,user_19,660,660,
4297,35,1100000,0,user_23,660,660,
4290,36,660000,0,user_18,660,660,
4313,37,650000,10700,user_37,660,660,
4301,38,600000,0,user_27,660,660,
4306,39,460000,0,user_29,660,660,
4310,40,310000,296000,user_32,660,660,
4315,41,220000,0,user_39,660,660,
4312,42,190000,0,user_35,660,660,
4295,43,170000,0,user_22,660,660,
4299,44,170000,0,user_24,660,660,
4287,45,130000,0,user_16,660,660,
4268,46,120000,0,user_4,660,660,
4318,47,120000,42000,user_42,660,660,
4289,48,110000,0,user_17,660,660,
4314,49,110000,0,user_38,660,660,
4300,50,100000,0,user_26,660,660,
4288,51,87000,0,user_16,660,660,
4291,52,82000,0,user_19,660,660,
4322,53,77000,0,user_45,660,660,
4341,0,6100000,0,user_16,661,661,
4368,1,6100000,381000,user_43,661,661,
4379,2,6100000,0,user_49,661,661,
4359,3,5200000,0,user_35,661,661,
4352,4,5000000,0,user_29,661,661,
4346,5,4500000,0,user_21,661,661,
4370,6,3600000,0,user_43,661,661,
4333,7,3500001,0,user_8,661,661,4332
4334,8,3500001,0,user_8,661,661,4332
4335,9,3500001,0,user_10,661,661,4332
4336,10,3500001,0,user_11,661,661,4332
4340,11,3500001,0,user_15,661,661,4332
4332,12,3500000,84800,user_6,661,661,
4338,13,3499999,0,user_13,661,661,4332
4339,14,3499999,0,user_14,661,661,4332
4350,15,2600000,0,user_27,661,661,
4376,16,2600000,283000,user_46,661,661,
4369,17,2500000,0,user_43,661,661,
4373,18,2000000,0,user_46,661,661,
4349,19,1800000,128000,user_23,661,661,
4348,20,1600000,0,user_23,661,661,
4351,21,1600000,0,user_28,661,661,
4328,22,1500000,0,user_3,661,661,
4364,23,1500000,0,user_37,661,661,
4329,24,1400000,0,user_4,661,661,
4371,25,1400000,24700,user_45,661,661,
4342,26,1000000,0,user_17,661,661,
4363,27,1000000,56200,user_37,661,661,
4327,28,600000,0,user_1,661,661,
4355,29,600000,0,user_31,661,661,
4353,30,470000,0,user_29,661,661,
4345,31,460000,0,user_21,661,661,
4344,32,350000,0,user_20,661,661,
4374,33,350000,0,user_46,661,661,
4330,34,340000,0,user_4,661,661,
4331,35,340000,0,user_6,661,661,
4366,36,320000,0,user_39,661,661,
4377,37,320000,0,user_46,661,661,
4362,38,310000,18600,user_37,661,661,
4343,39,170000,0,user_18,661,661,
4358,40,160000,0,user_34,661,661,
4347,41,150000,0,user_22,661,661,
4372,42,150000,0,user_45,661,661,
4361,43,120000,0,user_37,661,661,
4326,44,110000,0,user_0,661,661,
4360,45,110000,0,user_37,661,661,
4354,46,98000,0,user_30,661,661,
4357,47,83000,0,user_33,661,661,
4365,48,82000,0,user_38,661,661,
4375,49,77000,0,user_46,661,661,
4382,0,27000000,0,user_2,662,662,
4410,1,27000000,0,user_22,662,662,
4421,2,19000000,0,user_30,662,662,
4383,3,6100000,0,user_3,662,662,
4414,4,6100000,0,user_26,662,662,
4381,5,5200000,0,user_1,662,662,
4418,6,4500000,350000,user_29,662,662,
4412,7,3600000,0,user_23,662,662,
4408,8,3500000,0,user_18,662,662,
4427,9,3500000,0,user_36,662,662,
4429,10,3200000,0,user_40,662,662,
4423,11,2600000,64600,user_34,662,662,
4380,12,2400000,0,user_0,662,662,
4431,13,2000000,0,user_43,662,662,
4425,14,1600000,0,user_35,662,662,
4428,15,1600000,0,user_39,662,662,
4435,16,1600000,545000,user_47,662,662,
4415,17,970000,0,user_27,662,662,
4417,18,970000,0,user_28,662,662,
4413,19,870000,0,user_24,662,662,
4416,20,650000,0,user_28,662,662,
4411,21,600000,0,user_22,662,662,
4426,22,600000,0,user_36,662,662,
4406,23,420000,0,user_16,662,662,
4420,24,420000,35100,user_30,662,662,
4424,25,420000,36800,user_34,662,662,
4433,26,310000,0,user_45,662,662,
4409,27,260000,0,user_21,662,662,
4436,28,190000,0,user_49,662,662,
4407,29,160000,0,user_18,662,662,
4422,30,160000,0,user_30,662,662,
4434,31,150000,0,user_46,662,662,
4432,32,120000,0,user_43,662,662,
4419,33,110000,0,user_30,662,662,
4387,34,79001,0,user_7,662,662,4384
4388,35,79001,0,user_8,662,662,4384
4392,36,79001,0,user_10,662,662,4384
4393,37,79001,0,user_10,662,662,4384
4396,38,79001,0,user_12,662,662,4384
4398,39,79001,0,user_12,662,662,4384
4400,40,79001,0,user_13,662,662,4384
4402,41,79001,0,user_13,662,662,4384
4403,42,79001,0,user_13,662,662,4384
4389,43,78999,0,user_9,662,662,4384
4390,44,78999,0,user_10,662,662,4384
4391,45,78999,0,user_10,662,662,4384
4394,46,78999,0,user_12,662,662,4384
4395,47,78999,0,user_12,662,662,4384
4397,48,78999,0,user_12,662,662,4384
4399,49,78999,0,user_13,662,662,4384
4401,50,78999,0,user_13,662,662,4384
4404,51,78999,0,user_14,662,662,4384
4405,52,78999,0,user_15,662,662,4384
4463,0,27000000,0,user_25,663,663,
4474,1,5000000,0,user_35,663,663,
4482,2,4500000,0,user_40,663,663,
4466,3,3600000,0,user_27,663,663,
4490,4,2400000,0,user_49,663,663,
4461,5,2300000,32900,user_24,663,663,
4484,6,2000000,0,user_44,663,663,
4437,7,1800000,0,user_0,663,663,
4483,8,1700000,23500,user_42,663,663,
4455,9,1500000,0,user_16,663,663,
4462,10,1500000,0,user_24,663,663,
4476,11,1400000,0,user_37,663,663,
4489,12,1400000,0,user_49,663,663,
4468,13,1300000,4320000,user_29,663,663,
4472,14,1200000,0,user_33,663,663,
4457,15,1100000,0,user_20,663,663,
4481,16,1100000,84800,user_39,663,663,
4478,17,1000000,0,user_39,663,663,
4491,18,670000,13800,user_49,663,663,
4467,19,470000,0,user_28,663,663,
4487,20,460000,0,user_47,663,663,
4475,21,420000,0,user_37,663,663,
4480,22,420000,0,user_39,663,663,
4486,23,370000,0,user_46,663,663,
4471,24,260000,0,user_32,663,663,
4470,25,220000,0,user_31,663,663,
4464,26,160000,0,user_26,663,663,
4479,27,160000,0,user_39,663,663,
4456,28,150000,181000,user_19,663,663,
4485,29,150000,350000,user_45,663,663,
4439,30,120001,0,user_3,663,663,4438
4440,31,120001,0,user_4,663,663,4438
4441,32,120001,0,user_6,663,663,4438
4444,33,120001,0,user_8,663,663,4438
4445,34,120001,0,user_9,663,663,4438
4451,35,120001,0,user_12,663,663,4438
4452,36,120001,0,user_12,663,663,4438
4453,37,120001,0,user_14,663,663,4438
4438,38,120000,16400,user_3,663,663,
4442,39,119999,0,user_6,663,663,4438
4443,40,119999,0,user_8,663,663,4438
4446,41,119999,0,user_10,663,663,4438
4448,42,119999,0,user_12,663,663,4438
4449,43,119999,0,user_12,663,663,4438
4450,44,119999,0,user_12,663,663,4438
4454,45,110000,0,user_16,663,663,
4488,46,84000,0,user_49,663,663,
4477,47,82000,0,user_39,663,663,
4465,48,77000,0,user_26,663,663,
4535,0,27000000,0,user_40,664,664,
4520,1,19000000,67900,user_27,664,664,
4519,2,6100000,0,user_26,664,664,
4537,3,5200000,67500,user_41,664,664,
4546,4,5000000,0,user_47,664,664,
4548,5,4500000,0,user_48,664,664,
4532,6,4200000,0,user_36,664,664,
4549,7,3500000,146000,user_49,664,664,
4528,8,2600000,0,user_33,664,664,
4494,9,2300000,0,user_3,664,664,
4521,10,1800000,0,user_28,664,664,
4523,11,1700000,0,user_30,664,664,
4501,12,1500000,0,user_6,664,664,
4526,13,1500000,3130,user_30,664,664,
4529,14,1500000,0,user_34,664,664,
4539,15,1400000,181000,user_43,664,664,
4514,16,1100000,0,user_22,664,664,
4533,17,1100000,0,user_36,664,664,
4512,18,1000000,0,user_19,664,664,
4495,19,970000,0,user_4,664,664,
4545,20,870000,0,user_47,664,664,
4516,21,650000,0,user_24,664,664,
4544,22,630000,17000,user_47,664,664,
4530,23,600000,5180,user_34,664,664,
4524,24,470000,0,user_30,664,664,
4541,25,470000,0,user_44,664,664,
4500,26,460000,0,user_6,664,664,
4547,27,460000,42000,user_47,664,664,
4493,28,420000,0,user_2,664,664,
4525,29,360000,0,user_30,664,664,
4492,30,320000,0,user_2,664,664,
4527,31,320000,14200,user_31,664,664,
4498,32,300000,0,user_5,664,664,
4515,33,300000,0,user_23,664,664,
4497,34,220000,0,user_5,664,664,
4522,35,220000,0,user_28,664,664,
4536,36,220000,36800,user_40,664,664,
4513,37,190000,0,user_20,664,664,
4505,38,150001,0,user_10,664,664,4502
4511,39,150001,0,user_15,664,664,4502
4502,40,150000,381000,user_6,664,664,
4503,41,149999,0,user_6,664,664,4502
4504,42,149999,0,user_8,664,664,4502
4506,43,149999,0,user_11,664,664,4502
4508,44,149999,0,user_14,664,664,4502
4509,45,149999,0,user_14,664,664,4502
4510,46,149999,0,user_14,664,664,4502
4543,47,110000,19700,user_47,664,664,
4540,48,87000,0,user_43,664,664,
4496,49,77000,0,user_4,664,664,
4499,50,73000,0,user_6,664,664,
4517,51,70000,18600,user_24,664,664,
4602,0,19000000,0,user_47,665,665,
4596,1,6100000,0,user_38,665,665,
4578,2,5000000,0,user_19,665,665,
4598,3,5000000,0,user_40,665,665,
4555,4,2400001,0,user_1,665,665,4554
4557,5,2400001,0,user_1,665,665,4554
4558,6,2400001,0,user_4,665,665,4554
4559,7,2400001,0,user_5,665,665,4554
4562,8,2400001,0,user_9,665,665,4554
4563,9,2400001,0,user_9,665,665,4554
4564,10,2400001,0,user_10,665,665,4554
4568,11,2400001,0,user_12,665,665,4554
4570,12,2400001,0,user_12,665,665,4554
4571,13,2400001,0,user_13,665,665,4554
4554,14,2400000,36800,user_1,665,665,
4556,15,2399999,0,user_1,665,665,4554
4565,16,2399999,0,user_10,665,665,4554
4566,17,2399999,0,user_11,665,665,4554
4567,18,2399999,0,user_12,665,665,4554
4569,19,2399999,0,user_12,665,665,4554
4572,20,2399999,0,user_14,665,665,4554
4594,21,1800000,594000,user_35,665,665,
4573,22,1600000,0,user_16,665,665,
4603,23,1500000,0,user_48,665,665,
4590,24,1400000,0,user_31,665,665,
4588,25,1300000,0,user_29,665,665,
4575,26,1200000,0,user_19,665,665,
4582,27,1100000,0,user_22,665,665,
4587,28,1000000,0,user_26,665,665,
4592,29,1000000,0,user_34,665,665,
4589,30,970000,3130,user_30,665,665,
4553,31,630000,0,user_1,665,665,
4576,32,630000,350000,user_19,665,665,
4597,33,460000,0,user_39,665,665,
4552,34,360000,0,user_0,665,665,
4574,35,360000,0,user_17,665,665,
4581,36,220000,84800,user_21,665,665,
4600,37,220000,0,user_44,665,665,
4550,38,170000,0,user_0,665,665,
4584,39,120000,0,user_23,665,665,
4577,40,110000,100000,user_19,665,665,
4593,41,110000,164000,user_34,665,665,
4586,42,100000,0,user_25,665,665,
4591,43,98000,0,user_34,665,665,
4551,44,87000,0,user_0,665,665,
4583,45,82000,0,user_22,665,665,
4599,46,79000,0,user_41,665,665,
4604,47,79000,0,user_48,665,665,
4601,48,77000,285000,user_45,665,665,
4624,0,6300000,0,user_21,666,666,
4613,1,5200000,0,user_12,666,666,
4650,2,5200000,0,user_45,666,666,
4626,3,5000000,0,user_23,666,666,
4653,4,5000000,121000,user_46,666,666,
4625,5,4500000,0,user_21,666,666,
4614,6,4200000,84800,user_13,666,666,
4615,7,4199999,0,user_15,666,666,4614
4648,8,3600000,0,user_43,666,666,
4607,9,3500000,0,user_1,666,666,
4641,10,2600000,0,user_38,666,666,
4651,11,2600000,0,user_46,666,666,
4606,12,2000000,0,user_1,666,666,
4608,13,2000000,0,user_2,666,666,
4621,14,2000000,49100,user_21,666,666,
4635,15,2000000,0,user_28,666,666,
4646,16,2000000,0,user_41,666,666,
4628,17,1900000,0,user_26,666,666,
4640,18,1800000,0,user_38,666,666,
4631,19,1000000,0,user_27,666,666,
4636,20,970000,0,user_31,666,666,
4644,21,970000,6390,user_38,666,666,
4616,22,670000,0,user_17,666,666,
4618,23,660000,0,user_18,666,666,
4612,24,650000,0,user_10,666,666,
4617,25,600000,0,user_17,666,666,
4622,26,460000,322000,user_21,666,666,
4642,27,460000,0,user_38,666,666,
4655,28,460000,3130,user_47,666,666,
4611,29,420000,0,user_6,666,666,
4637,30,360000,0,user_33,666,666,
4639,31,340000,0,user_37,666,666,
4610,32,220000,0,user_4,666,666,
4627,33,160000,0,user_25,666,666,
4609,34,150000,0,user_3,666,666,
4629,35,150000,0,user_27,666,666,
4630,36,130000,0,user_27,666,666,
4647,37,130000,0,user_42,666,666,
4623,38,120000,0,user_21,666,666,
4632,39,120000,0,user_27,666,666,
4652,40,120000,0,user_46,666,666,
4619,41,110000,0,user_19,666,666,
4634,42,110000,32900,user_28,666,666,
4643,43,110000,0,user_38,666,666,
4654,44,110000,0,user_46,666,666,
4656,45,100000,0,user_48,666,666,
4633,46,85000,0,user_27,666,666,
4605,47,82000,0,user_0,666,666,
4620,48,82000,6390,user_20,666,666,
4657,49,80000,8520,user_49,666,666,
4649,50,70000,84800,user_44,666,666,
4709,0,30000000,0,user_42,667,667,
4684,1,5200000,0,user_19,667,667,
4693,2,5200000,0,user_27,667,667,
4672,3,5000000,0,user_11,667,667,
4716,4,5000000,0,user_49,667,667,
4704,5,4200000,0,user_35,667,667,
4707,6,3500000,30200,user_37,667,667,
4702,7,2600000,0,user_33,667,667,
4708,8,1700000,12800,user_38,667,667,
4670,9,1600000,0,user_10,667,667,
4692,10,1600000,0,user_24,667,667,
4705,11,1600000,0,user_36,667,667,
4703,12,1400000,0,user_34,667,667,
4660,13,1200000,0,user_3,667,667,
4694,14,1200000,0,user_27,667,667,
4669,15,1100000,0,user_10,667,667,
4687,16,1000000,66100,user_21,667,667,
4715,17,1000000,0,user_49,667,667,
4706,18,970000,0,user_37,667,667,
4691,19,910000,0,user_24,667,667,
4685,20,670000,0,user_19,667,667,
4663,21,660000,0,user_4,667,667,
4671,22,660000,0,user_11,667,667,
4699,23,630000,146000,user_33,667,667,
4688,24,350000,0,user_22,667,667,
4664,25,340000,0,user_5,667,667,
4700,26,340000,0,user_33,667,667,
4696,27,260000,0,user_31,667,667,
4683,28,220000,0,user_19,667,667,
4701,29,190000,0,user_33,667,667,
4680,30,170000,0,user_16,667,667,
4689,31,170000,0,user_22,667,667,
4710,32,170000,0,user_42,667,667,
4713,33,170000,8520,user_44,667,667,
4686,34,160000,139000,user_19,667,667,
4659,35,150000,0,user_1,667,667,
4690,36,150000,0,user_23,667,667,
4658,37,130000,0,user_0,667,667,
4662,38,120000,0,user_4,667,667,
4677,39,110001,0,user_13,667,667,4674
4661,40,110000,0,user_3,667,667,
4668,41,110000,0,user_9,667,667,
4678,42,109999,0,user_14,667,667,4674
4714,43,98000,0,user_47,667,667,
4697,44,82000,15100,user_32,667,667,
4698,45,77000,13900,user_33,667,667,
4768,0,6100000,0,user_46,668,668,
4760,1,5000000,0,user_35,668,668,
4750,2,4200000,17000,user_23,668,668,
4755,3,4200000,0,user_32,668,668,
4741,4,3600000,17700000,user_16,668,668,
4743,5,3600000,0,user_17,668,668,
4761,6,3200000,0,user_35,668,668,
4744,7,2500000,0,user_17,668,668,
4762,8,2400000,0,user_35,668,668,
4769,9,2100000,0,user_47,668,668,
4724,10,2000001,0,user_5,668,668,4718
4725,11,2000001,0,user_5,668,668,4718
4727,12,2000001,0,user_7,668,668,4718
4728,13,2000001,0,user_8,668,668,4718
4730,14,2000001,0,user_10,668,668,4718
4731,15,2000001,0,user_10,668,668,4718
4733,16,2000001,0,user_11,668,668,4718
4734,17,2000001,0,user_11,668,668,4718
4735,18,2000001,0,user_11,668,668,4718
4737,19,2000001,0,user_11,668,668,4718
4720,20,1999999,0,user_2,668,668,4718
4721,21,1999999,0,user_4,668,668,4718
4722,22,1999999,0,user_5,668,668,4718
4723,23,1999999,0,user_5,668,668,4718
4726,24,1999999,0,user_6,668,668,4718
4729,25,1999999,0,user_9,668,668,4718
4732,26,1999999,0,user_10,668,668,4718
4736,27,1999999,0,user_11,668,668,4718
4738,28,1999999,0,user_12,668,668,4718
4739,29,1999999,0,user_13,668,668,4718
4766,30,1900000,0,user_44,668,668,
4765,31,1800000,0,user_43,668,668,
4770,32,1500000,0,user_48,668,668,
4745,33,970000,0,user_17,668,668,
4754,34,660000,35600,user_31,668,668,
4749,35,650000,0,user_21,668,668,
4767,36,650000,0,user_44,668,668,
4742,37,470000,0,user_16,668,668,
4763,38,470000,18600,user_39,668,668,
4758,39,360000,0,user_35,668,668,
4752,40,260000,0,user_28,668,668,
4746,41,240000,195000,user_17,668,668,
4753,42,220000,0,user_30,668,668,
4759,43,220000,0,user_35,668,668,
4756,44,120000,0,user_32,668,668,
4748,45,110000,0,user_19,668,668,
4764,46,85000,100000,user_42,668,668,
4772,0,30000000,0,user_0,669,669,
4802,1,5200000,0,user_31,669,669,
4775,2,3600000,0,user_2,669,669,
4812,3,3200000,128000,user_43,669,669,
4813,4,3200000,0,user_45,669,669,
4795,5,1800000,0,user_26,669,669,
4816,6,1700000,0,user_48,669,669,
4790,7,1600000,510000,user_22,669,669,
4789,8,1500000,0,user_19,669,669,
4793,9,1500000,0,user_24,669,669,
4791,10,1000000,0,user_23,669,669,
4811,11,460000,0,user_42,669,669,
4797,12,370000,17000,user_26,669,669,
4778,13,360000,0,user_5,669,669,
4787,14,240000,0,user_18,669,669,
4794,15,220000,0,user_25,669,669,
4804,16,220000,0,user_34,669,669,
4777,17,170000,0,user_4,669,669,
4817,18,170000,0,user_49,669,669,
4801,19,160000,0,user_30,669,669,
4815,20,160000,0,user_47,669,669,
4796,21,150000,0,user_26,669,669,
4798,22,130000,0,user_26,669,669,
4788,23,120000,11200,user_19,669,669,
4803,24,120000,155000,user_34,669,669,
4814,25,120000,0,user_45,669,669,
4792,26,100000,0,user_24,669,669,
4774,27,84000,0,user_2,669,669,
4773,28,80000,0,user_1,669,669,
4780,29,79001,0,user_8,669,669,4779
4781,30,79001,0,user_8,669,669,4779
4785,31,79001,0,user_12,669,669,4779
4786,32,79001,0,user_13,669,669,4779
4779,33,79000,128000,user_7,669,669,
4782,34,78999,0,user_10,669,669,4779
4776,35,77000,0,user_3,669,669,
4800,36,77000,32900,user_27,669,669,
4799,37,73000,0,user_26,669,669,
4810,38,73000,0,user_41,669,669,
4847,0,43000000,17000,user_32,670,670,
4856,1,5000000,0,user_40,670,670,
4860,2,5000000,0,user_44,670,670,
4844,3,4500000,0,user_28,670,670,
4821,4,2400001,0,user_6,670,670,4818
4823,5,2400001,0,user_7,670,670,4818
4824,6,2400001,0,user_9,670,670,4818
4825,7,2400001,0,user_10,670,670,4818
4830,8,2400001,0,user_15,670,670,4818
4818,9,2400000,49100,user_0,670,670,
4819,10,2399999,0,user_3,670,670,4818
4820,11,2399999,0,user_5,670,670,4818
4822,12,2399999,0,user_7,670,670,4818
4827,13,2399999,0,user_12,670,670,4818
4828,14,2399999,0,user_12,670,670,4818
4829,15,2399999,0,user_14,670,670,4818
4863,16,2000000,0,user_46,670,670,
4867,17,2000000,0,user_47,670,670,
4868,18,2000000,0,user_47,670,670,
4850,19,1700000,0,user_35,670,670,
4841,20,1300000,0,user_27,670,670,
4837,21,1100000,0,user_25,670,670,
4835,22,1000000,0,user_25,670,670,
4864,23,910000,0,user_46,670,670,
4869,24,910000,15100,user_49,670,670,
4852,25,600000,0,user_37,670,670,
4845,26,530000,67500,user_29,670,670,
4839,27,460000,0,user_25,670,670,
4858,28,420000,39400,user_43,670,670,
4831,29,310000,0,user_19,670,670,
4836,30,260000,0,user_25,670,670,
4846,31,260000,0,user_31,670,670,
4851,32,260000,12800,user_36,670,670,
4855,33,260000,0,user_40,670,670,
4834,34,190000,0,user_24,670,670,
4866,35,190000,0,user_46,670,670,
4849,36,170000,0,user_33,670,670,
4832,37,160000,0,user_20,670,670,
4857,38,160000,0,user_42,670,670,
4838,39,130000,0,user_25,670,670,
4861,40,130000,30200,user_45,670,670,
4859,41,110000,75000,user_43,670,670,
4854,42,98000,0,user_40,670,670,
4843,43,85000,0,user_28,670,670,
4840,44,80000,0,user_26,670,670,
4842,45,80000,0,user_28,670,670,
4848,46,80000,0,user_33,670,670,
4865,47,79000,0,user_46,670,670,
4862,48,77000,0,user_46,670,670,
4901,0,30000000,0,user_24,671,671,
4920,1,30000000,4320000,user_36,671,671,
4877,2,27000001,0,user_5,671,671,4873
4878,3,27000001,0,user_6,671,671,4873
4880,4,27000001,0,user_10,671,671,4873
4882,5,27000001,0,user_11,671,671,4873
4883,6,27000001,0,user_12,671,671,4873
4885,7,27000001,0,user_12,671,671,4873
4888,8,27000001,0,user_13,671,671,4873
4889,9,27000001,0,user_14,671,671,4873
4873,10,27000000,4320000,user_1,671,671,
4874,11,26999999,0,user_2,671,671,4873
4875,12,26999999,0,user_2,671,671,4873
4876,13,26999999,0,user_4,671,671,4873
4879,14,26999999,0,user_6,671,671,4873
4881,15,26999999,0,user_11,671,671,4873
4884,16,26999999,0,user_12,671,671,4873
4886,17,26999999,0,user_12,671,671,4873
4887,18,26999999,0,user_12,671,671,4873
4890,19,26999999,0,user_15,671,671,4873
4914,20,19000000,0,user_32,671,671,
4932,21,19000000,0,user_48,671,671,
4893,22,6300000,0,user_18,671,671,
4872,23,4500000,0,user_1,671,671,
4897,24,2600000,545000,user_19,671,671,
4916,25,2000000,0,user_32,671,671,
4905,26,1900000,296000,user_27,671,671,
4912,27,1700000,0,user_31,671,671,
4910,28,1500000,0,user_30,671,671,
4892,29,1000000,47700,user_16,671,671,
4923,30,1000000,5180,user_41,671,671,
4927,31,1000000,0,user_42,671,671,
4903,32,970000,0,user_25,671,671,
4913,33,910000,0,user_32,671,671,
4933,34,870000,0,user_48,671,671,
4928,35,660000,0,user_43,671,671,
4902,36,650000,49100,user_25,671,671,
4899,37,630000,0,user_23,671,671,
4870,38,600000,0,user_0,671,671,
4907,39,470000,0,user_29,671,671,
4900,40,420000,0,user_24,671,671,
4896,41,360000,510000,user_18,671,671,
4924,42,360000,35100,user_41,671,671,
4871,43,350000,0,user_1,671,671,
4921,44,310000,0,user_38,671,671,
4925,45,310000,1100000,user_41,671,671,
4908,46,240000,0,user_30,671,671,
4891,47,220000,49100,user_16,671,671,
4898,48,170000,0,user_21,671,671,
4911,49,170000,128000,user_30,671,671,
4931,50,170000,0,user_46,671,671,
4909,51,160000,0,user_30,671,671,
4929,52,160000,66100,user_43,671,671,
4895,53,150000,0,user_18,671,671,
4915,54,150000,0,user_32,671,671,
4926,55,120000,68100,user_41,671,671,
4904,56,110000,0,user_26,671,671,
4917,57,110000,1100000,user_32,671,671,
4918,58,110000,0,user_33,671,671,
4934,59,100000,0,user_49,671,671,
4930,60,98000,0,user_45,671,671,
4906,61,85000,0,user_28,671,671,
4894,62,73000,0,user_18,671,671,
4941,0,27000001,0,user_2,672,672,4935
4943,1,27000001,0,user_2,672,672,4935
4946,2,27000001,0,user_6,672,672,4935
4947,3,27000001,0,user_6,672,672,4935
4948,4,27000001,0,user_6,672,672,4935
4949,5,27000001,0,user_6,672,672,4935
4952,6,27000001,0,user_9,672,672,4935
4935,7,27000000,11200,user_0,672,672,
4936,8,26999999,0,user_1,672,672,4935
4937,9,26999999,0,user_1,672,672,4935
4938,10,26999999,0,user_1,672,672,4935
4939,11,26999999,0,user_1,672,672,4935
4940,12,26999999,0,user_1,672,672,4935
4942,13,26999999,0,user_2,672,672,4935
4944,14,26999999,0,user_3,672,672,4935
4945,15,26999999,0,user_5,672,672,4935
4950,16,26999999,0,user_6,672,672,4935
4951,17,26999999,0,user_8,672,672,4935
4970,18,6300000,0,user_36,672,672,
4962,19,5200000,84800,user_27,672,672,
4965,20,5200000,0,user_29,672,672,
4983,21,5200000,10700,user_47,672,672,
4974,22,5000000,0,user_38,672,672,
4986,23,5000000,161000,user_49,672,672,
4972,24,4500000,0,user_36,672,672,
4964,25,3600000,0,user_28,672,672,
4969,26,3600000,66100,user_33,672,672,
4956,27,1700000,0,user_20,672,672,
4978,28,1700000,0,user_45,672,672,
4980,29,1700000,0,user_45,672,672,
4975,30,1400000,0,user_39,672,672,
4959,31,420000,0,user_20,672,672,
4960,32,420000,0,user_20,672,672,
4982,33,420000,0,user_46,672,672,
4963,34,360000,30200,user_28,672,672,
4973,35,360000,0,user_36,672,672,
4979,36,310000,0,user_45,672,672,
4977,37,240000,0,user_43,672,672,
4957,38,170000,0,user_20,672,672,
4981,39,160000,0,user_45,672,672,
4966,40,150000,16400,user_29,672,672,
4958,41,120000,33300,user_20,672,672,
4967,42,120000,215000,user_30,672,672,
4985,43,120000,0,user_49,672,672,
4953,44,110000,0,user_16,672,672,
4954,45,110000,0,user_18,672,672,
4961,46,110000,0,user_26,672,672,
4968,47,80000,0,user_31,672,672,
4971,48,73000,0,user_36,672,672,
5010,0,27000000,0,user_26,673,673,
5004,1,5200000,0,user_21,673,673,
5021,2,5000000,0,user_41,673,673,
5023,3,5000000,100000,user_43,673,673,
4999,4,3200000,0,user_18,673,673,
5015,5,2000000,0,user_35,673,673,
5027,6,1900000,0,user_47,673,673,
5008,7,1700000,0,user_22,673,673,
5012,8,1100000,0,user_29,673,673,
5002,9,1000000,0,user_20,673,673,
5026,10,660000,19700,user_47,673,673,
5000,11,460000,0,user_18,673,673,
5006,12,460000,36800,user_21,673,673,
5016,13,420000,0,user_36,673,673,
5014,14,370000,0,user_30,673,673,
5003,15,320000,0,user_21,673,673,
4989,16,220001,0,user_4,673,673,4988
4990,17,220001,0,user_4,673,673,4988
4993,18,220001,0,user_8,673,673,4988
4996,19,220001,0,user_15,673,673,4988
4988,20,220000,13900,user_3,673,673,
4991,21,219999,0,user_6,673,673,4988
4994,22,219999,0,user_9,673,673,4988
4995,23,219999,0,user_10,673,673,4988
4987,24,170000,0,user_2,673,673,
4998,25,170000,0,user_16,673,673,
5011,26,170000,0,user_27,673,673,
5024,27,170000,0,user_43,673,673,
5013,28,160000,0,user_29,673,673,
5018,29,160000,0,user_38,673,673,
5022,30,160000,0,user_41,673,673,
5025,31,160000,0,user_46,673,673,
5005,32,150000,155000,user_21,673,673,
5019,33,150000,15300,user_38,673,673,
5028,34,150000,84800,user_49,673,673,
5017,35,120000,0,user_37,673,673,
4997,36,84000,0,user_16,673,673,
5007,37,73000,0,user_22,673,673,
5034,0,43000001,0,user_4,674,674,5033
5040,1,43000001,0,user_13,674,674,5033
5041,2,43000001,0,user_13,674,674,5033
5042,3,43000001,0,user_13,674,674,5033
5043,4,43000001,0,user_13,674,674,5033
5033,5,43000000,66100,user_3,674,674,
5035,6,42999999,0,user_6,674,674,5033
5036,7,42999999,0,user_7,674,674,5033
5037,8,42999999,0,user_7,674,674,5033
5038,9,42999999,0,user_8,674,674,5033
5039,10,42999999,0,user_10,674,674,5033
5044,11,42999999,0,user_15,674,674,5033
5045,12,19000000,39400,user_16,674,674,
5065,13,19000000,12800,user_33,674,674,
5061,14,6300000,0,user_28,674,674,
5054,15,5000000,0,user_21,674,674,
5074,16,5000000,0,user_38,674,674,
5081,17,5000000,0,user_43,674,674,
5080,18,3600000,0,user_43,674,674,
5048,19,3200000,0,user_16,674,674,
5060,20,2000000,0,user_26,674,674,
5069,21,2000000,0,user_33,674,674,
5049,22,1500000,0,user_16,674,674,
5050,23,1500000,0,user_17,674,674,
5070,24,1400000,5630,user_34,674,674,
5055,25,1100000,0,user_23,674,674,
5085,26,870000,0,user_49,674,674,
5029,27,670000,0,user_0,674,674,
5059,28,650000,0,user_25,674,674,
5066,29,650000,0,user_33,674,674,
5058,30,600000,49100,user_25,674,674,
5030,31,420000,0,user_1,674,674,
5051,32,420000,959000,user_19,674,674,
5063,33,420000,17700000,user_31,674,674,
5082,34,350000,0,user_44,674,674,
5052,35,320000,0,user_20,674,674,
5071,36,320000,410000,user_34,674,674,
5057,37,310000,108000,user_25,674,674,
5068,38,260000,0,user_33,674,674,
5053,39,170000,0,user_20,674,674,
5031,40,150000,0,user_3,674,674,
5072,41,130000,0,user_34,674,674,
5046,42,120000,0,user_16,674,674,
5064,43,120000,100000,user_31,674,674,
5067,44,120000,0,user_33,674,674,
5047,45,110000,0,user_16,674,674,
5056,46,110000,0,user_24,674,674,
5083,47,98000,0,user_47,674,674,
5032,48,85000,0,user_3,674,674,
5084,49,84000,0,user_49,674,674,
5062,50,82000,0,user_29,674,674,
5117,0,30000000,0,user_29,675,675,
5129,1,19000000,5180,user_43,675,675,
5105,2,6100000,7190000,user_19,675,675,
5130,3,5200000,32900,user_44,675,675,
5113,4,4200000,146000,user_24,675,675,
5132,5,4200000,67500,user_44,675,675,
5086,6,3500000,0,user_0,675,675,
5109,7,2500000,0,user_20,675,675,
5136,8,2400000,10700,user_46,675,675,
5103,9,2000000,0,user_18,675,675,
5116,10,2000000,0,user_28,675,675,
5137,11,2000000,0,user_46,675,675,
5120,12,1800000,410000,user_32,675,675,
5125,13,1300000,7840,user_38,675,675,
5124,14,1200000,0,user_37,675,675,
5115,15,1100000,0,user_27,675,675,
5127,16,670000,0,user_41,675,675,
5112,17,530000,0,user_22,675,675,
5111,18,460000,0,user_21,675,675,
5114,19,460000,0,user_25,675,675,
5088,20,420000,0,user_1,675,675,
5135,21,420000,0,user_46,675,675,
5087,22,360000,0,user_0,675,675,
5138,23,340000,0,user_49,675,675,
5133,24,310000,0,user_44,675,675,
5106,25,220000,0,user_19,675,675,
5131,26,220000,0,user_44,675,675,
5091,27,190001,0,user_4,675,675,5090
5094,28,190001,0,user_6,675,675,5090
5096,29,190001,0,user_7,675,675,5090
5097,30,190001,0,user_10,675,675,5090
5099,31,190001,0,user_12,675,675,5090
5100,32,190001,0,user_13,675,675,5090
5090,33,190000,322000,user_3,675,675,
5092,34,189999,0,user_5,675,675,5090
5093,35,189999,0,user_6,675,675,5090
5095,36,189999,0,user_7,675,675,5090
5098,37,189999,0,user_12,675,675,5090
5121,38,170000,108000,user_33,675,675,
5108,39,160000,0,user_19,675,675,
5122,40,150000,0,user_34,675,675,
5123,41,150000,0,user_36,675,675,
5089,42,130000,0,user_3,675,675,
5102,43,120000,0,user_18,675,675,
5119,44,120000,0,user_32,675,675,
5101,45,110000,0,user_16,675,675,
5104,46,110000,381000,user_19,675,675,
5128,47,110000,60700,user_42,675,675,
5118,48,87000,0,user_31,675,675,
5134,49,84000,0,user_44,675,675,
5107,50,77000,0,user_19,675,675,
5110,51,77000,0,user_20,675,675,
5169,0,5000000,0,user_24,676,676,
5199,1,5000000,0,user_46,676,676,
5202,2,4500000,0,user_49,676,676,
5186,3,2600000,0,user_34,676,676,
5192,4,2500000,0,user_43,676,676,
5162,5,2400000,0,user_20,676,676,
5174,6,2300000,0,user_28,676,676,
5189,7,2300000,0,user_38,676,676,
5196,8,2000000,0,user_46,676,676,
5160,9,1800000,0,user_19,676,676,
5164,10,1700000,0,user_21,676,676,
5194,11,1400000,0,user_44,676,676,
5170,12,1000000,322000,user_24,676,676,
5180,13,1000000,0,user_30,676,676,
5188,14,970000,0,user_37,676,676,
5152,15,650000,0,user_17,676,676,
5190,16,650000,17700000,user_39,676,676,
5193,17,630000,13900,user_44,676,676,
5165,18,470000,0,user_21,676,676,
5167,19,470000,0,user_22,676,676,
5172,20,470000,0,user_25,676,676,
5179,21,420000,0,user_29,676,676,
5166,22,340000,0,user_21,676,676,
5171,23,340000,0,user_24,676,676,
5168,24,310000,18600,user_24,676,676,
5163,25,300000,0,user_21,676,676,
5157,26,260000,0,user_19,676,676,
5158,27,240000,0,user_19,676,676,
5161,28,240000,0,user_19,676,676,
5175,29,240000,0,user_28,676,676,
5185,30,220000,0,user_34,676,676,
5201,31,190000,0,user_48,676,676,
5173,32,170000,0,user_26,676,676,
5176,33,170000,0,user_28,676,676,
5181,34,170000,0,user_31,676,676,
5195,35,170000,0,user_46,676,676,
5155,36,160000,0,user_18,676,676,
5178,37,160000,0,user_29,676,676,
5187,38,160000,0,user_36,676,676,
5197,39,160000,0,user_46,676,676,
5159,40,130000,0,user_19,676,676,
5182,41,120000,769000,user_31,676,676,
5198,42,120000,0,user_46,676,676,
5200,43,120000,0,user_47,676,676,
5203,44,120000,0,user_49,676,676,
5154,45,110000,0,user_18,676,676,
5156,46,110000,0,user_18,676,676,
5184,47,110000,0,user_33,676,676,
5204,48,110000,0,user_49,676,676,
5177,49,100000,0,user_28,676,676,
5153,50,98000,0,user_18,676,676,
5183,51,84000,0,user_32,676,676,
5143,52,79001,0,user_5,676,676,5139
5148,53,79001,0,user_12,676,676,5139
5139,54,79000,181000,user_0,676,676,
5140,55,78999,0,user_0,676,676,5139
5141,56,78999,0,user_1,676,676,5139
5142,57,78999,0,user_4,676,676,5139
5144,58,78999,0,user_7,676,676,5139
5147,59,78999,0,user_10,676,676,5139
5149,60,78999,0,user_13,676,676,5139
5150,61,78999,0,user_14,676,676,5139
5151,62,78999,0,user_15,676,676,5139
5240,0,30000000,0,user_33,677,677,
5244,1,19000000,0,user_35,677,677,
5243,2,6300000,0,user_35,677,677,
5249,3,4500000,0,user_40,677,677,
5227,4,3600000,0,user_22,677,677,
5257,5,3600000,0,user_48,677,677,
5219,6,3500000,0,user_16,677,677,
5250,7,3200000,0,user_40,677,677,
5232,8,2100000,0,user_28,677,677,
5248,9,2000000,0,user_40,677,677,
5205,10,1600000,0,user_1,677,677,
5236,11,1500000,35600,user_32,677,677,
5256,12,1100000,0,user_46,677,677,
5241,13,970000,0,user_34,677,677,
5247,14,600000,0,user_40,677,677,
5252,15,600000,0,user_43,677,677,
5253,16,600000,0,user_43,677,677,
5215,17,530001,0,user_13,677,677,5212
5217,18,530001,0,user_15,677,677,5212
5206,19,530000,0,user_2,677,677,
5212,20,530000,322000,user_8,677,677,
5213,21,529999,0,user_10,677,677,5212
5216,22,529999,0,user_14,677,677,5212
5207,23,460000,0,user_3,677,677,
5245,24,460000,0,user_36,677,677,
5239,25,360000,60700,user_32,677,677,
5229,26,340000,39400,user_24,677,677,
5233,27,320000,35100,user_29,677,677,
5222,28,310000,73100,user_16,677,677,
5228,29,300000,0,user_23,677,677,
5226,30,240000,0,user_21,677,677,
5238,31,220000,0,user_32,677,677,
5254,32,220000,0,user_44,677,677,
5211,33,160000,0,user_7,677,677,
5231,34,160000,0,user_26,677,677,
5237,35,160000,0,user_32,677,677,
5221,36,150000,0,user_16,677,677,
5259,37,150000,0,user_49,677,677,
5218,38,120000,0,user_16,677,677,
5220,39,120000,256000,user_16,677,677,
5225,40,120000,0,user_20,677,677,
5255,41,110000,0,user_45,677,677,
5260,42,110000,0,user_49,677,677,
5223,43,98000,0,user_17,677,677,
5242,44,87000,16400,user_34,677,677,
5234,45,85000,0,user_30,677,677,
5258,46,83000,0,user_49,677,677,
5235,47,73000,0,user_32,677,677,
5246,48,73000,0,user_37,677,677,
5292,0,6300000,0,user_34,678,678,
5308,1,5200000,0,user_46,678,678,
5291,2,5000000,161000,user_33,678,678,
5262,3,4200000,0,user_1,678,678,
5263,4,2600000,0,user_1,678,678,
5303,5,2600000,0,user_45,678,678,
5282,6,2400000,161000,user_24,678,678,
5311,7,2100000,0,user_49,678,678,
5306,8,1400000,0,user_45,678,678,
5304,9,1100000,0,user_45,678,678,
5295,10,910000,959000,user_38,678,678,
5290,11,670000,0,user_32,678,678,
5287,12,630000,0,user_27,678,678,
5299,13,600000,0,user_41,678,678,
5305,14,470000,0,user_45,678,678,
5277,15,420000,0,user_17,678,678,
5280,16,420000,12800,user_23,678,678,
5297,17,350000,0,user_39,678,678,
5301,18,350000,0,user_43,678,678,
5278,19,320000,0,user_18,678,678,
5310,20,320000,0,user_47,678,678,
5281,21,310000,14200,user_23,678,678,
5307,22,310000,0,user_45,678,678,
5265,23,300001,0,user_4,678,678,5264
5266,24,300001,0,user_4,678,678,5264
5271,25,300001,0,user_11,678,678,5264
5273,26,300001,0,user_13,678,678,5264
5274,27,300001,0,user_14,678,678,5264
5276,28,300001,0,user_15,678,678,5264
5264,29,300000,18600,user_3,678,678,
5267,30,299999,0,user_6,678,678,5264
5270,31,299999,0,user_10,678,678,5264
5272,32,299999,0,user_12,678,678,5264
5275,33,299999,0,user_15,678,678,5264
5300,34,260000,0,user_42,678,678,
5286,35,240000,0,user_27,678,678,
5284,36,220000,0,user_26,678,678,
5279,37,160000,0,user_22,678,678,
5285,38,160000,164000,user_26,678,678,
5288,39,160000,0,user_30,678,678,
5289,40,150000,0,user_30,678,678,
5309,41,150000,381000,user_46,678,678,
5283,42,110000,0,user_25,678,678,
5261,43,85000,0,user_0,678,678,
5296,44,84000,64600,user_38,678,678,
5302,45,82000,0,user_43,678,678,
5332,0,27000000,0,user_16,679,679,
5362,1,5000000,12800,user_48,679,679,
5350,2,3600000,0,user_28,679,679,
5344,3,3200000,12800,user_22,679,679,
5363,4,2500000,0,user_48,679,679,
5352,5,2100000,0,user_30,679,679,
5348,6,2000000,0,user_27,679,679,
5312,7,1500000,0,user_0,679,679,
5349,8,1500000,164000,user_28,679,679,
5334,9,1400000,0,user_16,679,679,
5337,10,1100000,0,user_20,679,679,
5341,11,910000,0,user_20,679,679,
5343,12,870000,0,user_22,679,679,
5315,13,600000,0,user_1,679,679,
5319,14,470001,0,user_2,679,679,5316
5320,15,470001,0,user_2,679,679,5316
5325,16,470001,0,user_8,679,679,5316
5326,17,470001,0,user_9,679,679,5316
5328,18,470001,0,user_10,679,679,5316
5330,19,470001,0,user_12,679,679,5316
5316,20,470000,369000,user_1,679,679,
5317,21,469999,0,user_1,679,679,5316
5318,22,469999,0,user_1,679,679,5316
5321,23,469999,0,user_2,679,679,5316
5322,24,469999,0,user_3,679,679,5316
5324,25,469999,0,user_7,679,679,5316
5327,26,469999,0,user_10,679,679,5316
5331,27,469999,0,user_14,679,679,5316
5353,28,460000,0,user_33,679,679,
5335,29,260000,0,user_16,679,679,
5361,30,260000,0,user_47,679,679,
5314,31,220000,0,user_1,679,679,
5342,32,220000,0,user_21,679,679,
5360,33,220000,0,user_45,679,679,
5347,34,170000,0,user_26,679,679,
5333,35,160000,0,user_16,679,679,
5356,36,160000,0,user_37,679,679,
5345,37,150000,0,user_24,679,679,
5354,38,150000,0,user_35,679,679,
5355,39,150000,0,user_35,679,679,
5338,40,130000,0,user_20,679,679,
5340,41,130000,108000,user_20,679,679,
5336,42,120000,0,user_18,679,679,
5359,43,120000,35100,user_45,679,679,
5339,44,110000,0,user_20,679,679,
5351,45,110000,0,user_29,679,679,
5313,46,100000,0,user_0,679,679,
5357,47,85000,56200,user_37,679,679,
5346,48,79000,0,user_26,679,679,
5358,49,79000,0,user_38,679,679,
5424,0,6100000,24700,user_49,680,680,
5415,1,5000000,0,user_42,680,680,
5421,2,4500000,0,user_46,680,680,
5388,3,3600000,0,user_18,680,680,
5404,4,3500000,0,user_34,680,680,
5407,5,3200000,0,user_36,680,680,
5402,6,2500000,0,user_31,680,680,
5409,7,2500000,0,user_37,680,680,
5400,8,1800000,0,user_29,680,680,
5408,9,1700000,0,user_36,680,680,
5391,10,1600000,0,user_20,680,680,
5393,11,1600000,0,user_22,680,680,
5395,12,1600000,0,user_25,680,680,
5392,13,1500000,46500,user_22,680,680,
5419,14,1500000,0,user_45,680,680,
5397,15,1000000,0,user_27,680,680,
5413,16,1000000,0,user_40,680,680,
5401,17,870000,0,user_30,680,680,
5423,18,530000,0,user_48,680,680,
5405,19,460000,231000,user_35,680,680,
5414,20,460000,0,user_41,680,680,
5416,21,460000,0,user_43,680,680,
5390,22,360000,0,user_20,680,680,
5417,23,360000,0,user_43,680,680,
5387,24,310000,84800,user_17,680,680,
5403,25,240000,0,user_32,680,680,
5418,26,220000,0,user_44,680,680,
5385,27,160000,0,user_16,680,680,
5399,28,160000,0,user_28,680,680,
5389,29,150000,0,user_18,680,680,
5406,30,120000,0,user_35,680,680,
5365,31,110001,0,user_2,680,680,5364
5368,32,110001,0,user_5,680,680,5364
5369,33,110001,0,user_5,680,680,5364
5370,34,110001,0,user_5,680,680,5364
5371,35,110001,0,user_5,680,680,5364
5373,36,110001,0,user_6,680,680,5364
5384,37,110001,0,user_15,680,680,5364
5364,38,110000,146000,user_0,680,680,
5366,39,109999,0,user_2,680,680,5364
5367,40,109999,0,user_4,680,680,5364
5372,41,109999,0,user_5,680,680,5364
5374,42,109999,0,user_6,680,680,5364
5378,43,109999,0,user_10,680,680,5364
5382,44,109999,0,user_14,680,680,5364
5383,45,109999,0,user_15,680,680,5364
5412,46,98000,0,user_40,680,680,
5411,47,83000,0,user_39,680,680,
5420,48,83000,0,user_46,680,680,
5398,49,79000,0,user_28,680,680,
5386,50,77000,0,user_16,680,680,
5478,0,3600000,0,user_39,681,681,
5482,1,3500000,0,user_46,681,681,
5457,2,2000000,0,user_23,681,681,
5477,3,2000000,0,user_39,681,681,
5426,4,1900000,0,user_2,681,681,
5467,5,1900000,0,user_29,681,681,
5451,6,1600000,0,user_19,681,681,
5425,7,1500000,0,user_1,681,681,
5448,8,1400000,0,user_17,681,681,
5465,9,1400000,17700000,user_29,681,681,
5466,10,1300000,164000,user_29,681,681,
5479,11,1200000,7190000,user_43,681,681,
5450,12,1100000,13900,user_19,681,681,
5427,13,1000000,0,user_4,681,681,
5460,14,970000,0,user_25,681,681,
5474,15,970000,0,user_37,681,681,
5469,16,910000,0,user_31,681,681,
5453,17,870000,0,user_21,681,681,
5484,18,670000,0,user_47,681,681,
5476,19,530000,0,user_39,681,681,
5431,20,460001,0,user_5,681,681,5428
5433,21,460001,0,user_7,681,681,5428
5438,22,460001,0,user_12,681,681,5428
5439,23,460001,0,user_13,681,681,5428
5441,24,460001,0,user_13,681,681,5428
5442,25,460001,0,user_13,681,681,5428
5445,26,460001,0,user_15,681,681,5428
5446,27,460001,0,user_15,681,681,5428
5428,28,460000,47700,user_4,681,681,
5456,29,460000,0,user_23,681,681,
5429,30,459999,0,user_4,681,681,5428
5430,31,459999,0,user_4,681,681,5428
5432,32,459999,0,user_6,681,681,5428
5436,33,459999,0,user_10,681,681,5428
5437,34,459999,0,user_11,681,681,5428
5440,35,459999,0,user_13,681,681,5428
5443,36,459999,0,user_13,681,681,5428
5444,37,459999,0,user_14,681,681,5428
5454,38,370000,0,user_22,681,681,
5473,39,370000,0,user_36,681,681,
5483,40,320000,0,user_46,681,681,
5458,41,310000,0,user_24,681,681,
5470,42,310000,0,user_32,681,681,
5447,43,260000,0,user_16,681,681,
5461,44,260000,0,user_25,681,681,
5480,45,260000,0,user_44,681,681,
5463,46,220000,0,user_28,681,681,
5475,47,220000,0,user_39,681,681,
5468,48,170000,0,user_29,681,681,
5462,49,160000,0,user_25,681,681,
5449,50,150000,0,user_18,681,681,
5452,51,150000,0,user_20,681,681,
5485,52,150000,0,user_49,681,681,
5455,53,110000,0,user_23,681,681,
5481,54,110000,0,user_45,681,681,
5464,55,84000,0,user_29,681,681,
5459,56,80000,0,user_25,681,681,
5471,57,80000,0,user_32,681,681,
5535,0,27000000,0,user_41,682,682,
5519,1,4500000,0,user_32,682,682,
5503,2,3600000,0,user_16,682,682,
5504,3,3200000,0,user_17,682,682,
5510,4,3200000,0,user_23,682,682,
5541,5,2600000,0,user_48,682,682,
5532,6,2400000,0,user_39,682,682,
5520,7,2100000,0,user_32,682,682,
5530,8,2100000,31700,user_38,682,682,
5521,9,1900000,60700,user_32,682,682,
5538,10,1900000,0,user_46,682,682,
5506,11,1600000,0,user_19,682,682,
5487,12,1500000,0,user_1,682,682,
5515,13,1400000,0,user_28,682,682,
5511,14,1100000,0,user_25,682,682,
5512,15,1000000,0,user_25,682,682,
5516,16,1000000,0,user_28,682,682,
5522,17,1000000,0,user_32,682,682,
5531,18,1000000,0,user_39,682,682,
5534,19,1000000,0,user_41,682,682,
5527,20,970000,0,user_36,682,682,
5509,21,870000,0,user_23,682,682,
5528,22,470000,67900,user_36,682,682,
5486,23,460000,0,user_0,682,682,
5495,24,320001,0,user_7,682,682,5489
5489,25,320000,322000,user_2,682,682,
5490,26,319999,0,user_2,682,682,5489
5491,27,319999,0,user_2,682,682,5489
5492,28,319999,0,user_2,682,682,5489
5493,29,319999,0,user_2,682,682,5489
5494,30,319999,0,user_4,682,682,5489
5496,31,319999,0,user_10,682,682,5489
5497,32,319999,0,user_11,682,682,5489
5498,33,319999,0,user_12,682,682,5489
5499,34,319999,0,user_14,682,682,5489
5500,35,319999,0,user_15,682,682,5489
5513,36,260000,0,user_26,682,682,
5501,37,220000,60700,user_16,682,682,
5507,38,220000,0,user_20,682,682,
5514,39,220000,0,user_27,682,682,
5529,40,220000,0,user_36,682,682,
5502,41,170000,0,user_16,682,682,
5540,42,160000,0,user_48,682,682,
5488,43,150000,0,user_1,682,682,
5524,44,150000,0,user_33,682,682,
5518,45,120000,0,user_31,682,682,
5505,46,110000,0,user_19,682,682,
5523,47,110000,0,user_32,682,682,
5508,48,84000,0,user_20,682,682,
5517,49,83000,0,user_31,682,682,
5539,50,79000,19700,user_46,682,682,
5526,51,73000,0,user_36,682,682,
5536,52,73000,13900,user_43,682,682,
5537,53,73000,0,user_45,682,682,
5579,0,19000000,0,user_45,683,683,
5545,1,5000000,0,user_2,683,683,
5542,2,4500000,0,user_0,683,683,
5573,3,4200000,0,user_38,683,683,
5558,4,2600000,0,user_19,683,683,
5562,5,2300000,0,user_24,683,683,
5584,6,2000000,0,user_48,683,683,
5586,7,2000000,71800,user_49,683,683,
5563,8,1900000,0,user_25,683,683,
5583,9,1800000,71800,user_47,683,683,
5559,10,1700000,66100,user_22,683,683,
5568,11,1600000,36800,user_34,683,683,
5571,12,1500000,410000,user_37,683,683,
5550,13,1300001,0,user_7,683,683,5546
5555,14,1300001,0,user_14,683,683,5546
5546,15,1300000,66100,user_4,683,683,
5547,16,1299999,0,user_4,683,683,5546
5548,17,1299999,0,user_4,683,683,5546
5549,18,1299999,0,user_7,683,683,5546
5552,19,1299999,0,user_11,683,683,5546
5553,20,1299999,0,user_12,683,683,5546
5554,21,1299999,0,user_13,683,683,5546
5556,22,1299999,0,user_15,683,683,5546
5561,23,1100000,0,user_24,683,683,
5575,24,660000,3130,user_39,683,683,
5564,25,370000,0,user_30,683,683,
5560,26,360000,0,user_23,683,683,
5576,27,360000,959000,user_42,683,683,
5585,28,360000,0,user_49,683,683,
5566,29,260000,0,user_32,683,683,
5580,30,220000,0,user_46,683,683,
5565,31,160000,0,user_30,683,683,
5578,32,150000,32900,user_44,683,683,
5570,33,120000,0,user_37,683,683,
5574,34,120000,16400,user_38,683,683,
5544,35,110000,0,user_1,683,683,
5557,36,110000,16400,user_17,683,683,
5582,37,110000,0,user_46,683,683,
5567,38,98000,545000,user_33,683,683,
5577,39,87000,0,user_43,683,683,
5543,40,84000,0,user_1,683,683,
5572,41,79000,0,user_37,683,683,
5581,42,70000,0,user_46,683,683,
3746,0,30000000,0,user_47,684,684,
3731,1,27000000,0,user_32,684,684,
3700,2,6300001,0,user_5,684,684,3699
3703,3,6300001,0,user_8,684,684,3699
3704,4,6300001,0,user_9,684,684,3699
3705,5,6300001,0,user_10,684,684,3699
3706,6,6300001,0,user_10,684,684,3699
3710,7,6300001,0,user_12,684,684,3699
3711,8,6300001,0,user_12,684,684,3699
3712,9,6300001,0,user_14,684,684,3699
3714,10,6300001,0,user_15,684,684,3699
3699,11,6300000,13800,user_5,684,684,
3701,12,6299999,0,user_7,684,684,3699
3702,13,6299999,0,user_8,684,684,3699
3707,14,6299999,0,user_10,684,684,3699
3708,15,6299999,0,user_10,684,684,3699
3709,16,6299999,0,user_10,684,684,3699
3713,17,6299999,0,user_15,684,684,3699
3719,18,4500000,0,user_21,684,684,
3736,19,4500000,0,user_37,684,684,
3730,20,3500000,0,user_31,684,684,
3747,21,1600000,155000,user_48,684,684,
3718,22,1500000,0,user_19,684,684,
3722,23,1500000,0,user_24,684,684,
3735,24,1500000,0,user_36,684,684,
3740,25,1500000,0,user_40,684,684,
3741,26,1400000,7840,user_40,684,684,
3723,27,650000,8520,user_25,684,684,
3727,28,600000,0,user_29,684,684,
3743,29,530000,0,user_44,684,684,
3748,30,420000,0,user_48,684,684,
3732,31,360000,0,user_32,684,684,
3742,32,350000,0,user_43,684,684,
3715,33,190000,0,user_16,684,684,
3697,34,170000,0,user_4,684,684,
3698,35,130000,0,user_5,684,684,
3725,36,120000,510000,user_27,684,684,
3744,37,110000,100000,user_45,684,684,
3724,38,100000,0,user_26,684,684,
3729,39,80000,0,user_31,684,684,
3745,40,80000,0,user_46,684,684,
3739,41,79000,0,user_39,684,684,
3726,42,77000,5180,user_27,684,684,
3750,0,43000000,0,user_1,685,685,
3772,1,6300000,0,user_21,685,685,
3769,2,4200000,0,user_16,685,685,
3788,3,4200000,0,user_38,685,685,
3795,4,4200000,0,user_48,685,685,
3790,5,3600000,0,user_42,685,685,
3794,6,3500000,0,user_45,685,685,
3777,7,2500000,0,user_26,685,685,
3752,8,2400000,0,user_1,685,685,
3792,9,2100000,0,user_43,685,685,
3762,10,2000001,0,user_6,685,685,3760
3764,11,2000001,0,user_10,685,685,3760
3765,12,2000001,0,user_10,685,685,3760
3766,13,2000001,0,user_12,685,685,3760
3767,14,2000001,0,user_13,685,685,3760
3768,15,2000001,0,user_14,685,685,3760
3749,16,2000000,0,user_0,685,685,
3760,17,2000000,35600,user_6,685,685,
3773,18,2000000,7840,user_22,685,685,
3761,19,1999999,0,user_6,685,685,3760
3763,20,1999999,0,user_7,685,685,3760
3789,21,1600000,0,user_39,685,685,
3781,22,1400000,0,user_34,685,685,
3780,23,1200000,0,user_30,685,685,
3758,24,1100000,0,user_5,685,685,
3783,25,970000,0,user_36,685,685,
3796,26,660000,0,user_49,685,685,
3779,27,630000,0,user_29,685,685,
3793,28,530000,0,user_43,685,685,
3770,29,420000,0,user_16,685,685,
3774,30,420000,0,user_23,685,685,
3787,31,370000,0,user_38,685,685,
3756,32,320000,0,user_3,685,685,
3753,33,260000,0,user_1,685,685,
3771,34,150000,0,user_17,685,685,
3786,35,150000,381000,user_37,685,685,
3791,36,150000,0,user_42,685,685,
3751,37,130000,0,user_1,685,685,
3775,38,130000,43600,user_24,685,685,
3785,39,130000,0,user_37,685,685,
3754,40,100000,0,user_1,685,685,
3778,41,100000,0,user_27,685,685,
3759,42,98000,0,user_6,685,685,
3784,43,84000,0,user_36,685,685,
3776,44,79000,0,user_25,685,685,
3755,45,77000,0,user_2,685,685,
3757,46,70000,0,user_4,685,685,
3813,0,5000000,0,user_20,686,686,
3832,1,4500000,5180,user_39,686,686,
3822,2,3600000,0,user_32,686,686,
3826,3,2500000,0,user_34,686,686,
3811,4,2000000,0,user_18,686,686,
3817,5,1900000,0,user_26,686,686,
3815,6,1700000,0,user_23,686,686,
3816,7,1500000,12800,user_24,686,686,
3809,8,1400000,0,user_17,686,686,
3818,9,1100000,13900,user_27,686,686,
3830,10,1100000,0,user_38,686,686,
3834,11,1000000,0,user_46,686,686,
3821,12,600000,0,user_32,686,686,
3799,13,460001,0,user_1,686,686,3797
3802,14,460001,0,user_7,686,686,3797
3797,15,460000,10700,user_0,686,686,
3798,16,459999,0,user_1,686,686,3797
3800,17,459999,0,user_3,686,686,3797
3801,18,459999,0,user_5,686,686,3797
3804,19,459999,0,user_10,686,686,3797
3805,20,459999,0,user_12,686,686,3797
3806,21,459999,0,user_13,686,686,3797
3807,22,459999,0,user_14,686,686,3797
3808,23,300000,84800,user_16,686,686,
3820,24,260000,0,user_31,686,686,
3825,25,260000,0,user_34,686,686,
3810,26,170000,0,user_17,686,686,
3819,27,160000,0,user_30,686,686,
3827,28,160000,100000,user_34,686,686,
3824,29,150000,0,user_32,686,686,
3812,30,130000,0,user_19,686,686,
3814,31,120000,0,user_21,686,686,
3823,32,120000,0,user_32,686,686,
3829,33,110000,779000,user_38,686,686,
3831,34,110000,13900,user_38,686,686,
3836,35,83000,121000,user_49,686,686,
3833,36,82000,0,user_45,686,686,
3835,37,70000,0,user_47,686,686,
3856,0,5000000,0,user_18,687,687,
3868,1,3500000,0,user_30,687,687,
3883,2,3500000,42000,user_43,687,687,
3863,3,2300000,0,user_27,687,687,
3885,4,2100000,0,user_47,687,687,
3837,5,2000000,0,user_0,687,687,
3866,6,2000000,0,user_30,687,687,
3872,7,2000000,0,user_34,687,687,
3888,8,2000000,0,user_49,687,687,
3881,9,1900000,0,user_42,687,687,
3880,10,1500000,0,user_41,687,687,
3876,11,1400000,18600,user_37,687,687,
3857,12,1200000,0,user_22,687,687,
3875,13,1100000,31700,user_36,687,687,
3858,14,1000000,0,user_23,687,687,
3884,15,460000,0,user_45,687,687,
3852,16,420000,0,user_16,687,687,
3861,17,360000,0,user_26,687,687,
3854,18,340000,0,user_16,687,687,
3878,19,320000,0,user_39,687,687,
3855,20,300000,0,user_17,687,687,
3871,21,220000,0,user_34,687,687,
3886,22,220000,0,user_48,687,687,
3867,23,160000,15700,user_30,687,687,
3870,24,160000,0,user_32,687,687,
3877,25,160000,0,user_38,687,687,
3840,26,150001,0,user_4,687,687,3838
3841,27,150001,0,user_6,687,687,3838
3843,28,150001,0,user_7,687,687,3838
3847,29,150001,0,user_13,687,687,3838
3849,30,150001,0,user_15,687,687,3838
3838,31,150000,510000,user_2,687,687,
3864,32,150000,0,user_30,687,687,
3839,33,149999,0,user_3,687,687,3838
3842,34,149999,0,user_7,687,687,3838
3845,35,149999,0,user_10,687,687,3838
3846,36,149999,0,user_11,687,687,3838
3848,37,149999,0,user_14,687,687,3838
3850,38,149999,0,user_15,687,687,3838
3869,39,110000,49100,user_31,687,687,
3853,40,85000,0,user_16,687,687,
3887,41,85000,0,user_49,687,687,
3859,42,82000,256000,user_24,687,687,
3882,43,82000,67900,user_42,687,687,
3860,44,80000,0,user_25,687,687,
3862,45,79000,0,user_27,687,687,
3865,46,79000,84800,user_30,687,687,
3851,47,70000,0,user_16,687,687,
3917,0,30000000,0,user_25,688,688,
3902,1,6300000,0,user_16,688,688,
3911,2,4500000,0,user_18,688,688,
3930,3,4200000,0,user_40,688,688,
3908,4,2300000,0,user_17,688,688,
3931,5,2000000,0,user_42,688,688,
3903,6,1900000,121000,user_16,688,688,
3919,7,1900000,0,user_27,688,688,
3904,8,1600000,181000,user_16,688,688,
3927,9,1500000,0,user_37,688,688,
3901,10,1400000,46500,user_16,688,688,
3921,11,1400000,0,user_30,688,688,
3926,12,1400000,13900,user_36,688,688,
3909,13,1100000,0,user_17,688,688,
3905,14,1000000,0,user_16,688,688,
3915,15,530000,0,user_22,688,688,
3914,16,460000,0,user_21,688,688,
3933,17,460000,0,user_44,688,688,
3907,18,420000,0,user_17,688,688,
3928,19,360000,0,user_37,688,688,
3910,20,350000,0,user_17,688,688,
3906,21,320000,0,user_17,688,688,
3925,22,310000,0,user_34,688,688,
3934,23,190000,0,user_44,688,688,
3913,24,170000,0,user_20,688,688,
3893,25,160001,0,user_5,688,688,3889
3899,26,160001,0,user_14,688,688,3889
3889,27,160000,5630,user_0,688,688,
3890,28,159999,0,user_1,688,688,3889
3891,29,159999,0,user_3,688,688,3889
3892,30,159999,0,user_5,688,688,3889
3894,31,159999,0,user_6,688,688,3889
3895,32,159999,0,user_9,688,688,3889
3900,33,159999,0,user_15,688,688,3889
3918,34,150000,0,user_27,688,688,
3920,35,150000,0,user_27,688,688,
3924,36,150000,0,user_32,688,688,
3923,37,120000,0,user_31,688,688,
3935,38,120000,0,user_45,688,688,
3936,39,120000,0,user_45,688,688,
3932,40,110000,0,user_42,688,688,
3922,41,87000,0,user_30,688,688,
3937,42,85000,0,user_46,688,688,
3939,43,77000,0,user_49,688,688,
3984,0,43000000,0,user_42,689,689,
3947,1,27000000,0,user_7,689,689,
3953,2,6300000,0,user_17,689,689,
3945,3,5000000,0,user_5,689,689,
3941,4,4500000,0,user_1,689,689,
3979,5,4200000,18600,user_38,689,689,
3940,6,3200000,0,user_0,689,689,
3944,7,2000000,0,user_3,689,689,
3965,8,2000000,0,user_23,689,689,
3950,9,1600001,0,user_12,689,689,3948
3951,10,1600001,0,user_14,689,689,3948
3963,11,1600000,0,user_22,689,689,
3990,12,1600000,0,user_44,689,689,
3992,13,1600000,0,user_46,689,689,
3949,14,1599999,0,user_11,689,689,3948
3952,15,1599999,0,user_14,689,689,3948
3983,16,1500000,0,user_42,689,689,
3991,17,1500000,0,user_46,689,689,
3959,18,1400000,31700,user_20,689,689,
3986,19,1400000,0,user_42,689,689,
3967,20,1100000,0,user_25,689,689,
3982,21,1100000,0,user_42,689,689,
3954,22,1000000,0,user_17,689,689,
3964,23,1000000,0,user_22,689,689,
3968,24,1000000,0,user_27,689,689,
3942,25,870000,0,user_2,689,689,
3969,26,870000,0,user_29,689,689,
3962,27,670000,0,user_20,689,689,
3960,28,630000,0,user_20,689,689,
3988,29,600000,0,user_44,689,689,
3970,30,470000,0,user_30,689,689,
3974,31,320000,7190000,user_33,689,689,
3957,32,310000,0,user_19,689,689,
3987,33,310000,31700,user_44,689,689,
3973,34,300000,0,user_32,689,689,
3956,35,260000,0,user_18,689,689,
3975,36,240000,0,user_34,689,689,
3966,37,220000,0,user_24,689,689,
3971,38,170000,0,user_32,689,689,
3946,39,160000,0,user_6,689,689,
3985,40,160000,0,user_42,689,689,
3978,41,130000,410000,user_36,689,689,
3972,42,120000,322000,user_32,689,689,
3989,43,100000,0,user_44,689,689,
3976,44,98000,0,user_34,689,689,
3943,45,85000,0,user_3,689,689,
3981,46,84000,0,user_41,689,689,
3955,47,82000,0,user_18,689,689,
3961,48,82000,0,user_20,689,689,
3958,49,79000,0,user_20,689,689,
4015,0,6300000,0,user_24,690,690,
4021,1,5200000,0,user_33,690,690,
4007,2,5000000,0,user_17,690,690,
4035,3,3600000,0,user_44,690,690,
4039,4,3200000,3130,user_49,690,690,
4014,5,2500000,0,user_23,690,690,
4028,6,2400000,0,user_37,690,690,
4030,7,2300000,181000,user_39,690,690,
4040,8,2100000,0,user_49,690,690,
4009,9,2000000,0,user_19,690,690,
4013,10,1500000,0,user_22,690,690,
4017,11,1500000,0,user_26,690,690,
4034,12,1400000,0,user_44,690,690,
4037,13,1400000,0,user_47,690,690,
4018,14,1000000,0,user_28,690,690,
4019,15,870000,68100,user_30,690,690,
4024,16,650000,0,user_33,690,690,
4012,17,630000,0,user_21,690,690,
4033,18,630000,0,user_42,690,690,
4027,19,530000,285000,user_36,690,690,
3993,20,460000,0,user_0,690,690,
4016,21,350000,0,user_25,690,690,
3996,22,310001,0,user_3,690,690,3995
3997,23,310001,0,user_3,690,690,3995
3998,24,310001,0,user_4,690,690,3995
4002,25,310001,0,user_10,690,690,3995
4003,26,310001,0,user_11,690,690,3995
3995,27,310000,256000,user_2,690,690,
3999,28,309999,0,user_5,690,690,3995
4000,29,309999,0,user_6,690,690,3995
4004,30,309999,0,user_12,690,690,3995
4005,31,309999,0,user_15,690,690,3995
4011,32,300000,0,user_20,690,690,
4036,33,220000,0,user_47,690,690,
4020,34,170000,0,user_31,690,690,
4023,35,170000,0,user_33,690,690,
4010,36,130000,0,user_19,690,690,
4022,37,110000,0,user_33,690,690,
4029,38,110000,0,user_38,690,690,
4032,39,110000,0,user_41,690,690,
4038,40,110000,0,user_48,690,690,
3994,41,85000,0,user_2,690,690,
4006,42,85000,0,user_16,690,690,
4026,43,83000,0,user_36,690,690,
4008,44,79000,0,user_18,690,690,
4031,45,70000,0,user_39,690,690,
4071,0,6100000,0,user_29,691,691,
4067,1,5000000,0,user_22,691,691,
4044,2,2500000,0,user_3,691,691,
4073,3,2500000,0,user_32,691,691,
4063,4,2000000,0,user_16,691,691,
4077,5,2000000,0,user_35,691,691,
4078,6,1900000,0,user_36,691,691,
4041,7,1600000,0,user_1,691,691,
4083,8,1500000,0,user_42,691,691,
4075,9,1200000,0,user_34,691,691,
4082,10,1000000,0,user_40,691,691,
4084,11,1000000,0,user_44,691,691,
4089,12,970000,0,user_49,691,691,
4065,13,870000,0,user_19,691,691,
4086,14,530000,0,user_46,691,691,
4076,15,470000,128000,user_34,691,691,
4088,16,460000,0,user_47,691,691,
4069,17,310000,0,user_24,691,691,
4079,18,310000,0,user_37,691,691,
4042,19,240000,0,user_1,691,691,
4087,20,170000,0,user_46,691,691,
4047,21,160001,0,user_3,691,691,4045
4048,22,160001,0,user_4,691,691,4045
4050,23,160001,0,user_6,691,691,4045
4051,24,160001,0,user_7,691,691,4045
4052,25,160001,0,user_8,691,691,4045
4055,26,160001,0,user_12,691,691,4045
4057,27,160001,0,user_12,691,691,4045
4061,28,160001,0,user_15,691,691,4045
4062,29,160001,0,user_15,691,691,4045
4045,30,160000,510000,user_3,691,691,
4046,31,159999,0,user_3,691,691,4045
4049,32,159999,0,user_5,691,691,4045
4054,33,159999,0,user_12,691,691,4045
4056,34,159999,0,user_12,691,691,4045
4058,35,159999,0,user_12,691,691,4045
4060,36,159999,0,user_15,691,691,4045
4043,37,150000,0,user_2,691,691,
4068,38,110000,0,user_22,691,691,
4074,39,110000,0,user_32,691,691,
4064,40,100000,0,user_17,691,691,
4070,41,82000,17000,user_29,691,691,
4066,42,79000,0,user_21,691,691,
4085,43,73000,0,user_45,691,691,
4116,0,30000000,39400,user_30,692,692,
4137,1,30000000,0,user_48,692,692,
4106,2,6100000,0,user_18,692,692,
4124,3,5000000,49100,user_39,692,692,
4118,4,4500000,0,user_34,692,692,
4107,5,4200000,0,user_18,692,692,
4128,6,3500000,0,user_41,692,692,
4132,7,3500000,0,user_45,692,692,
4119,8,2000000,0,user_35,692,692,
4126,9,1500000,0,user_40,692,692,
4135,10,1500000,0,user_45,692,692,
4130,11,1200000,231000,user_44,692,692,
4120,12,1100000,0,user_35,692,692,
4122,13,1100000,11200,user_36,692,692,
4133,14,1000000,0,user_45,692,692,
4112,15,670000,0,user_27,692,692,
4125,16,660000,215000,user_40,692,692,
4138,17,660000,0,user_49,692,692,
4114,18,630000,0,user_28,692,692,
4113,19,600000,0,user_27,692,692,
4134,20,460000,0,user_45,692,692,
4129,21,370000,0,user_42,692,692,
4091,22,340001,0,user_3,692,692,4090
4092,23,340001,0,user_4,692,692,4090
4096,24,340001,0,user_6,692,692,4090
4099,25,340001,0,user_9,692,692,4090
4104,26,340001,0,user_15,692,692,4090
4090,27,340000,369000,user_1,692,692,
4093,28,339999,0,user_4,692,692,4090
4094,29,339999,0,user_5,692,692,4090
4095,30,339999,0,user_6,692,692,4090
4098,31,339999,0,user_9,692,692,4090
4123,32,310000,46500,user_37,692,692,
4121,33,170000,0,user_35,692,692,
4115,34,150000,0,user_29,692,692,
4110,35,120000,0,user_25,692,692,
4105,36,110000,0,user_17,692,692,
4131,37,98000,0,user_45,692,692,
4108,38,87000,769000,user_21,692,692,
4127,39,87000,108000,user_41,692,692,
4136,40,82000,0,user_46,692,692,
4117,41,70000,0,user_32,692,692,
4169,0,2600000,0,user_46,693,693,
4161,1,2300000,0,user_31,693,693,
4155,2,2100000,0,user_22,693,693,
4170,3,2000000,0,user_48,693,693,
4158,4,1900000,410000,user_30,693,693,
4140,5,1600000,0,user_1,693,693,
4154,6,1400000,0,user_19,693,693,
4159,7,1000000,0,user_31,693,693,
4165,8,660000,4320000,user_41,693,693,
4143,9,460001,0,user_6,693,693,4141
4144,10,460001,0,user_8,693,693,4141
4146,11,460001,0,user_10,693,693,4141
4147,12,460001,0,user_10,693,693,4141
4149,13,460001,0,user_14,693,693,4141
4141,14,460000,35600,user_2,693,693,
4142,15,459999,0,user_4,693,693,4141
4145,16,459999,0,user_9,693,693,4141
4148,17,459999,0,user_11,693,693,4141
4150,18,459999,0,user_15,693,693,4141
4153,19,340000,35100,user_19,693,693,
4160,20,320000,0,user_31,693,693,
4163,21,150000,0,user_36,693,693,
4171,22,150000,0,user_49,693,693,
4139,23,120000,0,user_1,693,693,
4164,24,110000,0,user_39,693,693,
4156,25,98000,0,user_27,693,693,
4162,26,98000,71800,user_33,693,693,
4166,27,77000,0,user_41,693,693,
4212,0,43000000,0,user_41,694,694,
4175,1,30000001,0,user_3,694,694,4173
4177,2,30000001,0,user_6,694,694,4173
4178,3,30000001,0,user_6,694,694,4173
4179,4,30000001,0,user_8,694,694,4173
4181,5,30000001,0,user_8,694,694,4173
4185,6,30000001,0,user_10,694,694,4173
4186,7,30000001,0,user_12,694,694,4173
4188,8,30000001,0,user_12,694,694,4173
4189,9,30000001,0,user_12,694,694,4173
4192,10,30000001,0,user_15,694,694,4173
4173,11,30000000,10700,user_2,694,694,
4174,12,29999999,0,user_3,694,694,4173
4176,13,29999999,0,user_4,694,694,4173
4180,14,29999999,0,user_8,694,694,4173
4182,15,29999999,0,user_8,694,694,4173
4183,16,29999999,0,user_8,694,694,4173
4184,17,29999999,0,user_9,694,694,4173
4187,18,29999999,0,user_12,694,694,4173
4190,19,29999999,0,user_12,694,694,4173
4213,20,6100000,0,user_42,694,694,
4201,21,3500000,0,user_23,694,694,
4206,22,3500000,0,user_31,694,694,
4195,23,2300000,0,user_16,694,694,
4209,24,1500000,0,user_38,694,694,
4210,25,1400000,0,user_39,694,694,
4198,26,1200000,0,user_18,694,694,
4204,27,600000,0,user_28,694,694,
4205,28,470000,0,user_30,694,694,
4196,29,420000,0,user_16,694,694,
4208,30,420000,0,user_37,694,694,
4193,31,170000,0,user_16,694,694,
4217,32,170000,769000,user_49,694,694,
4211,33,160000,0,user_40,694,694,
4197,34,150000,0,user_16,694,694,
4200,35,150000,0,user_20,694,694,
4194,36,120000,0,user_16,694,694,
4207,37,120000,0,user_35,694,694,
4214,38,120000,0,user_43,694,694,
4202,39,79000,0,user_24,694,694,
4199,40,77000,0,user_20,694,694,
4249,0,30000000,12300,user_32,695,695,
4254,1,19000000,369000,user_34,695,695,
4267,2,19000000,0,user_48,695,695,
4234,3,6300000,231000,user_17,695,695,
4247,4,6300000,12800,user_29,695,695,
4241,5,4500000,0,user_26,695,695,
4246,6,3600000,0,user_29,695,695,
4244,7,2600000,0,user_28,695,695,
4237,8,2300000,0,user_20,695,695,
4232,9,2100000,0,user_16,695,695,
4264,10,1800000,24700,user_44,695,695,
4266,11,1600000,0,user_47,695,695,
4253,12,1500000,0,user_34,695,695,
4236,13,1300000,0,user_19,695,695,
4230,14,1100000,0,user_16,695,695,
4243,15,1000000,0,user_27,695,695,
4250,16,1000000,0,user_34,695,695,
4259,17,1000000,0,user_39,695,695,
4240,18,910000,0,user_24,695,695,
4233,19,670000,36800,user_16,695,695,
4256,20,670000,0,user_36,695,695,
4242,21,660000,0,user_26,695,695,
4235,22,420000,0,user_17,695,695,
4263,23,420000,0,user_43,695,695,
4239,24,260000,0,user_23,695,695,
4251,25,220000,0,user_34,695,695,
4220,26,170001,0,user_3,695,695,4218
4223,27,170001,0,user_7,695,695,4218
4226,28,170001,0,user_10,695,695,4218
4227,29,170001,0,user_11,695,695,4218
4218,30,170000,68100,user_0,695,695,
4231,31,170000,0,user_16,695,695,
4257,32,170000,12300,user_37,695,695,
4219,33,169999,0,user_1,695,695,4218
4221,34,169999,0,user_3,695,695,4218
4222,35,169999,0,user_4,695,695,4218
4228,36,169999,0,user_15,695,695,4218
4229,37,150000,0,user_16,695,695,
4238,38,150000,0,user_21,695,695,
4261,39,150000,0,user_41,695,695,
4262,40,120000,0,user_42,695,695,
4245,41,110000,0,user_28,695,695,
4252,42,110000,0,user_34,695,695,
4265,43,100000,0,user_46,695,695,
4248,44,87000,146000,user_31,695,695,
4258,45,82000,0,user_38,695,695,
4311,0,30000000,0,user_32,696,696,
4270,1,27000001,0,user_6,696,696,4269
4271,2,27000001,0,user_6,696,696,4269
4273,3,27000001,0,user_7,696,696,4269
4276,4,27000001,0,user_9,696,696,4269
4277,5,27000001,0,user_9,696,696,4269
4278,6,27000001,0,user_9,696,696,4269
4281,7,27000001,0,user_10,696,696,4269
4282,8,27000001,0,user_10,696,696,4269
4284,9,27000001,0,user_11,696,696,4269
4286,10,27000001,0,user_14,696,696,4269
4269,11,27000000,195000,user_6,696,696,
4298,12,27000000,0,user_24,696,696,
4324,13,27000000,0,user_46,696,696,
4272,14,26999999,0,user_7,696,696,4269
4274,15,26999999,0,user_8,696,696,4269
4275,16,26999999,0,user_9,696,696,4269
4279,17,26999999,0,user_9,696,696,4269
4280,18,26999999,0,user_10,696,696,4269
4283,19,26999999,0,user_10,696,696,4269
4285,20,26999999,0,user_13,696,696,4269
4323,21,19000000,0,user_45,696,696,
4304,22,5000000,0,user_29,696,696,
4294,23,4200000,0,user_22,696,696,
4302,24,4200000,0,user_28,696,696,
4317,25,3600000,0,user_39,696,696,
4309,26,3500000,0,user_31,696,696,
4296,27,3200000,0,user_23,696,696,
4319,28,2600000,0,user_42,696,696,
4321,29,2600000,0,user_44,696,696,
4305,30,1800000,0,user_29,696,696,
4308,31,1700000,594000,user_31,696,696,
4303,32,1400000,0,user_29,696,696,
4316,33,1400000,0,user_39,696,696,
4292,34,1300000,5180,user_19,696,696,
4297,35,1100000,0,user_23,696,696,
4290,36,660000,0,user_18,696,696,
4313,37,650000,10700,user_37,696,696,
4301,38,600000,0,user_27,696,696,
4306,39,460000,0,user_29,696,696,
4310,40,310000,296000,user_32,696,696,
4315,41,220000,0,user_39,696,696,
4312,42,190000,0,user_35,696,696,
4295,43,170000,0,user_22,696,696,
4299,44,170000,0,user_24,696,696,
4287,45,130000,0,user_16,696,696,
4268,46,120000,0,user_4,696,696,
4318,47,120000,42000,user_42,696,696,
4289,48,110000,0,user_17,696,696,
4314,49,110000,0,user_38,696,696,
4300,50,100000,0,user_26,696,696,
4288,51,87000,0,user_16,696,696,
4291,52,82000,0,user_19,696,696,
4322,53,77000,0,user_45,696,696,
4341,0,6100000,0,user_16,697,697,
4368,1,6100000,381000,user_43,697,697,
4379,2,6100000,0,user_49,697,697,
4359,3,5200000,0,user_35,697,697,
4352,4,5000000,0,user_29,697,697,
4346,5,4500000,0,user_21,697,697,
4370,6,3600000,0,user_43,697,697,
4333,7,3500001,0,user_8,697,697,4332
4334,8,3500001,0,user_8,697,697,4332
4335,9,3500001,0,user_10,697,697,4332
4336,10,3500001,0,user_11,697,697,4332
4340,11,3500001,0,user_15,697,697,4332
4332,12,3500000,84800,user_6,697,697,
4338,13,3499999,0,user_13,697,697,4332
4339,14,3499999,0,user_14,697,697,4332
4350,15,2600000,0,user_27,697,697,
4376,16,2600000,283000,user_46,697,697,
4369,17,2500000,0,user_43,697,697,
4373,18,2000000,0,user_46,697,697,
4349,19,1800000,128000,user_23,697,697,
4348,20,1600000,0,user_23,697,697,
4351,21,1600000,0,user_28,697,697,
4328,22,1500000,0,user_3,697,697,
4364,23,1500000,0,user_37,697,697,
4329,24,1400000,0,user_4,697,697,
4371,25,1400000,24700,user_45,697,697,
4342,26,1000000,0,user_17,697,697,
4363,27,1000000,56200,user_37,697,697,
4327,28,600000,0,user_1,697,697,
4355,29,600000,0,user_31,697,697,
4353,30,470000,0,user_29,697,697,
4345,31,460000,0,user_21,697,697,
4344,32,350000,0,user_20,697,697,
4374,33,350000,0,user_46,697,697,
4330,34,340000,0,user_4,697,697,
4331,35,340000,0,user_6,697,697,
4366,36,320000,0,user_39,697,697,
4377,37,320000,0,user_46,697,697,
4362,38,310000,18600,user_37,697,697,
4343,39,170000,0,user_18,697,697,
4358,40,160000,0,user_34,697,697,
4347,41,150000,0,user_22,697,697,
4372,42,150000,0,user_45,697,697,
4361,43,120000,0,user_37,697,697,
4326,44,110000,0,user_0,697,697,
4360,45,110000,0,user_37,697,697,
4354,46,98000,0,user_30,697,697,
4357,47,83000,0,user_33,697,697,
4365,48,82000,0,user_38,697,697,
4375,49,77000,0,user_46,697,697,
4382,0,27000000,0,user_2,698,698,
4410,1,27000000,0,user_22,698,698,
4421,2,19000000,0,user_30,698,698,
4383,3,6100000,0,user_3,698,698,
4414,4,6100000,0,user_26,698,698,
4381,5,5200000,0,user_1,698,698,
4418,6,4500000,350000,user_29,698,698,
4412,7,3600000,0,user_23,698,698,
4408,8,3500000,0,user_18,698,698,
4427,9,3500000,0,user_36,698,698,
4429,10,3200000,0,user_40,698,698,
4423,11,2600000,64600,user_34,698,698,
4380,12,2400000,0,user_0,698,698,
4431,13,2000000,0,user_43,698,698,
4425,14,1600000,0,user_35,698,698,
4428,15,1600000,0,user_39,698,698,
4435,16,1600000,545000,user_47,698,698,
4415,17,970000,0,user_27,698,698,
4417,18,970000,0,user_28,698,698,
4413,19,870000,0,user_24,698,698,
4416,20,650000,0,user_28,698,698,
4411,21,600000,0,user_22,698,698,
4426,22,600000,0,user_36,698,698,
4406,23,420000,0,user_16,698,698,
4420,24,420000,35100,user_30,698,698,
4424,25,420000,36800,user_34,698,698,
4433,26,310000,0,user_45,698,698,
4409,27,260000,0,user_21,698,698,
4436,28,190000,0,user_49,698,698,
4407,29,160000,0,user_18,698,698,
4422,30,160000,0,user_30,698,698,
4434,31,150000,0,user_46,698,698,
4432,32,120000,0,user_43,698,698,
4419,33,110000,0,user_30,698,698,
4387,34,79001,0,user_7,698,698,4384
4388,35,79001,0,user_8,698,698,4384
4392,36,79001,0,user_10,698,698,4384
4393,37,79001,0,user_10,698,698,4384
4396,38,79001,0,user_12,698,698,4384
4398,39,79001,0,user_12,698,698,4384
4400,40,79001,0,user_13,698,698,4384
4402,41,79001,0,user_13,698,698,4384
4403,42,79001,0,user_13,698,698,4384
4389,43,78999,0,user_9,698,698,4384
4390,44,78999,0,user_10,698,698,4384
4391,45,78999,0,user_10,698,698,4384
4394,46,78999,0,user_12,698,698,4384
4395,47,78999,0,user_12,698,698,4384
4397,48,78999,0,user_12,698,698,4384
4399,49,78999,0,user_13,698,698,4384
4401,50,78999,0,user_13,698,698,4384
4404,51,78999,0,user_14,698,698,4384
4405,52,78999,0,user_15,698,698,4384
4463,0,27000000,0,user_25,699,699,
4474,1,5000000,0,user_35,699,699,
4482,2,4500000,0,user_40,699,699,
4466,3,3600000,0,user_27,699,699,
4490,4,2400000,0,user_49,699,699,
4461,5,2300000,32900,user_24,699,699,
4484,6,2000000,0,user_44,699,699,
4437,7,1800000,0,user_0,699,699,
4483,8,1700000,23500,user_42,699,699,
4455,9,1500000,0,user_16,699,699,
4462,10,1500000,0,user_24,699,699,
4476,11,1400000,0,user_37,699,699,
4489,12,1400000,0,user_49,699,699,
4468,13,1300000,4320000,user_29,699,699,
4472,14,1200000,0,user_33,699,699,
4457,15,1100000,0,user_20,699,699,
4481,16,1100000,84800,user_39,699,699,
4478,17,1000000,0,user_39,699,699,
4491,18,670000,13800,user_49,699,699,
4467,19,470000,0,user_28,699,699,
4487,20,460000,0,user_47,699,699,
4475,21,420000,0,user_37,699,699,
4480,22,420000,0,user_39,699,699,
4486,23,370000,0,user_46,699,699,
4471,24,260000,0,user_32,699,699,
4470,25,220000,0,user_31,699,699,
4464,26,160000,0,user_26,699,699,
4479,27,160000,0,user_39,699,699,
4456,28,150000,181000,user_19,699,699,
4485,29,150000,350000,user_45,699,699,
4439,30,120001,0,user_3,699,699,4438
4440,31,120001,0,user_4,699,699,4438
4441,32,120001,0,user_6,699,699,4438
4444,33,120001,0,user_8,699,699,4438
4445,34,120001,0,user_9,699,699,4438
4451,35,120001,0,user_12,699,699,4438
4452,36,120001,0,user_12,699,699,4438
4453,37,120001,0,user_14,699,699,4438
4438,38,120000,16400,user_3,699,699,
4442,39,119999,0,user_6,699,699,4438
4443,40,119999,0,user_8,699,699,4438
4446,41,119999,0,user_10,699,699,4438
4448,42,119999,0,user_12,699,699,4438
4449,43,119999,0,user_12,699,699,4438
4450,44,119999,0,user_12,699,699,4438
4454,45,110000,0,user_16,699,699,
4488,46,84000,0,user_49,699,699,
4477,47,82000,0,user_39,699,699,
4465,48,77000,0,user_26,699,699,
4535,0,27000000,0,user_40,700,700,
4520,1,19000000,67900,user_27,700,700,
4519,2,6100000,0,user_26,700,700,
4537,3,5200000,67500,user_41,700,700,
4546,4,5000000,0,user_47,700,700,
4548,5,4500000,0,user_48,700,700,
4532,6,4200000,0,user_36,700,700,
4549,7,3500000,146000,user_49,700,700,
4528,8,2600000,0,user_33,700,700,
4494,9,2300000,0,user_3,700,700,
4521,10,1800000,0,user_28,700,700,
4523,11,1700000,0,user_30,700,700,
4501,12,1500000,0,user_6,700,700,
4526,13,1500000,3130,user_30,700,700,
4529,14,1500000,0,user_34,700,700,
4539,15,1400000,181000,user_43,700,700,
4514,16,1100000,0,user_22,700,700,
4533,17,1100000,0,user_36,700,700,
4512,18,1000000,0,user_19,700,700,
4495,19,970000,0,user_4,700,700,
4545,20,870000,0,user_47,700,700,
4516,21,650000,0,user_24,700,700,
4544,22,630000,17000,user_47,700,700,
4530,23,600000,5180,user_34,700,700,
4524,24,470000,0,user_30,700,700,
4541,25,470000,0,user_44,700,700,
4500,26,460000,0,user_6,700,700,
4547,27,460000,42000,user_47,700,700,
4493,28,420000,0,user_2,700,700,
4525,29,360000,0,user_30,700,700,
4492,30,320000,0,user_2,700,700,
4527,31,320000,14200,user_31,700,700,
4498,32,300000,0,user_5,700,700,
4515,33,300000,0,user_23,700,700,
4497,34,220000,0,user_5,700,700,
4522,35,220000,0,user_28,700,700,
4536,36,220000,36800,user_40,700,700,
4513,37,190000,0,user_20,700,700,
4505,38,150001,0,user_10,700,700,4502
4511,39,150001,0,user_15,700,700,4502
4502,40,150000,381000,user_6,700,700,
4503,41,149999,0,user_6,700,700,4502
4504,42,149999,0,user_8,700,700,4502
4506,43,149999,0,user_11,700,700,4502
4508,44,149999,0,user_14,700,700,4502
4509,45,149999,0,user_14,700,700,4502
4510,46,149999,0,user_14,700,700,4502
4543,47,110000,19700,user_47,700,700,
4540,48,87000,0,user_43,700,700,
4496,49,77000,0,user_4,700,700,
4499,50,73000,0,user_6,700,700,
4517,51,70000,18600,user_24,700,700,
4602,0,19000000,0,user_47,701,701,
4596,1,6100000,0,user_38,701,701,
4578,2,5000000,0,user_19,701,701,
4598,3,5000000,0,user_40,701,701,
4555,4,2400001,0,user_1,701,701,4554
4557,5,2400001,0,user_1,701,701,4554
4558,6,2400001,0,user_4,701,701,4554
4559,7,2400001,0,user_5,701,701,4554
4562,8,2400001,0,user_9,701,701,4554
4563,9,2400001,0,user_9,701,701,4554
4564,10,2400001,0,user_10,701,701,4554
4568,11,2400001,0,user_12,701,701,4554
4570,12,2400001,0,user_12,701,701,4554
4571,13,2400001,0,user_13,701,701,4554
4554,14,2400000,36800,user_1,701,701,
4556,15,2399999,0,user_1,701,701,4554
4565,16,2399999,0,user_10,701,701,4554
4566,17,2399999,0,user_11,701,701,4554
4567,18,2399999,0,user_12,701,701,4554
4569,19,2399999,0,user_12,701,701,4554
4572,20,2399999,0,user_14,701,701,4554
4594,21,1800000,594000,user_35,701,701,
4573,22,1600000,0,user_16,701,701,
4603,23,1500000,0,user_48,701,701,
4590,24,1400000,0,user_31,701,701,
4588,25,1300000,0,user_29,701,701,
4575,26,1200000,0,user_19,701,701,
4582,27,1100000,0,user_22,701,701,
4587,28,1000000,0,user_26,701,701,
4592,29,1000000,0,user_34,701,701,
4589,30,970000,3130,user_30,701,701,
4553,31,630000,0,user_1,701,701,
4576,32,630000,350000,user_19,701,701,
4597,33,460000,0,user_39,701,701,
4552,34,360000,0,user_0,701,701,
4574,35,360000,0,user_17,701,701,
4581,36,220000,84800,user_21,701,701,
4600,37,220000,0,user_44,701,701,
4550,38,170000,0,user_0,701,701,
4584,39,120000,0,user_23,701,701,
4577,40,110000,100000,user_19,701,701,
4593,41,110000,164000,user_34,701,701,
4586,42,100000,0,user_25,701,701,
4591,43,98000,0,user_34,701,701,
4551,44,87000,0,user_0,701,701,
4583,45,82000,0,user_22,701,701,
4599,46,79000,0,user_41,701,701,
4604,47,79000,0,user_48,701,701,
4601,48,77000,285000,user_45,701,701,
4624,0,6300000,0,user_21,702,702,
4613,1,5200000,0,user_12,702,702,
4650,2,5200000,0,user_45,702,702,
4626,3,5000000,0,user_23,702,702,
4653,4,5000000,121000,user_46,702,702,
4625,5,4500000,0,user_21,702,702,
4614,6,4200000,84800,user_13,702,702,
4615,7,4199999,0,user_15,702,702,4614
4648,8,3600000,0,user_43,702,702,
4607,9,3500000,0,user_1,702,702,
4641,10,2600000,0,user_38,702,702,
4651,11,2600000,0,user_46,702,702,
4606,12,2000000,0,user_1,702,702,
4608,13,2000000,0,user_2,702,702,
4621,14,2000000,49100,user_21,702,702,
4635,15,2000000,0,user_28,702,702,
4646,16,2000000,0,user_41,702,702,
4628,17,1900000,0,user_26,702,702,
4640,18,1800000,0,user_38,702,702,
4631,19,1000000,0,user_27,702,702,
4636,20,970000,0,user_31,702,702,
4644,21,970000,6390,user_38,702,702,
4616,22,670000,0,user_17,702,702,
4618,23,660000,0,user_18,702,702,
4612,24,650000,0,user_10,702,702,
4617,25,600000,0,user_17,702,702,
4622,26,460000,322000,user_21,702,702,
4642,27,460000,0,user_38,702,702,
4655,28,460000,3130,user_47,702,702,
4611,29,420000,0,user_6,702,702,
4637,30,360000,0,user_33,702,702,
4639,31,340000,0,user_37,702,702,
4610,32,220000,0,user_4,702,702,
4627,33,160000,0,user_25,702,702,
4609,34,150000,0,user_3,702,702,
4629,35,150000,0,user_27,702,702,
4630,36,130000,0,user_27,702,702,
4647,37,130000,0,user_42,702,702,
4623,38,120000,0,user_21,702,702,
4632,39,120000,0,user_27,702,702,
4652,40,120000,0,user_46,702,702,
4619,41,110000,0,user_19,702,702,
4634,42,110000,32900,user_28,702,702,
4643,43,110000,0,user_38,702,702,
4654,44,110000,0,user_46,702,702,
4656,45,100000,0,user_48,702,702,
4633,46,85000,0,user_27,702,702,
4605,47,82000,0,user_0,702,702,
4620,48,82000,6390,user_20,702,702,
4657,49,80000,8520,user_49,702,702,
4649,50,70000,84800,user_44,702,702,
4709,0,30000000,0,user_42,703,703,
4684,1,5200000,0,user_19,703,703,
4693,2,5200000,0,user_27,703,703,
4672,3,5000000,0,user_11,703,703,
4716,4,5000000,0,user_49,703,703,
4704,5,4200000,0,user_35,703,703,
4707,6,3500000,30200,user_37,703,703,
4702,7,2600000,0,user_33,703,703,
4708,8,1700000,12800,user_38,703,703,
4670,9,1600000,0,user_10,703,703,
4692,10,1600000,0,user_24,703,703,
4705,11,1600000,0,user_36,703,703,
4703,12,1400000,0,user_34,703,703,
4660,13,1200000,0,user_3,703,703,
4694,14,1200000,0,user_27,703,703,
4669,15,1100000,0,user_10,703,703,
4687,16,1000000,66100,user_21,703,703,
4715,17,1000000,0,user_49,703,703,
4706,18,970000,0,user_37,703,703,
4691,19,910000,0,user_24,703,703,
4685,20,670000,0,user_19,703,703,
4663,21,660000,0,user_4,703,703,
4671,22,660000,0,user_11,703,703,
4699,23,630000,146000,user_33,703,703,
4688,24,350000,0,user_22,703,703,
4664,25,340000,0,user_5,703,703,
4700,26,340000,0,user_33,703,703,
4696,27,260000,0,user_31,703,703,
4683,28,220000,0,user_19,703,703,
4701,29,190000,0,user_33,703,703,
4680,30,170000,0,user_16,703,703,
4689,31,170000,0,user_22,703,703,
4710,32,170000,0,user_42,703,703,
4713,33,170000,8520,user_44,703,703,
4686,34,160000,139000,user_19,703,703,
4659,35,150000,0,user_1,703,703,
4690,36,150000,0,user_23,703,703,
4658,37,130000,0,user_0,703,703,
4662,38,120000,0,user_4,703,703,
4677,39,110001,0,user_13,703,703,4674
4661,40,110000,0,user_3,703,703,
4668,41,110000,0,user_9,703,703,
4678,42,109999,0,user_14,703,703,4674
4714,43,98000,0,user_47,703,703,
4697,44,82000,15100,user_32,703,703,
4698,45,77000,13900,user_33,703,703,
4768,0,6100000,0,user_46,704,704,
4760,1,5000000,0,user_35,704,704,
4750,2,4200000,17000,user_23,704,704,
4755,3,4200000,0,user_32,704,704,
4741,4,3600000,17700000,user_16,704,704,
4743,5,3600000,0,user_17,704,704,
4761,6,3200000,0,user_35,704,704,
4744,7,2500000,0,user_17,704,704,
4762,8,2400000,0,user_35,704,704,
4769,9,2100000,0,user_47,704,704,
4724,10,2000001,0,user_5,704,704,4718
4725,11,2000001,0,user_5,704,704,4718
4727,12,2000001,0,user_7,704,704,4718
4728,13,2000001,0,user_8,704,704,4718
4730,14,2000001,0,user_10,704,704,4718
4731,15,2000001,0,user_10,704,704,4718
4733,16,2000001,0,user_11,704,704,4718
4734,17,2000001,0,user_11,704,704,4718
4735,18,2000001,0,user_11,704,704,4718
4737,19,2000001,0,user_11,704,704,4718
4720,20,1999999,0,user_2,704,704,4718
4721,21,1999999,0,user_4,704,704,4718
4722,22,1999999,0,user_5,704,704,4718
4723,23,1999999,0,user_5,704,704,4718
4726,24,1999999,0,user_6,704,704,4718
4729,25,1999999,0,user_9,704,704,4718
4732,26,1999999,0,user_10,704,704,4718
4736,27,1999999,0,user_11,704,704,4718
4738,28,1999999,0,user_12,704,704,4718
4739,29,1999999,0,user_13,704,704,4718
4766,30,1900000,0,user_44,704,704,
4765,31,1800000,0,user_43,704,704,
4770,32,1500000,0,user_48,704,704,
4745,33,970000,0,user_17,704,704,
4754,34,660000,35600,user_31,704,704,
4749,35,650000,0,user_21,704,704,
4767,36,650000,0,user_44,704,704,
4742,37,470000,0,user_16,704,704,
4763,38,470000,18600,user_39,704,704,
4758,39,360000,0,user_35,704,704,
4752,40,260000,0,user_28,704,704,
4746,41,240000,195000,user_17,704,704,
4753,42,220000,0,user_30,704,704,
4759,43,220000,0,user_35,704,704,
4756,44,120000,0,user_32,704,704,
4748,45,110000,0,user_19,704,704,
4764,46,85000,100000,user_42,704,704,
4772,0,30000000,0,user_0,705,705,
4802,1,5200000,0,user_31,705,705,
4775,2,3600000,0,user_2,705,705,
4812,3,3200000,128000,user_43,705,705,
4813,4,3200000,0,user_45,705,705,
4795,5,1800000,0,user_26,705,705,
4816,6,1700000,0,user_48,705,705,
4790,7,1600000,510000,user_22,705,705,
4789,8,1500000,0,user_19,705,705,
4793,9,1500000,0,user_24,705,705,
4791,10,1000000,0,user_23,705,705,
4811,11,460000,0,user_42,705,705,
4797,12,370000,17000,user_26,705,705,
4778,13,360000,0,user_5,705,705,
4787,14,240000,0,user_18,705,705,
4794,15,220000,0,user_25,705,705,
4804,16,220000,0,user_34,705,705,
4777,17,170000,0,user_4,705,705,
4817,18,170000,0,user_49,705,705,
4801,19,160000,0,user_30,705,705,
4815,20,160000,0,user_47,705,705,
4796,21,150000,0,user_26,705,705,
4798,22,130000,0,user_26,705,705,
4788,23,120000,11200,user_19,705,705,
4803,24,120000,155000,user_34,705,705,
4814,25,120000,0,user_45,705,705,
4792,26,100000,0,user_24,705,705,
4774,27,84000,0,user_2,705,705,
4773,28,80000,0,user_1,705,705,
4780,29,79001,0,user_8,705,705,4779
4781,30,79001,0,user_8,705,705,4779
4785,31,79001,0,user_12,705,705,4779
4786,32,79001,0,user_13,705,705,4779
4779,33,79000,128000,user_7,705,705,
4782,34,78999,0,user_10,705,705,4779
4776,35,77000,0,user_3,705,705,
4800,36,77000,32900,user_27,705,705,
4799,37,73000,0,user_26,705,705,
4810,38,73000,0,user_41,705,705,
4847,0,43000000,17000,user_32,706,706,
4856,1,5000000,0,user_40,706,706,
4860,2,5000000,0,user_44,706,706,
4844,3,4500000,0,user_28,706,706,
4821,4,2400001,0,user_6,706,706,4818
4823,5,2400001,0,user_7,706,706,4818
4824,6,2400001,0,user_9,706,706,4818
4825,7,2400001,0,user_10,706,706,4818
4830,8,2400001,0,user_15,706,706,4818
4818,9,2400000,49100,user_0,706,706,
4819,10,2399999,0,user_3,706,706,4818
4820,11,2399999,0,user_5,706,706,4818
4822,12,2399999,0,user_7,706,706,4818
4827,13,2399999,0,user_12,706,706,4818
4828,14,2399999,0,user_12,706,706,4818
4829,15,2399999,0,user_14,706,706,4818
4863,16,2000000,0,user_46,706,706,
4867,17,2000000,0,user_47,706,706,
4868,18,2000000,0,user_47,706,706,
4850,19,1700000,0,user_35,706,706,
4841,20,1300000,0,user_27,706,706,
4837,21,1100000,0,user_25,706,706,
4835,22,1000000,0,user_25,706,706,
4864,23,910000,0,user_46,706,706,
4869,24,910000,15100,user_49,706,706,
4852,25,600000,0,user_37,706,706,
4845,26,530000,67500,user_29,706,706,
4839,27,460000,0,user_25,706,706,
4858,28,420000,39400,user_43,706,706,
4831,29,310000,0,user_19,706,706,
4836,30,260000,0,user_25,706,706,
4846,31,260000,0,user_31,706,706,
4851,32,260000,12800,user_36,706,706,
4855,33,260000,0,user_40,706,706,
4834,34,190000,0,user_24,706,706,
4866,35,190000,0,user_46,706,706,
4849,36,170000,0,user_33,706,706,
4832,37,160000,0,user_20,706,706,
4857,38,160000,0,user_42,706,706,
4838,39,130000,0,user_25,706,706,
4861,40,130000,30200,user_45,706,706,
4859,41,110000,75000,user_43,706,706,
4854,42,98000,0,user_40,706,706,
4843,43,85000,0,user_28,706,706,
4840,44,80000,0,user_26,706,706,
4842,45,80000,0,user_28,706,706,
4848,46,80000,0,user_33,706,706,
4865,47,79000,0,user_46,706,706,
4862,48,77000,0,user_46,706,706,
4901,0,30000000,0,user_24,707,707,
4920,1,30000000,4320000,user_36,707,707,
4877,2,27000001,0,user_5,707,707,4873
4878,3,27000001,0,user_6,707,707,4873
4880,4,27000001,0,user_10,707,707,4873
4882,5,27000001,0,user_11,707,707,4873
4883,6,27000001,0,user_12,707,707,4873
4885,7,27000001,0,user_12,707,707,4873
4888,8,27000001,0,user_13,707,707,4873
4889,9,27000001,0,user_14,707,707,4873
4873,10,27000000,4320000,user_1,707,707,
4874,11,26999999,0,user_2,707,707,4873
4875,12,26999999,0,user_2,707,707,4873
4876,13,26999999,0,user_4,707,707,4873
4879,14,26999999,0,user_6,707,707,4873
4881,15,26999999,0,user_11,707,707,4873
4884,16,26999999,0,user_12,707,707,4873
4886,17,26999999,0,user_12,707,707,4873
4887,18,26999999,0,user_12,707,707,4873
4890,19,26999999,0,user_15,707,707,4873
4914,20,19000000,0,user_32,707,707,
4932,21,19000000,0,user_48,707,707,
4893,22,6300000,0,user_18,707,707,
4872,23,4500000,0,user_1,707,707,
4897,24,2600000,545000,user_19,707,707,
4916,25,2000000,0,user_32,707,707,
4905,26,1900000,296000,user_27,707,707,
4912,27,1700000,0,user_31,707,707,
4910,28,1500000,0,user_30,707,707,
4892,29,1000000,47700,user_16,707,707,
4923,30,1000000,5180,user_41,707,707,
4927,31,1000000,0,user_42,707,707,
4903,32,970000,0,user_25,707,707,
4913,33,910000,0,user_32,707,707,
4933,34,870000,0,user_48,707,707,
4928,35,660000,0,user_43,707,707,
4902,36,650000,49100,user_25,707,707,
4899,37,630000,0,user_23,707,707,
4870,38,600000,0,user_0,707,707,
4907,39,470000,0,user_29,707,707,
4900,40,420000,0,user_24,707,707,
4896,41,360000,510000,user_18,707,707,
4924,42,360000,35100,user_41,707,707,
4871,43,350000,0,user_1,707,707,
4921,44,310000,0,user_38,707,707,
4925,45,310000,1100000,user_41,707,707,
4908,46,240000,0,user_30,707,707,
4891,47,220000,49100,user_16,707,707,
4898,48,170000,0,user_21,707,707,
4911,49,170000,128000,user_30,707,707,
4931,50,170000,0,user_46,707,707,
4909,51,160000,0,user_30,707,707,
4929,52,160000,66100,user_43,707,707,
4895,53,150000,0,user_18,707,707,
4915,54,150000,0,user_32,707,707,
4926,55,120000,68100,user_41,707,707,
4904,56,110000,0,user_26,707,707,
4917,57,110000,1100000,user_32,707,707,
4918,58,110000,0,user_33,707,707,
4934,59,100000,0,user_49,707,707,
4930,60,98000,0,user_45,707,707,
4906,61,85000,0,user_28,707,707,
4894,62,73000,0,user_18,707,707,
4941,0,27000001,0,user_2,708,708,4935
4943,1,27000001,0,user_2,708,708,4935
4946,2,27000001,0,user_6,708,708,4935
4947,3,27000001,0,user_6,708,708,4935
4948,4,27000001,0,user_6,708,708,4935
4949,5,27000001,0,user_6,708,708,4935
4952,6,27000001,0,user_9,708,708,4935
4935,7,27000000,11200,user_0,708,708,
4936,8,26999999,0,user_1,708,708,4935
4937,9,26999999,0,user_1,708,708,4935
4938,10,26999999,0,user_1,708,708,4935
4939,11,26999999,0,user_1,708,708,4935
4940,12,26999999,0,user_1,708,708,4935
4942,13,26999999,0,user_2,708,708,4935
4944,14,26999999,0,user_3,708,708,4935
4945,15,26999999,0,user_5,708,708,4935
4950,16,26999999,0,user_6,708,708,4935
4951,17,26999999,0,user_8,708,708,4935
4970,18,6300000,0,user_36,708,708,
4962,19,5200000,84800,user_27,708,708,
4965,20,5200000,0,user_29,708,708,
4983,21,5200000,10700,user_47,708,708,
4974,22,5000000,0,user_38,708,708,
4986,23,5000000,161000,user_49,708,708,
4972,24,4500000,0,user_36,708,708,
4964,25,3600000,0,user_28,708,708,
4969,26,3600000,66100,user_33,708,708,
4956,27,1700000,0,user_20,708,708,
4978,28,1700000,0,user_45,708,708,
4980,29,1700000,0,user_45,708,708,
4975,30,1400000,0,user_39,708,708,
4959,31,420000,0,user_20,708,708,
4960,32,420000,0,user_20,708,708,
4982,33,420000,0,user_46,708,708,
4963,34,360000,30200,user_28,708,708,
4973,35,360000,0,user_36,708,708,
4979,36,310000,0,user_45,708,708,
4977,37,240000,0,user_43,708,708,
4957,38,170000,0,user_20,708,708,
4981,39,160000,0,user_45,708,708,
4966,40,150000,16400,user_29,708,708,
4958,41,120000,33300,user_20,708,708,
4967,42,120000,215000,user_30,708,708,
4985,43,120000,0,user_49,708,708,
4953,44,110000,0,user_16,708,708,
4954,45,110000,0,user_18,708,708,
4961,46,110000,0,user_26,708,708,
4968,47,80000,0,user_31,708,708,
4971,48,73000,0,user_36,708,708,
5010,0,27000000,0,user_26,709,709,
5004,1,5200000,0,user_21,709,709,
5021,2,5000000,0,user_41,709,709,
5023,3,5000000,100000,user_43,709,709,
4999,4,3200000,0,user_18,709,709,
5015,5,2000000,0,user_35,709,709,
5027,6,1900000,0,user_47,709,709,
5008,7,1700000,0,user_22,709,709,
5012,8,1100000,0,user_29,709,709,
5002,9,1000000,0,user_20,709,709,
5026,10,660000,19700,user_47,709,709,
5000,11,460000,0,user_18,709,709,
5006,12,460000,36800,user_21,709,709,
5016,13,420000,0,user_36,709,709,
5014,14,370000,0,user_30,709,709,
5003,15,320000,0,user_21,709,709,
4989,16,220001,0,user_4,709,709,4988
4990,17,220001,0,user_4,709,709,4988
4993,18,220001,0,user_8,709,709,4988
4996,19,220001,0,user_15,709,709,4988
4988,20,220000,13900,user_3,709,709,
4991,21,219999,0,user_6,709,709,4988
4994,22,219999,0,user_9,709,709,4988
4995,23,219999,0,user_10,709,709,4988
4987,24,170000,0,user_2,709,709,
4998,25,170000,0,user_16,709,709,
5011,26,170000,0,user_27,709,709,
5024,27,170000,0,user_43,709,709,
5013,28,160000,0,user_29,709,709,
5018,29,160000,0,user_38,709,709,
5022,30,160000,0,user_41,709,709,
5025,31,160000,0,user_46,709,709,
5005,32,150000,155000,user_21,709,709,
5019,33,150000,15300,user_38,709,709,
5028,34,150000,84800,user_49,709,709,
5017,35,120000,0,user_37,709,709,
4997,36,84000,0,user_16,709,709,
5007,37,73000,0,user_22,709,709,
5034,0,43000001,0,user_4,710,710,5033
5040,1,43000001,0,user_13,710,710,5033
5041,2,43000001,0,user_13,710,710,5033
5042,3,43000001,0,user_13,710,710,5033
5043,4,43000001,0,user_13,710,710,5033
5033,5,43000000,66100,user_3,710,710,
5035,6,42999999,0,user_6,710,710,5033
5036,7,42999999,0,user_7,710,710,5033
5037,8,42999999,0,user_7,710,710,5033
5038,9,42999999,0,user_8,710,710,5033
5039,10,42999999,0,user_10,710,710,5033
5044,11,42999999,0,user_15,710,710,5033
5045,12,19000000,39400,user_16,710,710,
5065,13,19000000,12800,user_33,710,710,
5061,14,6300000,0,user_28,710,710,
5054,15,5000000,0,user_21,710,710,
5074,16,5000000,0,user_38,710,710,
5081,17,5000000,0,user_43,710,710,
5080,18,3600000,0,user_43,710,710,
5048,19,3200000,0,user_16,710,710,
5060,20,2000000,0,user_26,710,710,
5069,21,2000000,0,user_33,710,710,
5049,22,1500000,0,user_16,710,710,
5050,23,1500000,0,user_17,710,710,
5070,24,1400000,5630,user_34,710,710,
5055,25,1100000,0,user_23,710,710,
5085,26,870000,0,user_49,710,710,
5029,27,670000,0,user_0,710,710,
5059,28,650000,0,user_25,710,710,
5066,29,650000,0,user_33,710,710,
5058,30,600000,49100,user_25,710,710,
5030,31,420000,0,user_1,710,710,
5051,32,420000,959000,user_19,710,710,
5063,33,420000,17700000,user_31,710,710,
5082,34,350000,0,user_44,710,710,
5052,35,320000,0,user_20,710,710,
5071,36,320000,410000,user_34,710,710,
5057,37,310000,108000,user_25,710,710,
5068,38,260000,0,user_33,710,710,
5053,39,170000,0,user_20,710,710,
5031,40,150000,0,user_3,710,710,
5072,41,130000,0,user_34,710,710,
5046,42,120000,0,user_16,710,710,
5064,43,120000,100000,user_31,710,710,
5067,44,120000,0,user_33,710,710,
5047,45,110000,0,user_16,710,710,
5056,46,110000,0,user_24,710,710,
5083,47,98000,0,user_47,710,710,
5032,48,85000,0,user_3,710,710,
5084,49,84000,0,user_49,710,710,
5062,50,82000,0,user_29,710,710,
5117,0,30000000,0,user_29,711,711,
5129,1,19000000,5180,user_43,711,711,
5105,2,6100000,7190000,user_19,711,711,
5130,3,5200000,32900,user_44,711,711,
5113,4,4200000,146000,user_24,711,711,
5132,5,4200000,67500,user_44,711,711,
5086,6,3500000,0,user_0,711,711,
5109,7,2500000,0,user_20,711,711,
5136,8,2400000,10700,user_46,711,711,
5103,9,2000000,0,user_18,711,711,
5116,10,2000000,0,user_28,711,711,
5137,11,2000000,0,user_46,711,711,
5120,12,1800000,410000,user_32,711,711,
5125,13,1300000,7840,user_38,711,711,
5124,14,1200000,0,user_37,711,711,
5115,15,1100000,0,user_27,711,711,
5127,16,670000,0,user_41,711,711,
5112,17,530000,0,user_22,711,711,
5111,18,460000,0,user_21,711,711,
5114,19,460000,0,user_25,711,711,
5088,20,420000,0,user_1,711,711,
5135,21,420000,0,user_46,711,711,
5087,22,360000,0,user_0,711,711,
5138,23,340000,0,user_49,711,711,
5133,24,310000,0,user_44,711,711,
5106,25,220000,0,user_19,711,711,
5131,26,220000,0,user_44,711,711,
5091,27,190001,0,user_4,711,711,5090
5094,28,190001,0,user_6,711,711,5090
5096,29,190001,0,user_7,711,711,5090
5097,30,190001,0,user_10,711,711,5090
5099,31,190001,0,user_12,711,711,5090
5100,32,190001,0,user_13,711,711,5090
5090,33,190000,322000,user_3,711,711,
5092,34,189999,0,user_5,711,711,5090
5093,35,189999,0,user_6,711,711,5090
5095,36,189999,0,user_7,711,711,5090
5098,37,189999,0,user_12,711,711,5090
5121,38,170000,108000,user_33,711,711,
5108,39,160000,0,user_19,711,711,
5122,40,150000,0,user_34,711,711,
5123,41,150000,0,user_36,711,711,
5089,42,130000,0,user_3,711,711,
5102,43,120000,0,user_18,711,711,
5119,44,120000,0,user_32,711,711,
5101,45,110000,0,user_16,711,711,
5104,46,110000,381000,user_19,711,711,
5128,47,110000,60700,user_42,711,711,
5118,48,87000,0,user_31,711,711,
5134,49,84000,0,user_44,711,711,
5107,50,77000,0,user_19,711,711,
5110,51,77000,0,user_20,711,711,
5169,0,5000000,0,user_24,712,712,
5199,1,5000000,0,user_46,712,712,
5202,2,4500000,0,user_49,712,712,
5186,3,2600000,0,user_34,712,712,
5192,4,2500000,0,user_43,712,712,
5162,5,2400000,0,user_20,712,712,
5174,6,2300000,0,user_28,712,712,
5189,7,2300000,0,user_38,712,712,
5196,8,2000000,0,user_46,712,712,
5160,9,1800000,0,user_19,712,712,
5164,10,1700000,0,user_21,712,712,
5194,11,1400000,0,user_44,712,712,
5170,12,1000000,322000,user_24,712,712,
5180,13,1000000,0,user_30,712,712,
5188,14,970000,0,user_37,712,712,
5152,15,650000,0,user_17,712,712,
5190,16,650000,17700000,user_39,712,712,
5193,17,630000,13900,user_44,712,712,
5165,18,470000,0,user_21,712,712,
5167,19,470000,0,user_22,712,712,
5172,20,470000,0,user_25,712,712,
5179,21,420000,0,user_29,712,712,
5166,22,340000,0,user_21,712,712,
5171,23,340000,0,user_24,712,712,
5168,24,310000,18600,user_24,712,712,
5163,25,300000,0,user_21,712,712,
5157,26,260000,0,user_19,712,712,
5158,27,240000,0,user_19,712,712,
5161,28,240000,0,user_19,712,712,
5175,29,240000,0,user_28,712,712,
5185,30,220000,0,user_34,712,712,
5201,31,190000,0,user_48,712,712,
5173,32,170000,0,user_26,712,712,
5176,33,170000,0,user_28,712,712,
5181,34,170000,0,user_31,712,712,
5195,35,170000,0,user_46,712,712,
5155,36,160000,0,user_18,712,712,
5178,37,160000,0,user_29,712,712,
5187,38,160000,0,user_36,712,712,
5197,39,160000,0,user_46,712,712,
5159,40,130000,0,user_19,712,712,
5182,41,120000,769000,user_31,712,712,
5198,42,120000,0,user_46,712,712,
5200,43,120000,0,user_47,712,712,
5203,44,120000,0,user_49,712,712,
5154,45,110000,0,user_18,712,712,
5156,46,110000,0,user_18,712,712,
5184,47,110000,0,user_33,712,712,
5204,48,110000,0,user_49,712,712,
5177,49,100000,0,user_28,712,712,
5153,50,98000,0,user_18,712,712,
5183,51,84000,0,user_32,712,712,
5143,52,79001,0,user_5,712,712,5139
5148,53,79001,0,user_12,712,712,5139
5139,54,79000,181000,user_0,712,712,
5140,55,78999,0,user_0,712,712,5139
5141,56,78999,0,user_1,712,712,5139
5142,57,78999,0,user_4,712,712,5139
5144,58,78999,0,user_7,712,712,5139
5147,59,78999,0,user_10,712,712,5139
5149,60,78999,0,user_13,712,712,5139
5150,61,78999,0,user_14,712,712,5139
5151,62,78999,0,user_15,712,712,5139
5240,0,30000000,0,user_33,713,713,
5244,1,19000000,0,user_35,713,713,
5243,2,6300000,0,user_35,713,713,
5249,3,4500000,0,user_40,713,713,
5227,4,3600000,0,user_22,713,713,
5257,5,3600000,0,user_48,713,713,
5219,6,3500000,0,user_16,713,713,
5250,7,3200000,0,user_40,713,713,
5232,8,2100000,0,user_28,713,713,
5248,9,2000000,0,user_40,713,713,
5205,10,1600000,0,user_1,713,713,
5236,11,1500000,35600,user_32,713,713,
5256,12,1100000,0,user_46,713,713,
5241,13,970000,0,user_34,713,713,
5247,14,600000,0,user_40,713,713,
5252,15,600000,0,user_43,713,713,
5253,16,600000,0,user_43,713,713,
5215,17,530001,0,user_13,713,713,5212
5217,18,530001,0,user_15,713,713,5212
5206,19,530000,0,user_2,713,713,
5212,20,530000,322000,user_8,713,713,
5213,21,529999,0,user_10,713,713,5212
5216,22,529999,0,user_14,713,713,5212
5207,23,460000,0,user_3,713,713,
5245,24,460000,0,user_36,713,713,
5239,25,360000,60700,user_32,713,713,
5229,26,340000,39400,user_24,713,713,
5233,27,320000,35100,user_29,713,713,
5222,28,310000,73100,user_16,713,713,
5228,29,300000,0,user_23,713,713,
5226,30,240000,0,user_21,713,713,
5238,31,220000,0,user_32,713,713,
5254,32,220000,0,user_44,713,713,
5211,33,160000,0,user_7,713,713,
5231,34,160000,0,user_26,713,713,
5237,35,160000,0,user_32,713,713,
5221,36,150000,0,user_16,713,713,
5259,37,150000,0,user_49,713,713,
5218,38,120000,0,user_16,713,713,
5220,39,120000,256000,user_16,713,713,
5225,40,120000,0,user_20,713,713,
5255,41,110000,0,user_45,713,713,
5260,42,110000,0,user_49,713,713,
5223,43,98000,0,user_17,713,713,
5242,44,87000,16400,user_34,713,713,
5234,45,85000,0,user_30,713,713,
5258,46,83000,0,user_49,713,713,
5235,47,73000,0,user_32,713,713,
5246,48,73000,0,user_37,713,713,
5292,0,6300000,0,user_34,714,714,
5308,1,5200000,0,user_46,714,714,
5291,2,5000000,161000,user_33,714,714,
5262,3,4200000,0,user_1,714,714,
5263,4,2600000,0,user_1,714,714,
5303,5,2600000,0,user_45,714,714,
5282,6,2400000,161000,user_24,714,714,
5311,7,2100000,0,user_49,714,714,
5306,8,1400000,0,user_45,714,714,
5304,9,1100000,0,user_45,714,714,
5295,10,910000,959000,user_38,714,714,
5290,11,670000,0,user_32,714,714,
5287,12,630000,0,user_27,714,714,
5299,13,600000,0,user_41,714,714,
5305,14,470000,0,user_45,714,714,
5277,15,420000,0,user_17,714,714,
5280,16,420000,12800,user_23,714,714,
5297,17,350000,0,user_39,714,714,
5301,18,350000,0,user_43,714,714,
5278,19,320000,0,user_18,714,714,
5310,20,320000,0,user_47,714,714,
5281,21,310000,14200,user_23,714,714,
5307,22,310000,0,user_45,714,714,
5265,23,300001,0,user_4,714,714,5264
5266,24,300001,0,user_4,714,714,5264
5271,25,300001,0,user_11,714,714,5264
5273,26,300001,0,user_13,714,714,5264
5274,27,300001,0,user_14,714,714,5264
5276,28,300001,0,user_15,714,714,5264
5264,29,300000,18600,user_3,714,714,
5267,30,299999,0,user_6,714,714,5264
5270,31,299999,0,user_10,714,714,5264
5272,32,299999,0,user_12,714,714,5264
5275,33,299999,0,user_15,714,714,5264
5300,34,260000,0,user_42,714,714,
5286,35,240000,0,user_27,714,714,
5284,36,220000,0,user_26,714,714,
5279,37,160000,0,user_22,714,714,
5285,38,160000,164000,user_26,714,714,
5288,39,160000,0,user_30,714,714,
5289,40,150000,0,user_30,714,714,
5309,41,150000,381000,user_46,714,714,
5283,42,110000,0,user_25,714,714,
5261,43,85000,0,user_0,714,714,
5296,44,84000,64600,user_38,714,714,
5302,45,82000,0,user_43,714,714,
5332,0,27000000,0,user_16,715,715,
5362,1,5000000,12800,user_48,715,715,
5350,2,3600000,0,user_28,715,715,
5344,3,3200000,12800,user_22,715,715,
5363,4,2500000,0,user_48,715,715,
5352,5,2100000,0,user_30,715,715,
5348,6,2000000,0,user_27,715,715,
5312,7,1500000,0,user_0,715,715,
5349,8,1500000,164000,user_28,715,715,
5334,9,1400000,0,user_16,715,715,
5337,10,1100000,0,user_20,715,715,
5341,11,910000,0,user_20,715,715,
5343,12,870000,0,user_22,715,715,
5315,13,600000,0,user_1,715,715,
5319,14,470001,0,user_2,715,715,5316
5320,15,470001,0,user_2,715,715,5316
5325,16,470001,0,user_8,715,715,5316
5326,17,470001,0,user_9,715,715,5316
5328,18,470001,0,user_10,715,715,5316
5330,19,470001,0,user_12,715,715,5316
5316,20,470000,369000,user_1,715,715,
5317,21,469999,0,user_1,715,715,5316
5318,22,469999,0,user_1,715,715,5316
5321,23,469999,0,user_2,715,715,5316
5322,24,469999,0,user_3,715,715,5316
5324,25,469999,0,user_7,715,715,5316
5327,26,469999,0,user_10,715,715,5316
5331,27,469999,0,user_14,715,715,5316
5353,28,460000,0,user_33,715,715,
5335,29,260000,0,user_16,715,715,
5361,30,260000,0,user_47,715,715,
5314,31,220000,0,user_1,715,715,
5342,32,220000,0,user_21,715,715,
5360,33,220000,0,user_45,715,715,
5347,34,170000,0,user_26,715,715,
5333,35,160000,0,user_16,715,715,
5356,36,160000,0,user_37,715,715,
5345,37,150000,0,user_24,715,715,
5354,38,150000,0,user_35,715,715,
5355,39,150000,0,user_35,715,715,
5338,40,130000,0,user_20,715,715,
5340,41,130000,108000,user_20,715,715,
5336,42,120000,0,user_18,715,715,
5359,43,120000,35100,user_45,715,715,
5339,44,110000,0,user_20,715,715,
5351,45,110000,0,user_29,715,715,
5313,46,100000,0,user_0,715,715,
5357,47,85000,56200,user_37,715,715,
5346,48,79000,0,user_26,715,715,
5358,49,79000,0,user_38,715,715,
5424,0,6100000,24700,user_49,716,716,
5415,1,5000000,0,user_42,716,716,
5421,2,4500000,0,user_46,716,716,
5388,3,3600000,0,user_18,716,716,
5404,4,3500000,0,user_34,716,716,
5407,5,3200000,0,user_36,716,716,
5402,6,2500000,0,user_31,716,716,
5409,7,2500000,0,user_37,716,716,
5400,8,1800000,0,user_29,716,716,
5408,9,1700000,0,user_36,716,716,
5391,10,1600000,0,user_20,716,716,
5393,11,1600000,0,user_22,716,716,
5395,12,1600000,0,user_25,716,716,
5392,13,1500000,46500,user_22,716,716,
5419,14,1500000,0,user_45,716,716,
5397,15,1000000,0,user_27,716,716,
5413,16,1000000,0,user_40,716,716,
5401,17,870000,0,user_30,716,716,
5423,18,530000,0,user_48,716,716,
5405,19,460000,231000,user_35,716,716,
5414,20,460000,0,user_41,716,716,
5416,21,460000,0,user_43,716,716,
5390,22,360000,0,user_20,716,716,
5417,23,360000,0,user_43,716,716,
5387,24,310000,84800,user_17,716,716,
5403,25,240000,0,user_32,716,716,
5418,26,220000,0,user_44,716,716,
5385,27,160000,0,user_16,716,716,
5399,28,160000,0,user_28,716,716,
5389,29,150000,0,user_18,716,716,
5406,30,120000,0,user_35,716,716,
5365,31,110001,0,user_2,716,716,5364
5368,32,110001,0,user_5,716,716,5364
5369,33,110001,0,user_5,716,716,5364
5370,34,110001,0,user_5,716,716,5364
5371,35,110001,0,user_5,716,716,5364
5373,36,110001,0,user_6,716,716,5364
5384,37,110001,0,user_15,716,716,5364
5364,38,110000,146000,user_0,716,716,
5366,39,109999,0,user_2,716,716,5364
5367,40,109999,0,user_4,716,716,5364
5372,41,109999,0,user_5,716,716,5364
5374,42,109999,0,user_6,716,716,5364
5378,43,109999,0,user_10,716,716,5364
5382,44,109999,0,user_14,716,716,5364
5383,45,109999,0,user_15,716,716,5364
5412,46,98000,0,user_40,716,716,
5411,47,83000,0,user_39,716,716,
5420,48,83000,0,user_46,716,716,
5398,49,79000,0,user_28,716,716,
5386,50,77000,0,user_16,716,716,
5478,0,3600000,0,user_39,717,717,
5482,1,3500000,0,user_46,717,717,
5457,2,2000000,0,user_23,717,717,
5477,3,2000000,0,user_39,717,717,
5426,4,1900000,0,user_2,717,717,
5467,5,1900000,0,user_29,717,717,
5451,6,1600000,0,user_19,717,717,
5425,7,1500000,0,user_1,717,717,
5448,8,1400000,0,user_17,717,717,
5465,9,1400000,17700000,user_29,717,717,
5466,10,1300000,164000,user_29,717,717,
5479,11,1200000,7190000,user_43,717,717,
5450,12,1100000,13900,user_19,717,717,
5427,13,1000000,0,user_4,717,717,
5460,14,970000,0,user_25,717,717,
5474,15,970000,0,user_37,717,717,
5469,16,910000,0,user_31,717,717,
5453,17,870000,0,user_21,717,717,
5484,18,670000,0,user_47,717,717,
5476,19,530000,0,user_39,717,717,
5431,20,460001,0,user_5,717,717,5428
5433,21,460001,0,user_7,717,717,5428
5438,22,460001,0,user_12,717,717,5428
5439,23,460001,0,user_13,717,717,5428
5441,24,460001,0,user_13,717,717,5428
5442,25,460001,0,user_13,717,717,5428
5445,26,460001,0,user_15,717,717,5428
5446,27,460001,0,user_15,717,717,5428
5428,28,460000,47700,user_4,717,717,
5456,29,460000,0,user_23,717,717,
5429,30,459999,0,user_4,717,717,5428
5430,31,459999,0,user_4,717,717,5428
5432,32,459999,0,user_6,717,717,5428
5436,33,459999,0,user_10,717,717,5428
5437,34,459999,0,user_11,717,717,5428
5440,35,459999,0,user_13,717,717,5428
5443,36,459999,0,user_13,717,717,5428
5444,37,459999,0,user_14,717,717,5428
5454,38,370000,0,user_22,717,717,
5473,39,370000,0,user_36,717,717,
5483,40,320000,0,user_46,717,717,
5458,41,310000,0,user_24,717,717,
5470,42,310000,0,user_32,717,717,
5447,43,260000,0,user_16,717,717,
5461,44,260000,0,user_25,717,717,
5480,45,260000,0,user_44,717,717,
5463,46,220000,0,user_28,717,717,
5475,47,220000,0,user_39,717,717,
5468,48,170000,0,user_29,717,717,
5462,49,160000,0,user_25,717,717,
5449,50,150000,0,user_18,717,717,
5452,51,150000,0,user_20,717,717,
5485,52,150000,0,user_49,717,717,
5455,53,110000,0,user_23,717,717,
5481,54,110000,0,user_45,717,717,
5464,55,84000,0,user_29,717,717,
5459,56,80000,0,user_25,717,717,
5471,57,80000,0,user_32,717,717,
5535,0,27000000,0,user_41,718,718,
5519,1,4500000,0,user_32,718,718,
5503,2,3600000,0,user_16,718,718,
5504,3,3200000,0,user_17,718,718,
5510,4,3200000,0,user_23,718,718,
5541,5,2600000,0,user_48,718,718,
5532,6,2400000,0,user_39,718,718,
5520,7,2100000,0,user_32,718,718,
5530,8,2100000,31700,user_38,718,718,
5521,9,1900000,60700,user_32,718,718,
5538,10,1900000,0,user_46,718,718,
5506,11,1600000,0,user_19,718,718,
5487,12,1500000,0,user_1,718,718,
5515,13,1400000,0,user_28,718,718,
5511,14,1100000,0,user_25,718,718,
5512,15,1000000,0,user_25,718,718,
5516,16,1000000,0,user_28,718,718,
5522,17,1000000,0,user_32,718,718,
5531,18,1000000,0,user_39,718,718,
5534,19,1000000,0,user_41,718,718,
5527,20,970000,0,user_36,718,718,
5509,21,870000,0,user_23,718,718,
5528,22,470000,67900,user_36,718,718,
5486,23,460000,0,user_0,718,718,
5495,24,320001,0,user_7,718,718,5489
5489,25,320000,322000,user_2,718,718,
5490,26,319999,0,user_2,718,718,5489
5491,27,319999,0,user_2,718,718,5489
5492,28,319999,0,user_2,718,718,5489
5493,29,319999,0,user_2,718,718,5489
5494,30,319999,0,user_4,718,718,5489
5496,31,319999,0,user_10,718,718,5489
5497,32,319999,0,user_11,718,718,5489
5498,33,319999,0,user_12,718,718,5489
5499,34,319999,0,user_14,718,718,5489
5500,35,319999,0,user_15,718,718,5489
5513,36,260000,0,user_26,718,718,
5501,37,220000,60700,user_16,718,718,
5507,38,220000,0,user_20,718,718,
5514,39,220000,0,user_27,718,718,
5529,40,220000,0,user_36,718,718,
5502,41,170000,0,user_16,718,718,
5540,42,160000,0,user_48,718,718,
5488,43,150000,0,user_1,718,718,
5524,44,150000,0,user_33,718,718,
5518,45,120000,0,user_31,718,718,
5505,46,110000,0,user_19,718,718,
5523,47,110000,0,user_32,718,718,
5508,48,84000,0,user_20,718,718,
5517,49,83000,0,user_31,718,718,
5539,50,79000,19700,user_46,718,718,
5526,51,73000,0,user_36,718,718,
5536,52,73000,13900,user_43,718,718,
5537,53,73000,0,user_45,718,718,
5579,0,19000000,0,user_45,719,719,
5545,1,5000000,0,user_2,719,719,
5542,2,4500000,0,user_0,719,719,
5573,3,4200000,0,user_38,719,719,
5558,4,2600000,0,user_19,719,719,
5562,5,2300000,0,user_24,719,719,
5584,6,2000000,0,user_48,719,719,
5586,7,2000000,71800,user_49,719,719,
5563,8,1900000,0,user_25,719,719,
5583,9,1800000,71800,user_47,719,719,
5559,10,1700000,66100,user_22,719,719,
5568,11,1600000,36800,user_34,719,719,
5571,12,1500000,410000,user_37,719,719,
5550,13,1300001,0,user_7,719,719,5546
5555,14,1300001,0,user_14,719,719,5546
5546,15,1300000,66100,user_4,719,719,
5547,16,1299999,0,user_4,719,719,5546
5548,17,1299999,0,user_4,719,719,5546
5549,18,1299999,0,user_7,719,719,5546
5552,19,1299999,0,user_11,719,719,5546
5553,20,1299999,0,user_12,719,719,5546
5554,21,1299999,0,user_13,719,719,5546
5556,22,1299999,0,user_15,719,719,5546
5561,23,1100000,0,user_24,719,719,
5575,24,660000,3130,user_39,719,719,
5564,25,370000,0,user_30,719,719,
5560,26,360000,0,user_23,719,719,
5576,27,360000,959000,user_42,719,719,
5585,28,360000,0,user_49,719,719,
5566,29,260000,0,user_32,719,719,
5580,30,220000,0,user_46,719,719,
5565,31,160000,0,user_30,719,719,
5578,32,150000,32900,user_44,719,719,
5570,33,120000,0,user_37,719,719,
5574,34,120000,16400,user_38,719,719,
5544,35,110000,0,user_1,719,719,
5557,36,110000,16400,user_17,719,719,
5582,37,110000,0,user_46,719,719,
5567,38,98000,545000,user_33,719,719,
5577,39,87000,0,user_43,719,719,
5543,40,84000,0,user_1,719,719,
5572,41,79000,0,user_37,719,719,
5581,42,70000,0,user_46,719,719,
3746,0,30000000,0,user_47,720,720,
3731,1,27000000,0,user_32,720,720,
3700,2,6300001,0,user_5,720,720,3699
3703,3,6300001,0,user_8,720,720,3699
3704,4,6300001,0,user_9,720,720,3699
3705,5,6300001,0,user_10,720,720,3699
3706,6,6300001,0,user_10,720,720,3699
3710,7,6300001,0,user_12,720,720,3699
3711,8,6300001,0,user_12,720,720,3699
3712,9,6300001,0,user_14,720,720,3699
3714,10,6300001,0,user_15,720,720,3699
3699,11,6300000,13800,user_5,720,720,
3701,12,6299999,0,user_7,720,720,3699
3702,13,6299999,0,user_8,720,720,3699
3707,14,6299999,0,user_10,720,720,3699
3708,15,6299999,0,user_10,720,720,3699
3709,16,6299999,0,user_10,720,720,3699
3713,17,6299999,0,user_15,720,720,3699
3719,18,4500000,0,user_21,720,720,
3736,19,4500000,0,user_37,720,720,
3730,20,3500000,0,user_31,720,720,
3747,21,1600000,155000,user_48,720,720,
3718,22,1500000,0,user_19,720,720,
3722,23,1500000,0,user_24,720,720,
3735,24,1500000,0,user_36,720,720,
3740,25,1500000,0,user_40,720,720,
3741,26,1400000,7840,user_40,720,720,
3723,27,650000,8520,user_25,720,720,
3727,28,600000,0,user_29,720,720,
3743,29,530000,0,user_44,720,720,
3748,30,420000,0,user_48,720,720,
3732,31,360000,0,user_32,720,720,
3742,32,350000,0,user_43,720,720,
3715,33,190000,0,user_16,720,720,
3697,34,170000,0,user_4,720,720,
3698,35,130000,0,user_5,720,720,
3725,36,120000,510000,user_27,720,720,
3744,37,110000,100000,user_45,720,720,
3724,38,100000,0,user_26,720,720,
3729,39,80000,0,user_31,720,720,
3745,40,80000,0,user_46,720,720,
3739,41,79000,0,user_39,720,720,
3726,42,77000,5180,user_27,720,720,
3750,0,43000000,0,user_1,721,721,
3772,1,6300000,0,user_21,721,721,
3769,2,4200000,0,user_16,721,721,
3788,3,4200000,0,user_38,721,721,
3795,4,4200000,0,user_48,721,721,
3790,5,3600000,0,user_42,721,721,
3794,6,3500000,0,user_45,721,721,
3777,7,2500000,0,user_26,721,721,
3752,8,2400000,0,user_1,721,721,
3792,9,2100000,0,user_43,721,721,
3762,10,2000001,0,user_6,721,721,3760
3764,11,2000001,0,user_10,721,721,3760
3765,12,2000001,0,user_10,721,721,3760
3766,13,2000001,0,user_12,721,721,3760
3767,14,2000001,0,user_13,721,721,3760
3768,15,2000001,0,user_14,721,721,3760
3749,16,2000000,0,user_0,721,721,
3760,17,2000000,35600,user_6,721,721,
3773,18,2000000,7840,user_22,721,721,
3761,19,1999999,0,user_6,721,721,3760
3763,20,1999999,0,user_7,721,721,3760
3789,21,1600000,0,user_39,721,721,
3781,22,1400000,0,user_34,721,721,
3780,23,1200000,0,user_30,721,721,
3758,24,1100000,0,user_5,721,721,
3783,25,970000,0,user_36,721,721,
3796,26,660000,0,user_49,721,721,
3779,27,630000,0,user_29,721,721,
3793,28,530000,0,user_43,721,721,
3770,29,420000,0,user_16,721,721,
3774,30,420000,0,user_23,721,721,
3787,31,370000,0,user_38,721,721,
3756,32,320000,0,user_3,721,721,
3753,33,260000,0,user_1,721,721,
3771,34,150000,0,user_17,721,721,
3786,35,150000,381000,user_37,721,721,
3791,36,150000,0,user_42,721,721,
3751,37,130000,0,user_1,721,721,
3775,38,130000,43600,user_24,721,721,
3785,39,130000,0,user_37,721,721,
3754,40,100000,0,user_1,721,721,
3778,41,100000,0,user_27,721,721,
3759,42,98000,0,user_6,721,721,
3784,43,84000,0,user_36,721,721,
3776,44,79000,0,user_25,721,721,
3755,45,77000,0,user_2,721,721,
3757,46,70000,0,user_4,721,721,
3813,0,5000000,0,user_20,722,722,
3832,1,4500000,5180,user_39,722,722,
3822,2,3600000,0,user_32,722,722,
3826,3,2500000,0,user_34,722,722,
3811,4,2000000,0,user_18,722,722,
3817,5,1900000,0,user_26,722,722,
3815,6,1700000,0,user_23,722,722,
3816,7,1500000,12800,user_24,722,722,
3809,8,1400000,0,user_17,722,722,
3818,9,1100000,13900,user_27,722,722,
3830,10,1100000,0,user_38,722,722,
3834,11,1000000,0,user_46,722,722,
3821,12,600000,0,user_32,722,722,
3799,13,460001,0,user_1,722,722,3797
3802,14,460001,0,user_7,722,722,3797
3797,15,460000,10700,user_0,722,722,
3798,16,459999,0,user_1,722,722,3797
3800,17,459999,0,user_3,722,722,3797
3801,18,459999,0,user_5,722,722,3797
3804,19,459999,0,user_10,722,722,3797
3805,20,459999,0,user_12,722,722,3797
3806,21,459999,0,user_13,722,722,3797
3807,22,459999,0,user_14,722,722,3797
3808,23,300000,84800,user_16,722,722,
3820,24,260000,0,user_31,722,722,
3825,25,260000,0,user_34,722,722,
3810,26,170000,0,user_17,722,722,
3819,27,160000,0,user_30,722,722,
3827,28,160000,100000,user_34,722,722,
3824,29,150000,0,user_32,722,722,
3812,30,130000,0,user_19,722,722,
3814,31,120000,0,user_21,722,722,
3823,32,120000,0,user_32,722,722,
3829,33,110000,779000,user_38,722,722,
3831,34,110000,13900,user_38,722,722,
3836,35,83000,121000,user_49,722,722,
3833,36,82000,0,user_45,722,722,
3835,37,70000,0,user_47,722,722,
3856,0,5000000,0,user_18,723,723,
3868,1,3500000,0,user_30,723,723,
3883,2,3500000,42000,user_43,723,723,
3863,3,2300000,0,user_27,723,723,
3885,4,2100000,0,user_47,723,723,
3837,5,2000000,0,user_0,723,723,
3866,6,2000000,0,user_30,723,723,
3872,7,2000000,0,user_34,723,723,
3888,8,2000000,0,user_49,723,723,
3881,9,1900000,0,user_42,723,723,
3880,10,1500000,0,user_41,723,723,
3876,11,1400000,18600,user_37,723,723,
3857,12,1200000,0,user_22,723,723,
3875,13,1100000,31700,user_36,723,723,
3858,14,1000000,0,user_23,723,723,
3884,15,460000,0,user_45,723,723,
3852,16,420000,0,user_16,723,723,
3861,17,360000,0,user_26,723,723,
3854,18,340000,0,user_16,723,723,
3878,19,320000,0,user_39,723,723,
3855,20,300000,0,user_17,723,723,
3871,21,220000,0,user_34,723,723,
3886,22,220000,0,user_48,723,723,
3867,23,160000,15700,user_30,723,723,
3870,24,160000,0,user_32,723,723,
3877,25,160000,0,user_38,723,723,
3840,26,150001,0,user_4,723,723,3838
3841,27,150001,0,user_6,723,723,3838
3843,28,150001,0,user_7,723,723,3838
3847,29,150001,0,user_13,723,723,3838
3849,30,150001,0,user_15,723,723,3838
3838,31,150000,510000,user_2,723,723,
3864,32,150000,0,user_30,723,723,
3839,33,149999,0,user_3,723,723,3838
3842,34,149999,0,user_7,723,723,3838
3845,35,149999,0,user_10,723,723,3838
3846,36,149999,0,user_11,723,723,3838
3848,37,149999,0,user_14,723,723,3838
3850,38,149999,0,user_15,723,723,3838
3869,39,110000,49100,user_31,723,723,
3853,40,85000,0,user_16,723,723,
3887,41,85000,0,user_49,723,723,
3859,42,82000,256000,user_24,723,723,
3882,43,82000,67900,user_42,723,723,
3860,44,80000,0,user_25,723,723,
3862,45,79000,0,user_27,723,723,
3865,46,79000,84800,user_30,723,723,
3851,47,70000,0,user_16,723,723,
3917,0,30000000,0,user_25,724,724,
3902,1,6300000,0,user_16,724,724,
3911,2,4500000,0,user_18,724,724,
3930,3,4200000,0,user_40,724,724,
3908,4,2300000,0,user_17,724,724,
3931,5,2000000,0,user_42,724,724,
3903,6,1900000,121000,user_16,724,724,
3919,7,1900000,0,user_27,724,724,
3904,8,1600000,181000,user_16,724,724,
3927,9,1500000,0,user_37,724,724,
3901,10,1400000,46500,user_16,724,724,
3921,11,1400000,0,user_30,724,724,
3926,12,1400000,13900,user_36,724,724,
3909,13,1100000,0,user_17,724,724,
3905,14,1000000,0,user_16,724,724,
3915,15,530000,0,user_22,724,724,
3914,16,460000,0,user_21,724,724,
3933,17,460000,0,user_44,724,724,
3907,18,420000,0,user_17,724,724,
3928,19,360000,0,user_37,724,724,
3910,20,350000,0,user_17,724,724,
3906,21,320000,0,user_17,724,724,
3925,22,310000,0,user_34,724,724,
3934,23,190000,0,user_44,724,724,
3913,24,170000,0,user_20,724,724,
3893,25,160001,0,user_5,724,724,3889
3899,26,160001,0,user_14,724,724,3889
3889,27,160000,5630,user_0,724,724,
3890,28,159999,0,user_1,724,724,3889
3891,29,159999,0,user_3,724,724,3889
3892,30,159999,0,user_5,724,724,3889
3894,31,159999,0,user_6,724,724,3889
3895,32,159999,0,user_9,724,724,3889
3900,33,159999,0,user_15,724,724,3889
3918,34,150000,0,user_27,724,724,
3920,35,150000,0,user_27,724,724,
3924,36,150000,0,user_32,724,724,
3923,37,120000,0,user_31,724,724,
3935,38,120000,0,user_45,724,724,
3936,39,120000,0,user_45,724,724,
3932,40,110000,0,user_42,724,724,
3922,41,87000,0,user_30,724,724,
3937,42,85000,0,user_46,724,724,
3939,43,77000,0,user_49,724,724,
3984,0,43000000,0,user_42,725,725,
3947,1,27000000,0,user_7,725,725,
3953,2,6300000,0,user_17,725,725,
3945,3,5000000,0,user_5,725,725,
3941,4,4500000,0,user_1,725,725,
3979,5,4200000,18600,user_38,725,725,
3940,6,3200000,0,user_0,725,725,
3944,7,2000000,0,user_3,725,725,
3965,8,2000000,0,user_23,725,725,
3950,9,1600001,0,user_12,725,725,3948
3951,10,1600001,0,user_14,725,725,3948
3963,11,1600000,0,user_22,725,725,
3990,12,1600000,0,user_44,725,725,
3992,13,1600000,0,user_46,725,725,
3949,14,1599999,0,user_11,725,725,3948
3952,15,1599999,0,user_14,725,725,3948
3983,16,1500000,0,user_42,725,725,
3991,17,1500000,0,user_46,725,725,
3959,18,1400000,31700,user_20,725,725,
3986,19,1400000,0,user_42,725,725,
3967,20,1100000,0,user_25,725,725,
3982,21,1100000,0,user_42,725,725,
3954,22,1000000,0,user_17,725,725,
3964,23,1000000,0,user_22,725,725,
3968,24,1000000,0,user_27,725,725,
3942,25,870000,0,user_2,725,725,
3969,26,870000,0,user_29,725,725,
3962,27,670000,0,user_20,725,725,
3960,28,630000,0,user_20,725,725,
3988,29,600000,0,user_44,725,725,
3970,30,470000,0,user_30,725,725,
3974,31,320000,7190000,user_33,725,725,
3957,32,310000,0,user_19,725,725,
3987,33,310000,31700,user_44,725,725,
3973,34,300000,0,user_32,725,725,
3956,35,260000,0,user_18,725,725,
3975,36,240000,0,user_34,725,725,
3966,37,220000,0,user_24,725,725,
3971,38,170000,0,user_32,725,725,
3946,39,160000,0,user_6,725,725,
3985,40,160000,0,user_42,725,725,
3978,41,130000,410000,user_36,725,725,
3972,42,120000,322000,user_32,725,725,
3989,43,100000,0,user_44,725,725,
3976,44,98000,0,user_34,725,725,
3943,45,85000,0,user_3,725,725,
3981,46,84000,0,user_41,725,725,
3955,47,82000,0,user_18,725,725,
3961,48,82000,0,user_20,725,725,
3958,49,79000,0,user_20,725,725,
4015,0,6300000,0,user_24,726,726,
4021,1,5200000,0,user_33,726,726,
4007,2,5000000,0,user_17,726,726,
4035,3,3600000,0,user_44,726,726,
4039,4,3200000,3130,user_49,726,726,
4014,5,2500000,0,user_23,726,726,
4028,6,2400000,0,user_37,726,726,
4030,7,2300000,181000,user_39,726,726,
4040,8,2100000,0,user_49,726,726,
4009,9,2000000,0,user_19,726,726,
4013,10,1500000,0,user_22,726,726,
4017,11,1500000,0,user_26,726,726,
4034,12,1400000,0,user_44,726,726,
4037,13,1400000,0,user_47,726,726,
4018,14,1000000,0,user_28,726,726,
4019,15,870000,68100,user_30,726,726,
4024,16,650000,0,user_33,726,726,
4012,17,630000,0,user_21,726,726,
4033,18,630000,0,user_42,726,726,
4027,19,530000,285000,user_36,726,726,
3993,20,460000,0,user_0,726,726,
4016,21,350000,0,user_25,726,726,
3996,22,310001,0,user_3,726,726,3995
3997,23,310001,0,user_3,726,726,3995
3998,24,310001,0,user_4,726,726,3995
4002,25,310001,0,user_10,726,726,3995
4003,26,310001,0,user_11,726,726,3995
3995,27,310000,256000,user_2,726,726,
3999,28,309999,0,user_5,726,726,3995
4000,29,309999,0,user_6,726,726,3995
4004,30,309999,0,user_12,726,726,3995
4005,31,309999,0,user_15,726,726,3995
4011,32,300000,0,user_20,726,726,
4036,33,220000,0,user_47,726,726,
4020,34,170000,0,user_31,726,726,
4023,35,170000,0,user_33,726,726,
4010,36,130000,0,user_19,726,726,
4022,37,110000,0,user_33,726,726,
4029,38,110000,0,user_38,726,726,
4032,39,110000,0,user_41,726,726,
4038,40,110000,0,user_48,726,726,
3994,41,85000,0,user_2,726,726,
4006,42,85000,0,user_16,726,726,
4026,43,83000,0,user_36,726,726,
4008,44,79000,0,user_18,726,726,
4031,45,70000,0,user_39,726,726,
4071,0,6100000,0,user_29,727,727,
4067,1,5000000,0,user_22,727,727,
4044,2,2500000,0,user_3,727,727,
4073,3,2500000,0,user_32,727,727,
4063,4,2000000,0,user_16,727,727,
4077,5,2000000,0,user_35,727,727,
4078,6,1900000,0,user_36,727,727,
4041,7,1600000,0,user_1,727,727,
4083,8,1500000,0,user_42,727,727,
4075,9,1200000,0,user_34,727,727,
4082,10,1000000,0,user_40,727,727,
4084,11,1000000,0,user_44,727,727,
4089,12,970000,0,user_49,727,727,
4065,13,870000,0,user_19,727,727,
4086,14,530000,0,user_46,727,727,
4076,15,470000,128000,user_34,727,727,
4088,16,460000,0,user_47,727,727,
4069,17,310000,0,user_24,727,727,
4079,18,310000,0,user_37,727,727,
4042,19,240000,0,user_1,727,727,
4087,20,170000,0,user_46,727,727,
4047,21,160001,0,user_3,727,727,4045
4048,22,160001,0,user_4,727,727,4045
4050,23,160001,0,user_6,727,727,4045
4051,24,160001,0,user_7,727,727,4045
4052,25,160001,0,user_8,727,727,4045
4055,26,160001,0,user_12,727,727,4045
4057,27,160001,0,user_12,727,727,4045
4061,28,160001,0,user_15,727,727,4045
4062,29,160001,0,user_15,727,727,4045
4045,30,160000,510000,user_3,727,727,
4046,31,159999,0,user_3,727,727,4045
4049,32,159999,0,user_5,727,727,4045
4054,33,159999,0,user_12,727,727,4045
4056,34,159999,0,user_12,727,727,4045
4058,35,159999,0,user_12,727,727,4045
4060,36,159999,0,user_15,727,727,4045
4043,37,150000,0,user_2,727,727,
4068,38,110000,0,user_22,727,727,
4074,39,110000,0,user_32,727,727,
4064,40,100000,0,user_17,727,727,
4070,41,82000,17000,user_29,727,727,
4066,42,79000,0,user_21,727,727,
4085,43,73000,0,user_45,727,727,
4116,0,30000000,39400,user_30,728,728,
4137,1,30000000,0,user_48,728,728,
4106,2,6100000,0,user_18,728,728,
4124,3,5000000,49100,user_39,728,728,
4118,4,4500000,0,user_34,728,728,
4107,5,4200000,0,user_18,728,728,
4128,6,3500000,0,user_41,728,728,
4132,7,3500000,0,user_45,728,728,
4119,8,2000000,0,user_35,728,728,
4126,9,1500000,0,user_40,728,728,
4135,10,1500000,0,user_45,728,728,
4130,11,1200000,231000,user_44,728,728,
4120,12,1100000,0,user_35,728,728,
4122,13,1100000,11200,user_36,728,728,
4133,14,1000000,0,user_45,728,728,
4112,15,670000,0,user_27,728,728,
4125,16,660000,215000,user_40,728,728,
4138,17,660000,0,user_49,728,728,
4114,18,630000,0,user_28,728,728,
4113,19,600000,0,user_27,728,728,
4134,20,460000,0,user_45,728,728,
4129,21,370000,0,user_42,728,728,
4091,22,340001,0,user_3,728,728,4090
4092,23,340001,0,user_4,728,728,4090
4096,24,340001,0,user_6,728,728,4090
4099,25,340001,0,user_9,728,728,4090
4104,26,340001,0,user_15,728,728,4090
4090,27,340000,369000,user_1,728,728,
4093,28,339999,0,user_4,728,728,4090
4094,29,339999,0,user_5,728,728,4090
4095,30,339999,0,user_6,728,728,4090
4098,31,339999,0,user_9,728,728,4090
4123,32,310000,46500,user_37,728,728,
4121,33,170000,0,user_35,728,728,
4115,34,150000,0,user_29,728,728,
4110,35,120000,0,user_25,728,728,
4105,36,110000,0,user_17,728,728,
4131,37,98000,0,user_45,728,728,
4108,38,87000,769000,user_21,728,728,
4127,39,87000,108000,user_41,728,728,
4136,40,82000,0,user_46,728,728,
4117,41,70000,0,user_32,728,728,
4169,0,2600000,0,user_46,729,729,
4161,1,2300000,0,user_31,729,729,
4155,2,2100000,0,user_22,729,729,
4170,3,2000000,0,user_48,729,729,
4158,4,1900000,410000,user_30,729,729,
4140,5,1600000,0,user_1,729,729,
4154,6,1400000,0,user_19,729,729,
4159,7,1000000,0,user_31,729,729,
4165,8,660000,4320000,user_41,729,729,
4143,9,460001,0,user_6,729,729,4141
4144,10,460001,0,user_8,729,729,4141
4146,11,460001,0,user_10,729,729,4141
4147,12,460001,0,user_10,729,729,4141
4149,13,460001,0,user_14,729,729,4141
4141,14,460000,35600,user_2,729,729,
4142,15,459999,0,user_4,729,729,4141
4145,16,459999,0,user_9,729,729,4141
4148,17,459999,0,user_11,729,729,4141
4150,18,459999,0,user_15,729,729,4141
4153,19,340000,35100,user_19,729,729,
4160,20,320000,0,user_31,729,729,
4163,21,150000,0,user_36,729,729,
4171,22,150000,0,user_49,729,729,
4139,23,120000,0,user_1,729,729,
4164,24,110000,0,user_39,729,729,
4156,25,98000,0,user_27,729,729,
4162,26,98000,71800,user_33,729,729,
4166,27,77000,0,user_41,729,729,
4212,0,43000000,0,user_41,730,730,
4175,1,30000001,0,user_3,730,730,4173
4177,2,30000001,0,user_6,730,730,4173
4178,3,30000001,0,user_6,730,730,4173
4179,4,30000001,0,user_8,730,730,4173
4181,5,30000001,0,user_8,730,730,4173
4185,6,30000001,0,user_10,730,730,4173
4186,7,30000001,0,user_12,730,730,4173
4188,8,30000001,0,user_12,730,730,4173
4189,9,30000001,0,user_12,730,730,4173
4192,10,30000001,0,user_15,730,730,4173
4173,11,30000000,10700,user_2,730,730,
4174,12,29999999,0,user_3,730,730,4173
4176,13,29999999,0,user_4,730,730,4173
4180,14,29999999,0,user_8,730,730,4173
4182,15,29999999,0,user_8,730,730,4173
4183,16,29999999,0,user_8,730,730,4173
4184,17,29999999,0,user_9,730,730,4173
4187,18,29999999,0,user_12,730,730,4173
4190,19,29999999,0,user_12,730,730,4173
4213,20,6100000,0,user_42,730,730,
4201,21,3500000,0,user_23,730,730,
4206,22,3500000,0,user_31,730,730,
4195,23,2300000,0,user_16,730,730,
4209,24,1500000,0,user_38,730,730,
4210,25,1400000,0,user_39,730,730,
4198,26,1200000,0,user_18,730,730,
4204,27,600000,0,user_28,730,730,
4205,28,470000,0,user_30,730,730,
4196,29,420000,0,user_16,730,730,
4208,30,420000,0,user_37,730,730,
4193,31,170000,0,user_16,730,730,
4217,32,170000,769000,user_49,730,730,
4211,33,160000,0,user_40,730,730,
4197,34,150000,0,user_16,730,730,
4200,35,150000,0,user_20,730,730,
4194,36,120000,0,user_16,730,730,
4207,37,120000,0,user_35,730,730,
4214,38,120000,0,user_43,730,730,
4202,39,79000,0,user_24,730,730,
4199,40,77000,0,user_20,730,730,
4249,0,30000000,12300,user_32,731,731,
4254,1,19000000,369000,user_34,731,731,
4267,2,19000000,0,user_48,731,731,
4234,3,6300000,231000,user_17,731,731,
4247,4,6300000,12800,user_29,731,731,
4241,5,4500000,0,user_26,731,731,
4246,6,3600000,0,user_29,731,731,
4244,7,2600000,0,user_28,731,731,
4237,8,2300000,0,user_20,731,731,
4232,9,2100000,0,user_16,731,731,
4264,10,1800000,24700,user_44,731,731,
4266,11,1600000,0,user_47,731,731,
4253,12,1500000,0,user_34,731,731,
4236,13,1300000,0,user_19,731,731,
4230,14,1100000,0,user_16,731,731,
4243,15,1000000,0,user_27,731,731,
4250,16,1000000,0,user_34,731,731,
4259,17,1000000,0,user_39,731,731,
4240,18,910000,0,user_24,731,731,
4233,19,670000,36800,user_16,731,731,
4256,20,670000,0,user_36,731,731,
4242,21,660000,0,user_26,731,731,
4235,22,420000,0,user_17,731,731,
4263,23,420000,0,user_43,731,731,
4239,24,260000,0,user_23,731,731,
4251,25,220000,0,user_34,731,731,
4220,26,170001,0,user_3,731,731,4218
4223,27,170001,0,user_7,731,731,4218
4226,28,170001,0,user_10,731,731,4218
4227,29,170001,0,user_11,731,731,4218
4218,30,170000,68100,user_0,731,731,
4231,31,170000,0,user_16,731,731,
4257,32,170000,12300,user_37,731,731,
4219,33,169999,0,user_1,731,731,4218
4221,34,169999,0,user_3,731,731,4218
4222,35,169999,0,user_4,731,731,4218
4228,36,169999,0,user_15,731,731,4218
4229,37,150000,0,user_16,731,731,
4238,38,150000,0,user_21,731,731,
4261,39,150000,0,user_41,731,731,
4262,40,120000,0,user_42,731,731,
4245,41,110000,0,user_28,731,731,
4252,42,110000,0,user_34,731,731,
4265,43,100000,0,user_46,731,731,
4248,44,87000,146000,user_31,731,731,
4258,45,82000,0,user_38,731,731,
4311,0,30000000,0,user_32,732,732,
4270,1,27000001,0,user_6,732,732,4269
4271,2,27000001,0,user_6,732,732,4269
4273,3,27000001,0,user_7,732,732,4269
4276,4,27000001,0,user_9,732,732,4269
4277,5,27000001,0,user_9,732,732,4269
4278,6,27000001,0,user_9,732,732,4269
4281,7,27000001,0,user_10,732,732,4269
4282,8,27000001,0,user_10,732,732,4269
4284,9,27000001,0,user_11,732,732,4269
4286,10,27000001,0,user_14,732,732,4269
4269,11,27000000,195000,user_6,732,732,
4298,12,27000000,0,user_24,732,732,
4324,13,27000000,0,user_46,732,732,
4272,14,26999999,0,user_7,732,732,4269
4274,15,26999999,0,user_8,732,732,4269
4275,16,26999999,0,user_9,732,732,4269
4279,17,26999999,0,user_9,732,732,4269
4280,18,26999999,0,user_10,732,732,4269
4283,19,26999999,0,user_10,732,732,4269
4285,20,26999999,0,user_13,732,732,4269
4323,21,19000000,0,user_45,732,732,
4304,22,5000000,0,user_29,732,732,
4294,23,4200000,0,user_22,732,732,
4302,24,4200000,0,user_28,732,732,
4317,25,3600000,0,user_39,732,732,
4309,26,3500000,0,user_31,732,732,
4296,27,3200000,0,user_23,732,732,
4319,28,2600000,0,user_42,732,732,
4321,29,2600000,0,user_44,732,732,
4305,30,1800000,0,user_29,732,732,
4308,31,1700000,594000,user_31,732,732,
4303,32,1400000,0,user_29,732,732,
4316,33,1400000,0,user_39,732,732,
4292,34,1300000,5180,user_19,732,732,
4297,35,1100000,0,user_23,732,732,
4290,36,660000,0,user_18,732,732,
4313,37,650000,10700,user_37,732,732,
4301,38,600000,0,user_27,732,732,
4306,39,460000,0,user_29,732,732,
4310,40,310000,296000,user_32,732,732,
4315,41,220000,0,user_39,732,732,
4312,42,190000,0,user_35,732,732,
4295,43,170000,0,user_22,732,732,
4299,44,170000,0,user_24,732,732,
4287,45,130000,0,user_16,732,732,
4268,46,120000,0,user_4,732,732,
4318,47,120000,42000,user_42,732,732,
4289,48,110000,0,user_17,732,732,
4314,49,110000,0,user_38,732,732,
4300,50,100000,0,user_26,732,732,
4288,51,87000,0,user_16,732,732,
4291,52,82000,0,user_19,732,732,
4322,53,77000,0,user_45,732,732,
4341,0,6100000,0,user_16,733,733,
4368,1,6100000,381000,user_43,733,733,
4379,2,6100000,0,user_49,733,733,
4359,3,5200000,0,user_35,733,733,
4352,4,5000000,0,user_29,733,733,
4346,5,4500000,0,user_21,733,733,
4370,6,3600000,0,user_43,733,733,
4333,7,3500001,0,user_8,733,733,4332
4334,8,3500001,0,user_8,733,733,4332
4335,9,3500001,0,user_10,733,733,4332
4336,10,3500001,0,user_11,733,733,4332
4340,11,3500001,0,user_15,733,733,4332
4332,12,3500000,84800,user_6,733,733,
4338,13,3499999,0,user_13,733,733,4332
4339,14,3499999,0,user_14,733,733,4332
4350,15,2600000,0,user_27,733,733,
4376,16,2600000,283000,user_46,733,733,
4369,17,2500000,0,user_43,733,733,
4373,18,2000000,0,user_46,733,733,
4349,19,1800000,128000,user_23,733,733,
4348,20,1600000,0,user_23,733,733,
4351,21,1600000,0,user_28,733,733,
4328,22,1500000,0,user_3,733,733,
4364,23,1500000,0,user_37,733,733,
4329,24,1400000,0,user_4,733,733,
4371,25,1400000,24700,user_45,733,733,
4342,26,1000000,0,user_17,733,733,
4363,27,1000000,56200,user_37,733,733,
4327,28,600000,0,user_1,733,733,
4355,29,600000,0,user_31,733,733,
4353,30,470000,0,user_29,733,733,
4345,31,460000,0,user_21,733,733,
4344,32,350000,0,user_20,733,733,
4374,33,350000,0,user_46,733,733,
4330,34,340000,0,user_4,733,733,
4331,35,340000,0,user_6,733,733,
4366,36,320000,0,user_39,733,733,
4377,37,320000,0,user_46,733,733,
4362,38,310000,18600,user_37,733,733,
4343,39,170000,0,user_18,733,733,
4358,40,160000,0,user_34,733,733,
4347,41,150000,0,user_22,733,733,
4372,42,150000,0,user_45,733,733,
4361,43,120000,0,user_37,733,733,
4326,44,110000,0,user_0,733,733,
4360,45,110000,0,user_37,733,733,
4354,46,98000,0,user_30,733,733,
4357,47,83000,0,user_33,733,733,
4365,48,82000,0,user_38,733,733,
4375,49,77000,0,user_46,733,733,
4382,0,27000000,0,user_2,734,734,
4410,1,27000000,0,user_22,734,734,
4421,2,19000000,0,user_30,734,734,
4383,3,6100000,0,user_3,734,734,
4414,4,6100000,0,user_26,734,734,
4381,5,5200000,0,user_1,734,734,
4418,6,4500000,350000,user_29,734,734,
4412,7,3600000,0,user_23,734,734,
4408,8,3500000,0,user_18,734,734,
4427,9,3500000,0,user_36,734,734,
4429,10,3200000,0,user_40,734,734,
4423,11,2600000,64600,user_34,734,734,
4380,12,2400000,0,user_0,734,734,
4431,13,2000000,0,user_43,734,734,
4425,14,1600000,0,user_35,734,734,
4428,15,1600000,0,user_39,734,734,
4435,16,1600000,545000,user_47,734,734,
4415,17,970000,0,user_27,734,734,
4417,18,970000,0,user_28,734,734,
4413,19,870000,0,user_24,734,734,
4416,20,650000,0,user_28,734,734,
4411,21,600000,0,user_22,734,734,
4426,22,600000,0,user_36,734,734,
4406,23,420000,0,user_16,734,734,
4420,24,420000,35100,user_30,734,734,
4424,25,420000,36800,user_34,734,734,
4433,26,310000,0,user_45,734,734,
4409,27,260000,0,user_21,734,734,
4436,28,190000,0,user_49,734,734,
4407,29,160000,0,user_18,734,734,
4422,30,160000,0,user_30,734,734,
4434,31,150000,0,user_46,734,734,
4432,32,120000,0,user_43,734,734,
4419,33,110000,0,user_30,734,734,
4387,34,79001,0,user_7,734,734,4384
4388,35,79001,0,user_8,734,734,4384
4392,36,79001,0,user_10,734,734,4384
4393,37,79001,0,user_10,734,734,4384
4396,38,79001,0,user_12,734,734,4384
4398,39,79001,0,user_12,734,734,4384
4400,40,79001,0,user_13,734,734,4384
4402,41,79001,0,user_13,734,734,4384
4403,42,79001,0,user_13,734,734,4384
4389,43,78999,0,user_9,734,734,4384
4390,44,78999,0,user_10,734,734,4384
4391,45,78999,0,user_10,734,734,4384
4394,46,78999,0,user_12,734,734,4384
4395,47,78999,0,user_12,734,734,4384
4397,48,78999,0,user_12,734,734,4384
4399,49,78999,0,user_13,734,734,4384
4401,50,78999,0,user_13,734,734,4384
4404,51,78999,0,user_14,734,734,4384
4405,52,78999,0,user_15,734,734,4384
4463,0,27000000,0,user_25,735,735,
4474,1,5000000,0,user_35,735,735,
4482,2,4500000,0,user_40,735,735,
4466,3,3600000,0,user_27,735,735,
4490,4,2400000,0,user_49,735,735,
4461,5,2300000,32900,user_24,735,735,
4484,6,2000000,0,user_44,735,735,
4437,7,1800000,0,user_0,735,735,
4483,8,1700000,23500,user_42,735,735,
4455,9,1500000,0,user_16,735,735,
4462,10,1500000,0,user_24,735,735,
4476,11,1400000,0,user_37,735,735,
4489,12,1400000,0,user_49,735,735,
4468,13,1300000,4320000,user_29,735,735,
4472,14,1200000,0,user_33,735,735,
4457,15,1100000,0,user_20,735,735,
4481,16,1100000,84800,user_39,735,735,
4478,17,1000000,0,user_39,735,735,
4491,18,670000,13800,user_49,735,735,
4467,19,470000,0,user_28,735,735,
4487,20,460000,0,user_47,735,735,
4475,21,420000,0,user_37,735,735,
4480,22,420000,0,user_39,735,735,
4486,23,370000,0,user_46,735,735,
4471,24,260000,0,user_32,735,735,
4470,25,220000,0,user_31,735,735,
4464,26,160000,0,user_26,735,735,
4479,27,160000,0,user_39,735,735,
4456,28,150000,181000,user_19,735,735,
4485,29,150000,350000,user_45,735,735,
4439,30,120001,0,user_3,735,735,4438
4440,31,120001,0,user_4,735,735,4438
4441,32,120001,0,user_6,735,735,4438
4444,33,120001,0,user_8,735,735,4438
4445,34,120001,0,user_9,735,735,4438
4451,35,120001,0,user_12,735,735,4438
4452,36,120001,0,user_12,735,735,4438
4453,37,120001,0,user_14,735,735,4438
4438,38,120000,16400,user_3,735,735,
4442,39,119999,0,user_6,735,735,4438
4443,40,119999,0,user_8,735,735,4438
4446,41,119999,0,user_10,735,735,4438
4448,42,119999,0,user_12,735,735,4438
4449,43,119999,0,user_12,735,735,4438
4450,44,119999,0,user_12,735,735,4438
4454,45,110000,0,user_16,735,735,
4488,46,84000,0,user_49,735,735,
4477,47,82000,0,user_39,735,735,
4465,48,77000,0,user_26,735,735,
4535,0,27000000,0,user_40,736,736,
4520,1,19000000,67900,user_27,736,736,
4519,2,6100000,0,user_26,736,736,
4537,3,5200000,67500,user_41,736,736,
4546,4,5000000,0,user_47,736,736,
4548,5,4500000,0,user_48,736,736,
4532,6,4200000,0,user_36,736,736,
4549,7,3500000,146000,user_49,736,736,
4528,8,2600000,0,user_33,736,736,
4494,9,2300000,0,user_3,736,736,
4521,10,1800000,0,user_28,736,736,
4523,11,1700000,0,user_30,736,736,
4501,12,1500000,0,user_6,736,736,
4526,13,1500000,3130,user_30,736,736,
4529,14,1500000,0,user_34,736,736,
4539,15,1400000,181000,user_43,736,736,
4514,16,1100000,0,user_22,736,736,
4533,17,1100000,0,user_36,736,736,
4512,18,1000000,0,user_19,736,736,
4495,19,970000,0,user_4,736,736,
4545,20,870000,0,user_47,736,736,
4516,21,650000,0,user_24,736,736,
4544,22,630000,17000,user_47,736,736,
4530,23,600000,5180,user_34,736,736,
4524,24,470000,0,user_30,736,736,
4541,25,470000,0,user_44,736,736,
4500,26,460000,0,user_6,736,736,
4547,27,460000,42000,user_47,736,736,
4493,28,420000,0,user_2,736,736,
4525,29,360000,0,user_30,736,736,
4492,30,320000,0,user_2,736,736,
4527,31,320000,14200,user_31,736,736,
4498,32,300000,0,user_5,736,736,
4515,33,300000,0,user_23,736,736,
4497,34,220000,0,user_5,736,736,
4522,35,220000,0,user_28,736,736,
4536,36,220000,36800,user_40,736,736,
4513,37,190000,0,user_20,736,736,
4505,38,150001,0,user_10,736,736,4502
4511,39,150001,0,user_15,736,736,4502
4502,40,150000,381000,user_6,736,736,
4503,41,149999,0,user_6,736,736,4502
4504,42,149999,0,user_8,736,736,4502
4506,43,149999,0,user_11,736,736,4502
4508,44,149999,0,user_14,736,736,4502
4509,45,149999,0,user_14,736,736,4502
4510,46,149999,0,user_14,736,736,4502
4543,47,110000,19700,user_47,736,736,
4540,48,87000,0,user_43,736,736,
4496,49,77000,0,user_4,736,736,
4499,50,73000,0,user_6,736,736,
4517,51,70000,18600,user_24,736,736,
4602,0,19000000,0,user_47,737,737,
4596,1,6100000,0,user_38,737,737,
4578,2,5000000,0,user_19,737,737,
4598,3,5000000,0,user_40,737,737,
4555,4,2400001,0,user_1,737,737,4554
4557,5,2400001,0,user_1,737,737,4554
4558,6,2400001,0,user_4,737,737,4554
4559,7,2400001,0,user_5,737,737,4554
4562,8,2400001,0,user_9,737,737,4554
4563,9,2400001,0,user_9,737,737,4554
4564,10,2400001,0,user_10,737,737,4554
4568,11,2400001,0,user_12,737,737,4554
4570,12,2400001,0,user_12,737,737,4554
4571,13,2400001,0,user_13,737,737,4554
4554,14,2400000,36800,user_1,737,737,
4556,15,2399999,0,user_1,737,737,4554
4565,16,2399999,0,user_10,737,737,4554
4566,17,2399999,0,user_11,737,737,4554
4567,18,2399999,0,user_12,737,737,4554
4569,19,2399999,0,user_12,737,737,4554
4572,20,2399999,0,user_14,737,737,4554
4594,21,1800000,594000,user_35,737,737,
4573,22,1600000,0,user_16,737,737,
4603,23,1500000,0,user_48,737,737,
4590,24,1400000,0,user_31,737,737,
4588,25,1300000,0,user_29,737,737,
4575,26,1200000,0,user_19,737,737,
4582,27,1100000,0,user_22,737,737,
4587,28,1000000,0,user_26,737,737,
4592,29,1000000,0,user_34,737,737,
4589,30,970000,3130,user_30,737,737,
4553,31,630000,0,user_1,737,737,
4576,32,630000,350000,user_19,737,737,
4597,33,460000,0,user_39,737,737,
4552,34,360000,0,user_0,737,737,
4574,35,360000,0,user_17,737,737,
4581,36,220000,84800,user_21,737,737,
4600,37,220000,0,user_44,737,737,
4550,38,170000,0,user_0,737,737,
4584,39,120000,0,user_23,737,737,
4577,40,110000,100000,user_19,737,737,
4593,41,110000,164000,user_34,737,737,
4586,42,100000,0,user_25,737,737,
4591,43,98000,0,user_34,737,737,
4551,44,87000,0,user_0,737,737,
4583,45,82000,0,user_22,737,737,
4599,46,79000,0,user_41,737,737,
4604,47,79000,0,user_48,737,737,
4601,48,77000,285000,user_45,737,737,
4624,0,6300000,0,user_21,738,738,
4613,1,5200000,0,user_12,738,738,
4650,2,5200000,0,user_45,738,738,
4626,3,5000000,0,user_23,738,738,
4653,4,5000000,121000,user_46,738,738,
4625,5,4500000,0,user_21,738,738,
4614,6,4200000,84800,user_13,738,738,
4615,7,4199999,0,user_15,738,738,4614
4648,8,3600000,0,user_43,738,738,
4607,9,3500000,0,user_1,738,738,
4641,10,2600000,0,user_38,738,738,
4651,11,2600000,0,user_46,738,738,
4606,12,2000000,0,user_1,738,738,
4608,13,2000000,0,user_2,738,738,
4621,14,2000000,49100,user_21,738,738,
4635,15,2000000,0,user_28,738,738,
4646,16,2000000,0,user_41,738,738,
4628,17,1900000,0,user_26,738,738,
4640,18,1800000,0,user_38,738,738,
4631,19,1000000,0,user_27,738,738,
4636,20,970000,0,user_31,738,738,
4644,21,970000,6390,user_38,738,738,
4616,22,670000,0,user_17,738,738,
4618,23,660000,0,user_18,738,738,
4612,24,650000,0,user_10,738,738,
4617,25,600000,0,user_17,738,738,
4622,26,460000,322000,user_21,738,738,
4642,27,460000,0,user_38,738,738,
4655,28,460000,3130,user_47,738,738,
4611,29,420000,0,user_6,738,738,
4637,30,360000,0,user_33,738,738,
4639,31,340000,0,user_37,738,738,
4610,32,220000,0,user_4,738,738,
4627,33,160000,0,user_25,738,738,
4609,34,150000,0,user_3,738,738,
4629,35,150000,0,user_27,738,738,
4630,36,130000,0,user_27,738,738,
4647,37,130000,0,user_42,738,738,
4623,38,120000,0,user_21,738,738,
4632,39,120000,0,user_27,738,738,
4652,40,120000,0,user_46,738,738,
4619,41,110000,0,user_19,738,738,
4634,42,110000,32900,user_28,738,738,
4643,43,110000,0,user_38,738,738,
4654,44,110000,0,user_46,738,738,
4656,45,100000,0,user_48,738,738,
4633,46,85000,0,user_27,738,738,
4605,47,82000,0,user_0,738,738,
4620,48,82000,6390,user_20,738,738,
4657,49,80000,8520,user_49,738,738,
4649,50,70000,84800,user_44,738,738,
4709,0,30000000,0,user_42,739,739,
4684,1,5200000,0,user_19,739,739,
4693,2,5200000,0,user_27,739,739,
4672,3,5000000,0,user_11,739,739,
4716,4,5000000,0,user_49,739,739,
4704,5,4200000,0,user_35,739,739,
4707,6,3500000,30200,user_37,739,739,
4702,7,2600000,0,user_33,739,739,
4708,8,1700000,12800,user_38,739,739,
4670,9,1600000,0,user_10,739,739,
4692,10,1600000,0,user_24,739,739,
4705,11,1600000,0,user_36,739,739,
4703,12,1400000,0,user_34,739,739,
4660,13,1200000,0,user_3,739,739,
4694,14,1200000,0,user_27,739,739,
4669,15,1100000,0,user_10,739,739,
4687,16,1000000,66100,user_21,739,739,
4715,17,1000000,0,user_49,739,739,
4706,18,970000,0,user_37,739,739,
4691,19,910000,0,user_24,739,739,
4685,20,670000,0,user_19,739,739,
4663,21,660000,0,user_4,739,739,
4671,22,660000,0,user_11,739,739,
4699,23,630000,146000,user_33,739,739,
4688,24,350000,0,user_22,739,739,
4664,25,340000,0,user_5,739,739,
4700,26,340000,0,user_33,739,739,
4696,27,260000,0,user_31,739,739,
4683,28,220000,0,user_19,739,739,
4701,29,190000,0,user_33,739,739,
4680,30,170000,0,user_16,739,739,
4689,31,170000,0,user_22,739,739,
4710,32,170000,0,user_42,739,739,
4713,33,170000,8520,user_44,739,739,
4686,34,160000,139000,user_19,739,739,
4659,35,150000,0,user_1,739,739,
4690,36,150000,0,user_23,739,739,
4658,37,130000,0,user_0,739,739,
4662,38,120000,0,user_4,739,739,
4677,39,110001,0,user_13,739,739,4674
4661,40,110000,0,user_3,739,739,
4668,41,110000,0,user_9,739,739,
4678,42,109999,0,user_14,739,739,4674
4714,43,98000,0,user_47,739,739,
4697,44,82000,15100,user_32,739,739,
4698,45,77000,13900,user_33,739,739,
4768,0,6100000,0,user_46,740,740,
4760,1,5000000,0,user_35,740,740,
4750,2,4200000,17000,user_23,740,740,
4755,3,4200000,0,user_32,740,740,
4741,4,3600000,17700000,user_16,740,740,
4743,5,3600000,0,user_17,740,740,
4761,6,3200000,0,user_35,740,740,
4744,7,2500000,0,user_17,740,740,
4762,8,2400000,0,user_35,740,740,
4769,9,2100000,0,user_47,740,740,
4724,10,2000001,0,user_5,740,740,4718
4725,11,2000001,0,user_5,740,740,4718
4727,12,2000001,0,user_7,740,740,4718
4728,13,2000001,0,user_8,740,740,4718
4730,14,2000001,0,user_10,740,740,4718
4731,15,2000001,0,user_10,740,740,4718
4733,16,2000001,0,user_11,740,740,4718
4734,17,2000001,0,user_11,740,740,4718
4735,18,2000001,0,user_11,740,740,4718
4737,19,2000001,0,user_11,740,740,4718
4720,20,1999999,0,user_2,740,740,4718
4721,21,1999999,0,user_4,740,740,4718
4722,22,1999999,0,user_5,740,740,4718
4723,23,1999999,0,user_5,740,740,4718
4726,24,1999999,0,user_6,740,740,4718
4729,25,1999999,0,user_9,740,740,4718
4732,26,1999999,0,user_10,740,740,4718
4736,27,1999999,0,user_11,740,740,4718
4738,28,1999999,0,user_12,740,740,4718
4739,29,1999999,0,user_13,740,740,4718
4766,30,1900000,0,user_44,740,740,
4765,31,1800000,0,user_43,740,740,
4770,32,1500000,0,user_48,740,740,
4745,33,970000,0,user_17,740,740,
4754,34,660000,35600,user_31,740,740,
4749,35,650000,0,user_21,740,740,
4767,36,650000,0,user_44,740,740,
4742,37,470000,0,user_16,740,740,
4763,38,470000,18600,user_39,740,740,
4758,39,360000,0,user_35,740,740,
4752,40,260000,0,user_28,740,740,
4746,41,240000,195000,user_17,740,740,
4753,42,220000,0,user_30,740,740,
4759,43,220000,0,user_35,740,740,
4756,44,120000,0,user_32,740,740,
4748,45,110000,0,user_19,740,740,
4764,46,85000,100000,user_42,740,740,
4772,0,30000000,0,user_0,741,741,
4802,1,5200000,0,user_31,741,741,
4775,2,3600000,0,user_2,741,741,
4812,3,3200000,128000,user_43,741,741,
4813,4,3200000,0,user_45,741,741,
4795,5,1800000,0,user_26,741,741,
4816,6,1700000,0,user_48,741,741,
4790,7,1600000,510000,user_22,741,741,
4789,8,1500000,0,user_19,741,741,
4793,9,1500000,0,user_24,741,741,
4791,10,1000000,0,user_23,741,741,
4811,11,460000,0,user_42,741,741,
4797,12,370000,17000,user_26,741,741,
4778,13,360000,0,user_5,741,741,
4787,14,240000,0,user_18,741,741,
4794,15,220000,0,user_25,741,741,
4804,16,220000,0,user_34,741,741,
4777,17,170000,0,user_4,741,741,
4817,18,170000,0,user_49,741,741,
4801,19,160000,0,user_30,741,741,
4815,20,160000,0,user_47,741,741,
4796,21,150000,0,user_26,741,741,
4798,22,130000,0,user_26,741,741,
4788,23,120000,11200,user_19,741,741,
4803,24,120000,155000,user_34,741,741,
4814,25,120000,0,user_45,741,741,
4792,26,100000,0,user_24,741,741,
4774,27,84000,0,user_2,741,741,
4773,28,80000,0,user_1,741,741,
4780,29,79001,0,user_8,741,741,4779
4781,30,79001,0,user_8,741,741,4779
4785,31,79001,0,user_12,741,741,4779
4786,32,79001,0,user_13,741,741,4779
4779,33,79000,128000,user_7,741,741,
4782,34,78999,0,user_10,741,741,4779
4776,35,77000,0,user_3,741,741,
4800,36,77000,32900,user_27,741,741,
4799,37,73000,0,user_26,741,741,
4810,38,73000,0,user_41,741,741,
4847,0,43000000,17000,user_32,742,742,
4856,1,5000000,0,user_40,742,742,
4860,2,5000000,0,user_44,742,742,
4844,3,4500000,0,user_28,742,742,
4821,4,2400001,0,user_6,742,742,4818
4823,5,2400001,0,user_7,742,742,4818
4824,6,2400001,0,user_9,742,742,4818
4825,7,2400001,0,user_10,742,742,4818
4830,8,2400001,0,user_15,742,742,4818
4818,9,2400000,49100,user_0,742,742,
4819,10,2399999,0,user_3,742,742,4818
4820,11,2399999,0,user_5,742,742,4818
4822,12,2399999,0,user_7,742,742,4818
4827,13,2399999,0,user_12,742,742,4818
4828,14,2399999,0,user_12,742,742,4818
4829,15,2399999,0,user_14,742,742,4818
4863,16,2000000,0,user_46,742,742,
4867,17,2000000,0,user_47,742,742,
4868,18,2000000,0,user_47,742,742,
4850,19,1700000,0,user_35,742,742,
4841,20,1300000,0,user_27,742,742,
4837,21,1100000,0,user_25,742,742,
4835,22,1000000,0,user_25,742,742,
4864,23,910000,0,user_46,742,742,
4869,24,910000,15100,user_49,742,742,
4852,25,600000,0,user_37,742,742,
4845,26,530000,67500,user_29,742,742,
4839,27,460000,0,user_25,742,742,
4858,28,420000,39400,user_43,742,742,
4831,29,310000,0,user_19,742,742,
4836,30,260000,0,user_25,742,742,
4846,31,260000,0,user_31,742,742,
4851,32,260000,12800,user_36,742,742,
4855,33,260000,0,user_40,742,742,
4834,34,190000,0,user_24,742,742,
4866,35,190000,0,user_46,742,742,
4849,36,170000,0,user_33,742,742,
4832,37,160000,0,user_20,742,742,
4857,38,160000,0,user_42,742,742,
4838,39,130000,0,user_25,742,742,
4861,40,130000,30200,user_45,742,742,
4859,41,110000,75000,user_43,742,742,
4854,42,98000,0,user_40,742,742,
4843,43,85000,0,user_28,742,742,
4840,44,80000,0,user_26,742,742,
4842,45,80000,0,user_28,742,742,
4848,46,80000,0,user_33,742,742,
4865,47,79000,0,user_46,742,742,
4862,48,77000,0,user_46,742,742,
4901,0,30000000,0,user_24,743,743,
4920,1,30000000,4320000,user_36,743,743,
4877,2,27000001,0,user_5,743,743,4873
4878,3,27000001,0,user_6,743,743,4873
4880,4,27000001,0,user_10,743,743,4873
4882,5,27000001,0,user_11,743,743,4873
4883,6,27000001,0,user_12,743,743,4873
4885,7,27000001,0,user_12,743,743,4873
4888,8,27000001,0,user_13,743,743,4873
4889,9,27000001,0,user_14,743,743,4873
4873,10,27000000,4320000,user_1,743,743,
4874,11,26999999,0,user_2,743,743,4873
4875,12,26999999,0,user_2,743,743,4873
4876,13,26999999,0,user_4,743,743,4873
4879,14,26999999,0,user_6,743,743,4873
4881,15,26999999,0,user_11,743,743,4873
4884,16,26999999,0,user_12,743,743,4873
4886,17,26999999,0,user_12,743,743,4873
4887,18,26999999,0,user_12,743,743,4873
4890,19,26999999,0,user_15,743,743,4873
4914,20,19000000,0,user_32,743,743,
4932,21,19000000,0,user_48,743,743,
4893,22,6300000,0,user_18,743,743,
4872,23,4500000,0,user_1,743,743,
4897,24,2600000,545000,user_19,743,743,
4916,25,2000000,0,user_32,743,743,
4905,26,1900000,296000,user_27,743,743,
4912,27,1700000,0,user_31,743,743,
4910,28,1500000,0,user_30,743,743,
4892,29,1000000,47700,user_16,743,743,
4923,30,1000000,5180,user_41,743,743,
4927,31,1000000,0,user_42,743,743,
4903,32,970000,0,user_25,743,743,
4913,33,910000,0,user_32,743,743,
4933,34,870000,0,user_48,743,743,
4928,35,660000,0,user_43,743,743,
4902,36,650000,49100,user_25,743,743,
4899,37,630000,0,user_23,743,743,
4870,38,600000,0,user_0,743,743,
4907,39,470000,0,user_29,743,743,
4900,40,420000,0,user_24,743,743,
4896,41,360000,510000,user_18,743,743,
4924,42,360000,35100,user_41,743,743,
4871,43,350000,0,user_1,743,743,
4921,44,310000,0,user_38,743,743,
4925,45,310000,1100000,user_41,743,743,
4908,46,240000,0,user_30,743,743,
4891,47,220000,49100,user_16,743,743,
4898,48,170000,0,user_21,743,743,
4911,49,170000,128000,user_30,743,743,
4931,50,170000,0,user_46,743,743,
4909,51,160000,0,user_30,743,743,
4929,52,160000,66100,user_43,743,743,
4895,53,150000,0,user_18,743,743,
4915,54,150000,0,user_32,743,743,
4926,55,120000,68100,user_41,743,743,
4904,56,110000,0,user_26,743,743,
4917,57,110000,1100000,user_32,743,743,
4918,58,110000,0,user_33,743,743,
4934,59,100000,0,user_49,743,743,
4930,60,98000,0,user_45,743,743,
4906,61,85000,0,user_28,743,743,
4894,62,73000,0,user_18,743,743,
4941,0,27000001,0,user_2,744,744,4935
4943,1,27000001,0,user_2,744,744,4935
4946,2,27000001,0,user_6,744,744,4935
4947,3,27000001,0,user_6,744,744,4935
4948,4,27000001,0,user_6,744,744,4935
4949,5,27000001,0,user_6,744,744,4935
4952,6,27000001,0,user_9,744,744,4935
4935,7,27000000,11200,user_0,744,744,
4936,8,26999999,0,user_1,744,744,4935
4937,9,26999999,0,user_1,744,744,4935
4938,10,26999999,0,user_1,744,744,4935
4939,11,26999999,0,user_1,744,744,4935
4940,12,26999999,0,user_1,744,744,4935
4942,13,26999999,0,user_2,744,744,4935
4944,14,26999999,0,user_3,744,744,4935
4945,15,26999999,0,user_5,744,744,4935
4950,16,26999999,0,user_6,744,744,4935
4951,17,26999999,0,user_8,744,744,4935
4970,18,6300000,0,user_36,744,744,
4962,19,5200000,84800,user_27,744,744,
4965,20,5200000,0,user_29,744,744,
4983,21,5200000,10700,user_47,744,744,
4974,22,5000000,0,user_38,744,744,
4986,23,5000000,161000,user_49,744,744,
4972,24,4500000,0,user_36,744,744,
4964,25,3600000,0,user_28,744,744,
4969,26,3600000,66100,user_33,744,744,
4956,27,1700000,0,user_20,744,744,
4978,28,1700000,0,user_45,744,744,
4980,29,1700000,0,user_45,744,744,
4975,30,1400000,0,user_39,744,744,
4959,31,420000,0,user_20,744,744,
4960,32,420000,0,user_20,744,744,
4982,33,420000,0,user_46,744,744,
4963,34,360000,30200,user_28,744,744,
4973,35,360000,0,user_36,744,744,
4979,36,310000,0,user_45,744,744,
4977,37,240000,0,user_43,744,744,
4957,38,170000,0,user_20,744,744,
4981,39,160000,0,user_45,744,744,
4966,40,150000,16400,user_29,744,744,
4958,41,120000,33300,user_20,744,744,
4967,42,120000,215000,user_30,744,744,
4985,43,120000,0,user_49,744,744,
4953,44,110000,0,user_16,744,744,
4954,45,110000,0,user_18,744,744,
4961,46,110000,0,user_26,744,744,
4968,47,80000,0,user_31,744,744,
4971,48,73000,0,user_36,744,744,
5010,0,27000000,0,user_26,745,745,
5004,1,5200000,0,user_21,745,745,
5021,2,5000000,0,user_41,745,745,
5023,3,5000000,100000,user_43,745,745,
4999,4,3200000,0,user_18,745,745,
5015,5,2000000,0,user_35,745,745,
5027,6,1900000,0,user_47,745,745,
5008,7,1700000,0,user_22,745,745,
5012,8,1100000,0,user_29,745,745,
5002,9,1000000,0,user_20,745,745,
5026,10,660000,19700,user_47,745,745,
5000,11,460000,0,user_18,745,745,
5006,12,460000,36800,user_21,745,745,
5016,13,420000,0,user_36,745,745,
5014,14,370000,0,user_30,745,745,
5003,15,320000,0,user_21,745,745,
4989,16,220001,0,user_4,745,745,4988
4990,17,220001,0,user_4,745,745,4988
4993,18,220001,0,user_8,745,745,4988
4996,19,220001,0,user_15,745,745,4988
4988,20,220000,13900,user_3,745,745,
4991,21,219999,0,user_6,745,745,4988
4994,22,219999,0,user_9,745,745,4988
4995,23,219999,0,user_10,745,745,4988
4987,24,170000,0,user_2,745,745,
4998,25,170000,0,user_16,745,745,
5011,26,170000,0,user_27,745,745,
5024,27,170000,0,user_43,745,745,
5013,28,160000,0,user_29,745,745,
5018,29,160000,0,user_38,745,745,
5022,30,160000,0,user_41,745,745,
5025,31,160000,0,user_46,745,745,
5005,32,150000,155000,user_21,745,745,
5019,33,150000,15300,user_38,745,745,
5028,34,150000,84800,user_49,745,745,
5017,35,120000,0,user_37,745,745,
4997,36,84000,0,user_16,745,745,
5007,37,73000,0,user_22,745,745,
5034,0,43000001,0,user_4,746,746,5033
5040,1,43000001,0,user_13,746,746,5033
5041,2,43000001,0,user_13,746,746,5033
5042,3,43000001,0,user_13,746,746,5033
5043,4,43000001,0,user_13,746,746,5033
5033,5,43000000,66100,user_3,746,746,
5035,6,42999999,0,user_6,746,746,5033
5036,7,42999999,0,user_7,746,746,5033
5037,8,42999999,0,user_7,746,746,5033
5038,9,42999999,0,user_8,746,746,5033
5039,10,42999999,0,user_10,746,746,5033
5044,11,42999999,0,user_15,746,746,5033
5045,12,19000000,39400,user_16,746,746,
5065,13,19000000,12800,user_33,746,746,
5061,14,6300000,0,user_28,746,746,
5054,15,5000000,0,user_21,746,746,
5074,16,5000000,0,user_38,746,746,
5081,17,5000000,0,user_43,746,746,
5080,18,3600000,0,user_43,746,746,
5048,19,3200000,0,user_16,746,746,
5060,20,2000000,0,user_26,746,746,
5069,21,2000000,0,user_33,746,746,
5049,22,1500000,0,user_16,746,746,
5050,23,1500000,0,user_17,746,746,
5070,24,1400000,5630,user_34,746,746,
5055,25,1100000,0,user_23,746,746,
5085,26,870000,0,user_49,746,746,
5029,27,670000,0,user_0,746,746,
5059,28,650000,0,user_25,746,746,
5066,29,650000,0,user_33,746,746,
5058,30,600000,49100,user_25,746,746,
5030,31,420000,0,user_1,746,746,
5051,32,420000,959000,user_19,746,746,
5063,33,420000,17700000,user_31,746,746,
5082,34,350000,0,user_44,746,746,
5052,35,320000,0,user_20,746,746,
5071,36,320000,410000,user_34,746,746,
5057,37,310000,108000,user_25,746,746,
5068,38,260000,0,user_33,746,746,
5053,39,170000,0,user_20,746,746,
5031,40,150000,0,user_3,746,746,
5072,41,130000,0,user_34,746,746,
5046,42,120000,0,user_16,746,746,
5064,43,120000,100000,user_31,746,746,
5067,44,120000,0,user_33,746,746,
5047,45,110000,0,user_16,746,746,
5056,46,110000,0,user_24,746,746,
5083,47,98000,0,user_47,746,746,
5032,48,85000,0,user_3,746,746,
5084,49,84000,0,user_49,746,746,
5062,50,82000,0,user_29,746,746,
5117,0,30000000,0,user_29,747,747,
5129,1,19000000,5180,user_43,747,747,
5105,2,6100000,7190000,user_19,747,747,
5130,3,5200000,32900,user_44,747,747,
5113,4,4200000,146000,user_24,747,747,
5132,5,4200000,67500,user_44,747,747,
5086,6,3500000,0,user_0,747,747,
5109,7,2500000,0,user_20,747,747,
5136,8,2400000,10700,user_46,747,747,
5103,9,2000000,0,user_18,747,747,
5116,10,2000000,0,user_28,747,747,
5137,11,2000000,0,user_46,747,747,
5120,12,1800000,410000,user_32,747,747,
5125,13,1300000,7840,user_38,747,747,
5124,14,1200000,0,user_37,747,747,
5115,15,1100000,0,user_27,747,747,
5127,16,670000,0,user_41,747,747,
5112,17,530000,0,user_22,747,747,
5111,18,460000,0,user_21,747,747,
5114,19,460000,0,user_25,747,747,
5088,20,420000,0,user_1,747,747,
5135,21,420000,0,user_46,747,747,
5087,22,360000,0,user_0,747,747,
5138,23,340000,0,user_49,747,747,
5133,24,310000,0,user_44,747,747,
5106,25,220000,0,user_19,747,747,
5131,26,220000,0,user_44,747,747,
5091,27,190001,0,user_4,747,747,5090
5094,28,190001,0,user_6,747,747,5090
5096,29,190001,0,user_7,747,747,5090
5097,30,190001,0,user_10,747,747,5090
5099,31,190001,0,user_12,747,747,5090
5100,32,190001,0,user_13,747,747,5090
5090,33,190000,322000,user_3,747,747,
5092,34,189999,0,user_5,747,747,5090
5093,35,189999,0,user_6,747,747,5090
5095,36,189999,0,user_7,747,747,5090
5098,37,189999,0,user_12,747,747,5090
5121,38,170000,108000,user_33,747,747,
5108,39,160000,0,user_19,747,747,
5122,40,150000,0,user_34,747,747,
5123,41,150000,0,user_36,747,747,
5089,42,130000,0,user_3,747,747,
5102,43,120000,0,user_18,747,747,
5119,44,120000,0,user_32,747,747,
5101,45,110000,0,user_16,747,747,
5104,46,110000,381000,user_19,747,747,
5128,47,110000,60700,user_42,747,747,
5118,48,87000,0,user_31,747,747,
5134,49,84000,0,user_44,747,747,
5107,50,77000,0,user_19,747,747,
5110,51,77000,0,user_20,747,747,
5169,0,5000000,0,user_24,748,748,
5199,1,5000000,0,user_46,748,748,
5202,2,4500000,0,user_49,748,748,
5186,3,2600000,0,user_34,748,748,
5192,4,2500000,0,user_43,748,748,
5162,5,2400000,0,user_20,748,748,
5174,6,2300000,0,user_28,748,748,
5189,7,2300000,0,user_38,748,748,
5196,8,2000000,0,user_46,748,748,
5160,9,1800000,0,user_19,748,748,
5164,10,1700000,0,user_21,748,748,
5194,11,1400000,0,user_44,748,748,
5170,12,1000000,322000,user_24,748,748,
5180,13,1000000,0,user_30,748,748,
5188,14,970000,0,user_37,748,748,
5152,15,650000,0,user_17,748,748,
5190,16,650000,17700000,user_39,748,748,
5193,17,630000,13900,user_44,748,748,
5165,18,470000,0,user_21,748,748,
5167,19,470000,0,user_22,748,748,
5172,20,470000,0,user_25,748,748,
5179,21,420000,0,user_29,748,748,
5166,22,340000,0,user_21,748,748,
5171,23,340000,0,user_24,748,748,
5168,24,310000,18600,user_24,748,748,
5163,25,300000,0,user_21,748,748,
5157,26,260000,0,user_19,748,748,
5158,27,240000,0,user_19,748,748,
5161,28,240000,0,user_19,748,748,
5175,29,240000,0,user_28,748,748,
5185,30,220000,0,user_34,748,748,
5201,31,190000,0,user_48,748,748,
5173,32,170000,0,user_26,748,748,
5176,33,170000,0,user_28,748,748,
5181,34,170000,0,user_31,748,748,
5195,35,170000,0,user_46,748,748,
5155,36,160000,0,user_18,748,748,
5178,37,160000,0,user_29,748,748,
5187,38,160000,0,user_36,748,748,
5197,39,160000,0,user_46,748,748,
5159,40,130000,0,user_19,748,748,
5182,41,120000,769000,user_31,748,748,
5198,42,120000,0,user_46,748,748,
5200,43,120000,0,user_47,748,748,
5203,44,120000,0,user_49,748,748,
5154,45,110000,0,user_18,748,748,
5156,46,110000,0,user_18,748,748,
5184,47,110000,0,user_33,748,748,
5204,48,110000,0,user_49,748,748,
5177,49,100000,0,user_28,748,748,
5153,50,98000,0,user_18,748,748,
5183,51,84000,0,user_32,748,748,
5143,52,79001,0,user_5,748,748,5139
5148,53,79001,0,user_12,748,748,5139
5139,54,79000,181000,user_0,748,748,
5140,55,78999,0,user_0,748,748,5139
5141,56,78999,0,user_1,748,748,5139
5142,57,78999,0,user_4,748,748,5139
5144,58,78999,0,user_7,748,748,5139
5147,59,78999,0,user_10,748,748,5139
5149,60,78999,0,user_13,748,748,5139
5150,61,78999,0,user_14,748,748,5139
5151,62,78999,0,user_15,748,748,5139
5240,0,30000000,0,user_33,749,749,
5244,1,19000000,0,user_35,749,749,
5243,2,6300000,0,user_35,749,749,
5249,3,4500000,0,user_40,749,749,
5227,4,3600000,0,user_22,749,749,
5257,5,3600000,0,user_48,749,749,
5219,6,3500000,0,user_16,749,749,
5250,7,3200000,0,user_40,749,749,
5232,8,2100000,0,user_28,749,749,
5248,9,2000000,0,user_40,749,749,
5205,10,1600000,0,user_1,749,749,
5236,11,1500000,35600,user_32,749,749,
5256,12,1100000,0,user_46,749,749,
5241,13,970000,0,user_34,749,749,
5247,14,600000,0,user_40,749,749,
5252,15,600000,0,user_43,749,749,
5253,16,600000,0,user_43,749,749,
5215,17,530001,0,user_13,749,749,5212
5217,18,530001,0,user_15,749,749,5212
5206,19,530000,0,user_2,749,749,
5212,20,530000,322000,user_8,749,749,
5213,21,529999,0,user_10,749,749,5212
5216,22,529999,0,user_14,749,749,5212
5207,23,460000,0,user_3,749,749,
5245,24,460000,0,user_36,749,749,
5239,25,360000,60700,user_32,749,749,
5229,26,340000,39400,user_24,749,749,
5233,27,320000,35100,user_29,749,749,
5222,28,310000,73100,user_16,749,749,
5228,29,300000,0,user_23,749,749,
5226,30,240000,0,user_21,749,749,
5238,31,220000,0,user_32,749,749,
5254,32,220000,0,user_44,749,749,
5211,33,160000,0,user_7,749,749,
5231,34,160000,0,user_26,749,749,
5237,35,160000,0,user_32,749,749,
5221,36,150000,0,user_16,749,749,
5259,37,150000,0,user_49,749,749,
5218,38,120000,0,user_16,749,749,
5220,39,120000,256000,user_16,749,749,
5225,40,120000,0,user_20,749,749,
5255,41,110000,0,user_45,749,749,
5260,42,110000,0,user_49,749,749,
5223,43,98000,0,user_17,749,749,
5242,44,87000,16400,user_34,749,749,
5234,45,85000,0,user_30,749,749,
5258,46,83000,0,user_49,749,749,
5235,47,73000,0,user_32,749,749,
5246,48,73000,0,user_37,749,749,
5292,0,6300000,0,user_34,750,750,
5308,1,5200000,0,user_46,750,750,
5291,2,5000000,161000,user_33,750,750,
5262,3,4200000,0,user_1,750,750,
5263,4,2600000,0,user_1,750,750,
5303,5,2600000,0,user_45,750,750,
5282,6,2400000,161000,user_24,750,750,
5311,7,2100000,0,user_49,750,750,
5306,8,1400000,0,user_45,750,750,
5304,9,1100000,0,user_45,750,750,
5295,10,910000,959000,user_38,750,750,
5290,11,670000,0,user_32,750,750,
5287,12,630000,0,user_27,750,750,
5299,13,600000,0,user_41,750,750,
5305,14,470000,0,user_45,750,750,
5277,15,420000,0,user_17,750,750,
5280,16,420000,12800,user_23,750,750,
5297,17,350000,0,user_39,750,750,
5301,18,350000,0,user_43,750,750,
5278,19,320000,0,user_18,750,750,
5310,20,320000,0,user_47,750,750,
5281,21,310000,14200,user_23,750,750,
5307,22,310000,0,user_45,750,750,
5265,23,300001,0,user_4,750,750,5264
5266,24,300001,0,user_4,750,750,5264
5271,25,300001,0,user_11,750,750,5264
5273,26,300001,0,user_13,750,750,5264
5274,27,300001,0,user_14,750,750,5264
5276,28,300001,0,user_15,750,750,5264
5264,29,300000,18600,user_3,750,750,
5267,30,299999,0,user_6,750,750,5264
5270,31,299999,0,user_10,750,750,5264
5272,32,299999,0,user_12,750,750,5264
5275,33,299999,0,user_15,750,750,5264
5300,34,260000,0,user_42,750,750,
5286,35,240000,0,user_27,750,750,
5284,36,220000,0,user_26,750,750,
5279,37,160000,0,user_22,750,750,
5285,38,160000,164000,user_26,750,750,
5288,39,160000,0,user_30,750,750,
5289,40,150000,0,user_30,750,750,
5309,41,150000,381000,user_46,750,750,
5283,42,110000,0,user_25,750,750,
5261,43,85000,0,user_0,750,750,
5296,44,84000,64600,user_38,750,750,
5302,45,82000,0,user_43,750,750,
5332,0,27000000,0,user_16,751,751,
5362,1,5000000,12800,user_48,751,751,
5350,2,3600000,0,user_28,751,751,
5344,3,3200000,12800,user_22,751,751,
5363,4,2500000,0,user_48,751,751,
5352,5,2100000,0,user_30,751,751,
5348,6,2000000,0,user_27,751,751,
5312,7,1500000,0,user_0,751,751,
5349,8,1500000,164000,user_28,751,751,
5334,9,1400000,0,user_16,751,751,
5337,10,1100000,0,user_20,751,751,
5341,11,910000,0,user_20,751,751,
5343,12,870000,0,user_22,751,751,
5315,13,600000,0,user_1,751,751,
5319,14,470001,0,user_2,751,751,5316
5320,15,470001,0,user_2,751,751,5316
5325,16,470001,0,user_8,751,751,5316
5326,17,470001,0,user_9,751,751,5316
5328,18,470001,0,user_10,751,751,5316
5330,19,470001,0,user_12,751,751,5316
5316,20,470000,369000,user_1,751,751,
5317,21,469999,0,user_1,751,751,5316
5318,22,469999,0,user_1,751,751,5316
5321,23,469999,0,user_2,751,751,5316
5322,24,469999,0,user_3,751,751,5316
5324,25,469999,0,user_7,751,751,5316
5327,26,469999,0,user_10,751,751,5316
5331,27,469999,0,user_14,751,751,5316
5353,28,460000,0,user_33,751,751,
5335,29,260000,0,user_16,751,751,
5361,30,260000,0,user_47,751,751,
5314,31,220000,0,user_1,751,751,
5342,32,220000,0,user_21,751,751,
5360,33,220000,0,user_45,751,751,
5347,34,170000,0,user_26,751,751,
5333,35,160000,0,user_16,751,751,
5356,36,160000,0,user_37,751,751,
5345,37,150000,0,user_24,751,751,
5354,38,150000,0,user_35,751,751,
5355,39,150000,0,user_35,751,751,
5338,40,130000,0,user_20,751,751,
5340,41,130000,108000,user_20,751,751,
5336,42,120000,0,user_18,751,751,
5359,43,120000,35100,user_45,751,751,
5339,44,110000,0,user_20,751,751,
5351,45,110000,0,user_29,751,751,
5313,46,100000,0,user_0,751,751,
5357,47,85000,56200,user_37,751,751,
5346,48,79000,0,user_26,751,751,
5358,49,79000,0,user_38,751,751,
5424,0,6100000,24700,user_49,752,752,
5415,1,5000000,0,user_42,752,752,
5421,2,4500000,0,user_46,752,752,
5388,3,3600000,0,user_18,752,752,
5404,4,3500000,0,user_34,752,752,
5407,5,3200000,0,user_36,752,752,
5402,6,2500000,0,user_31,752,752,
5409,7,2500000,0,user_37,752,752,
5400,8,1800000,0,user_29,752,752,
5408,9,1700000,0,user_36,752,752,
5391,10,1600000,0,user_20,752,752,
5393,11,1600000,0,user_22,752,752,
5395,12,1600000,0,user_25,752,752,
5392,13,1500000,46500,user_22,752,752,
5419,14,1500000,0,user_45,752,752,
5397,15,1000000,0,user_27,752,752,
5413,16,1000000,0,user_40,752,752,
5401,17,870000,0,user_30,752,752,
5423,18,530000,0,user_48,752,752,
5405,19,460000,231000,user_35,752,752,
5414,20,460000,0,user_41,752,752,
5416,21,460000,0,user_43,752,752,
5390,22,360000,0,user_20,752,752,
5417,23,360000,0,user_43,752,752,
5387,24,310000,84800,user_17,752,752,
5403,25,240000,0,user_32,752,752,
5418,26,220000,0,user_44,752,752,
5385,27,160000,0,user_16,752,752,
5399,28,160000,0,user_28,752,752,
5389,29,150000,0,user_18,752,752,
5406,30,120000,0,user_35,752,752,
5365,31,110001,0,user_2,752,752,5364
5368,32,110001,0,user_5,752,752,5364
5369,33,110001,0,user_5,752,752,5364
5370,34,110001,0,user_5,752,752,5364
5371,35,110001,0,user_5,752,752,5364
5373,36,110001,0,user_6,752,752,5364
5384,37,110001,0,user_15,752,752,5364
5364,38,110000,146000,user_0,752,752,
5366,39,109999,0,user_2,752,752,5364
5367,40,109999,0,user_4,752,752,5364
5372,41,109999,0,user_5,752,752,5364
5374,42,109999,0,user_6,752,752,5364
5378,43,109999,0,user_10,752,752,5364
5382,44,109999,0,user_14,752,752,5364
5383,45,109999,0,user_15,752,752,5364
5412,46,98000,0,user_40,752,752,
5411,47,83000,0,user_39,752,752,
5420,48,83000,0,user_46,752,752,
5398,49,79000,0,user_28,752,752,
5386,50,77000,0,user_16,752,752,
5478,0,3600000,0,user_39,753,753,
5482,1,3500000,0,user_46,753,753,
5457,2,2000000,0,user_23,753,753,
5477,3,2000000,0,user_39,753,753,
5426,4,1900000,0,user_2,753,753,
5467,5,1900000,0,user_29,753,753,
5451,6,1600000,0,user_19,753,753,
5425,7,1500000,0,user_1,753,753,
5448,8,1400000,0,user_17,753,753,
5465,9,1400000,17700000,user_29,753,753,
5466,10,1300000,164000,user_29,753,753,
5479,11,1200000,7190000,user_43,753,753,
5450,12,1100000,13900,user_19,753,753,
5427,13,1000000,0,user_4,753,753,
5460,14,970000,0,user_25,753,753,
5474,15,970000,0,user_37,753,753,
5469,16,910000,0,user_31,753,753,
5453,17,870000,0,user_21,753,753,
5484,18,670000,0,user_47,753,753,
5476,19,530000,0,user_39,753,753,
5431,20,460001,0,user_5,753,753,5428
5433,21,460001,0,user_7,753,753,5428
5438,22,460001,0,user_12,753,753,5428
5439,23,460001,0,user_13,753,753,5428
5441,24,460001,0,user_13,753,753,5428
5442,25,460001,0,user_13,753,753,5428
5445,26,460001,0,user_15,753,753,5428
5446,27,460001,0,user_15,753,753,5428
5428,28,460000,47700,user_4,753,753,
5456,29,460000,0,user_23,753,753,
5429,30,459999,0,user_4,753,753,5428
5430,31,459999,0,user_4,753,753,5428
5432,32,459999,0,user_6,753,753,5428
5436,33,459999,0,user_10,753,753,5428
5437,34,459999,0,user_11,753,753,5428
5440,35,459999,0,user_13,753,753,5428
5443,36,459999,0,user_13,753,753,5428
5444,37,459999,0,user_14,753,753,5428
5454,38,370000,0,user_22,753,753,
5473,39,370000,0,user_36,753,753,
5483,40,320000,0,user_46,753,753,
5458,41,310000,0,user_24,753,753,
5470,42,310000,0,user_32,753,753,
5447,43,260000,0,user_16,753,753,
5461,44,260000,0,user_25,753,753,
5480,45,260000,0,user_44,753,753,
5463,46,220000,0,user_28,753,753,
5475,47,220000,0,user_39,753,753,
5468,48,170000,0,user_29,753,753,
5462,49,160000,0,user_25,753,753,
5449,50,150000,0,user_18,753,753,
5452,51,150000,0,user_20,753,753,
5485,52,150000,0,user_49,753,753,
5455,53,110000,0,user_23,753,753,
5481,54,110000,0,user_45,753,753,
5464,55,84000,0,user_29,753,753,
5459,56,80000,0,user_25,753,753,
5471,57,80000,0,user_32,753,753,
5535,0,27000000,0,user_41,754,754,
5519,1,4500000,0,user_32,754,754,
5503,2,3600000,0,user_16,754,754,
5504,3,3200000,0,user_17,754,754,
5510,4,3200000,0,user_23,754,754,
5541,5,2600000,0,user_48,754,754,
5532,6,2400000,0,user_39,754,754,
5520,7,2100000,0,user_32,754,754,
5530,8,2100000,31700,user_38,754,754,
5521,9,1900000,60700,user_32,754,754,
5538,10,1900000,0,user_46,754,754,
5506,11,1600000,0,user_19,754,754,
5487,12,1500000,0,user_1,754,754,
5515,13,1400000,0,user_28,754,754,
5511,14,1100000,0,user_25,754,754,
5512,15,1000000,0,user_25,754,754,
5516,16,1000000,0,user_28,754,754,
5522,17,1000000,0,user_32,754,754,
5531,18,1000000,0,user_39,754,754,
5534,19,1000000,0,user_41,754,754,
5527,20,970000,0,user_36,754,754,
5509,21,870000,0,user_23,754,754,
5528,22,470000,67900,user_36,754,754,
5486,23,460000,0,user_0,754,754,
5495,24,320001,0,user_7,754,754,5489
5489,25,320000,322000,user_2,754,754,
5490,26,319999,0,user_2,754,754,5489
5491,27,319999,0,user_2,754,754,5489
5492,28,319999,0,user_2,754,754,5489
5493,29,319999,0,user_2,754,754,5489
5494,30,319999,0,user_4,754,754,5489
5496,31,319999,0,user_10,754,754,5489
5497,32,319999,0,user_11,754,754,5489
5498,33,319999,0,user_12,754,754,5489
5499,34,319999,0,user_14,754,754,5489
5500,35,319999,0,user_15,754,754,5489
5513,36,260000,0,user_26,754,754,
5501,37,220000,60700,user_16,754,754,
5507,38,220000,0,user_20,754,754,
5514,39,220000,0,user_27,754,754,
5529,40,220000,0,user_36,754,754,
5502,41,170000,0,user_16,754,754,
5540,42,160000,0,user_48,754,754,
5488,43,150000,0,user_1,754,754,
5524,44,150000,0,user_33,754,754,
5518,45,120000,0,user_31,754,754,
5505,46,110000,0,user_19,754,754,
5523,47,110000,0,user_32,754,754,
5508,48,84000,0,user_20,754,754,
5517,49,83000,0,user_31,754,754,
5539,50,79000,19700,user_46,754,754,
5526,51,73000,0,user_36,754,754,
5536,52,73000,13900,user_43,754,754,
5537,53,73000,0,user_45,754,754,
5579,0,19000000,0,user_45,755,755,
5545,1,5000000,0,user_2,755,755,
5542,2,4500000,0,user_0,755,755,
5573,3,4200000,0,user_38,755,755,
5558,4,2600000,0,user_19,755,755,
5562,5,2300000,0,user_24,755,755,
5584,6,2000000,0,user_48,755,755,
5586,7,2000000,71800,user_49,755,755,
5563,8,1900000,0,user_25,755,755,
5583,9,1800000,71800,user_47,755,755,
5559,10,1700000,66100,user_22,755,755,
5568,11,1600000,36800,user_34,755,755,
5571,12,1500000,410000,user_37,755,755,
5550,13,1300001,0,user_7,755,755,5546
5555,14,1300001,0,user_14,755,755,5546
5546,15,1300000,66100,user_4,755,755,
5547,16,1299999,0,user_4,755,755,5546
5548,17,1299999,0,user_4,755,755,5546
5549,18,1299999,0,user_7,755,755,5546
5552,19,1299999,0,user_11,755,755,5546
5553,20,1299999,0,user_12,755,755,5546
5554,21,1299999,0,user_13,755,755,5546
5556,22,1299999,0,user_15,755,755,5546
5561,23,1100000,0,user_24,755,755,
5575,24,660000,3130,user_39,755,755,
5564,25,370000,0,user_30,755,755,
5560,26,360000,0,user_23,755,755,
5576,27,360000,959000,user_42,755,755,
5585,28,360000,0,user_49,755,755,
5566,29,260000,0,user_32,755,755,
5580,30,220000,0,user_46,755,755,
5565,31,160000,0,user_30,755,755,
5578,32,150000,32900,user_44,755,755,
5570,33,120000,0,user_37,755,755,
5574,34,120000,16400,user_38,755,755,
5544,35,110000,0,user_1,755,755,
5557,36,110000,16400,user_17,755,755,
5582,37,110000,0,user_46,755,755,
5567,38,98000,545000,user_33,755,755,
5577,39,87000,0,user_43,755,755,
5543,40,84000,0,user_1,755,755,
5572,41,79000,0,user_37,755,755,
5581,42,70000,0,user_46,755,755,
5590,0,4200001,0,user_5,756,756,5587
5591,1,4200001,0,user_6,756,756,5587
5596,2,4200001,0,user_12,756,756,5587
5597,3,4200001,0,user_13,756,756,5587
5598,4,4200001,0,user_13,756,756,5587
5599,5,4200001,0,user_14,756,756,5587
5587,6,4200000,322000,user_1,756,756,
5625,7,4200000,0,user_48,756,756,
5626,8,4200000,0,user_49,756,756,
5588,9,4199999,0,user_2,756,756,5587
5589,10,4199999,0,user_4,756,756,5587
5592,11,4199999,0,user_7,756,756,5587
5593,12,4199999,0,user_8,756,756,5587
5594,13,4199999,0,user_9,756,756,5587
5595,14,4199999,0,user_11,756,756,5587
5600,15,4199999,0,user_15,756,756,5587
5612,16,3200000,0,user_35,756,756,
5607,17,2500000,0,user_26,756,756,
5611,18,2000000,0,user_35,756,756,
5604,19,1600000,0,user_22,756,756,
5601,20,1500000,0,user_18,756,756,
5602,21,1200000,0,user_19,756,756,
5615,22,1200000,0,user_39,756,756,
5608,23,1100000,0,user_26,756,756,
5620,24,530000,0,user_43,756,756,
5603,25,340000,283000,user_22,756,756,
5614,26,220000,0,user_37,756,756,
5617,27,220000,0,user_41,756,756,
5613,28,170000,0,user_36,756,756,
5627,29,160000,0,user_49,756,756,
5619,30,150000,0,user_43,756,756,
5624,31,150000,0,user_47,756,756,
5622,32,120000,350000,user_43,756,756,
5610,33,110000,161000,user_33,756,756,
5621,34,110000,0,user_43,756,756,
5616,35,80000,0,user_40,756,756,
5629,0,5000000,0,user_1,757,757,
5656,1,5000000,0,user_26,757,757,
5661,2,5000000,410000,user_27,757,757,
5680,3,5000000,0,user_48,757,757,
5647,4,4500000,0,user_16,757,757,
5637,5,4200001,0,user_10,757,757,5635
5639,6,4200001,0,user_12,757,757,5635
5640,7,4200001,0,user_12,757,757,5635
5641,8,4200001,0,user_12,757,757,5635
5643,9,4200001,0,user_13,757,757,5635
5644,10,4200001,0,user_13,757,757,5635
5635,11,4200000,350000,user_10,757,757,
5636,12,4199999,0,user_10,757,757,5635
5638,13,4199999,0,user_12,757,757,5635
5642,14,4199999,0,user_12,757,757,5635
5645,15,4199999,0,user_14,757,757,5635
5676,16,3600000,0,user_43,757,757,
5653,17,3200000,0,user_23,757,757,
5663,18,2300000,73100,user_28,757,757,
5670,19,2300000,0,user_36,757,757,
5681,20,1900000,0,user_48,757,757,
5673,21,1500000,5640,user_40,757,757,
5679,22,1400000,0,user_48,757,757,
5684,23,970000,11200,user_49,757,757,
5660,24,910000,0,user_27,757,757,
5628,25,670000,0,user_0,757,757,
5665,26,660000,0,user_30,757,757,
5668,27,630000,0,user_34,757,757,
5658,28,530000,0,user_26,757,757,
5678,29,470000,0,user_47,757,757,
5683,30,350000,0,user_49,757,757,
5659,31,320000,0,user_26,757,757,
5648,32,310000,0,user_18,757,757,
5652,33,300000,0,user_23,757,757,
5682,34,260000,0,user_48,757,757,
5646,35,220000,0,user_16,757,757,
5672,36,170000,0,user_40,757,757,
5655,37,160000,0,user_26,757,757,
5657,38,160000,0,user_26,757,757,
5650,39,150000,0,user_21,757,757,
5671,40,150000,0,user_39,757,757,
5634,41,110000,0,user_9,757,757,
5666,42,110000,0,user_31,757,757,
5669,43,110000,0,user_35,757,757,
5667,44,100000,0,user_33,757,757,
5651,45,87000,0,user_22,757,757,
5664,46,84000,0,user_29,757,757,
5677,47,84000,0,user_46,757,757,
5662,48,82000,0,user_28,757,757,
5630,49,79000,0,user_2,757,757,
5633,50,79000,0,user_8,757,757,
5674,51,79000,0,user_40,757,757,
5632,52,70000,0,user_7,757,757,
5714,0,19000000,0,user_28,758,758,
5722,1,3600000,0,user_36,758,758,
5732,2,3600000,0,user_41,758,758,
5704,3,3200000,0,user_18,758,758,
5735,4,3200000,256000,user_47,758,758,
5703,5,1500000,0,user_17,758,758,
5717,6,1500000,0,user_32,758,758,
5715,7,1400000,0,user_31,758,758,
5724,8,1400000,0,user_37,758,758,
5730,9,1400000,0,user_39,758,758,
5720,10,1300000,0,user_36,758,758,
5723,11,1200000,0,user_36,758,758,
5706,12,1100000,146000,user_19,758,758,
5737,13,1100000,0,user_49,758,758,
5721,14,1000000,60700,user_36,758,758,
5725,15,1000000,0,user_38,758,758,
5707,16,650000,0,user_21,758,758,
5708,17,340000,0,user_21,758,758,
5727,18,340000,0,user_39,758,758,
5712,19,320000,33300,user_26,758,758,
5713,20,260000,0,user_26,758,758,
5726,21,220000,0,user_38,758,758,
5734,22,220000,769000,user_46,758,758,
5702,23,170000,0,user_16,758,758,
5687,24,160001,0,user_2,758,758,5685
5690,25,160001,0,user_4,758,758,5685
5691,26,160001,0,user_5,758,758,5685
5693,27,160001,0,user_7,758,758,5685
5694,28,160001,0,user_7,758,758,5685
5700,29,160001,0,user_12,758,758,5685
5685,30,160000,49100,user_0,758,758,
5686,31,159999,0,user_0,758,758,5685
5688,32,159999,0,user_2,758,758,5685
5689,33,159999,0,user_3,758,758,5685
5692,34,159999,0,user_6,758,758,5685
5697,35,159999,0,user_10,758,758,5685
5698,36,159999,0,user_10,758,758,5685
5699,37,159999,0,user_11,758,758,5685
5701,38,159999,0,user_14,758,758,5685
5709,39,150000,0,user_22,758,758,
5710,40,120000,0,user_23,758,758,
5705,41,110000,0,user_18,758,758,
5729,42,110000,0,user_39,758,758,
5733,43,110000,0,user_43,758,758,
5716,44,98000,381000,user_31,758,758,
5711,45,85000,0,user_24,758,758,
5736,46,84000,0,user_47,758,758,
5718,47,82000,0,user_33,758,758,
5731,48,73000,146000,user_39,758,758,
5728,49,70000,0,user_39,758,758,
5782,0,43000000,0,user_44,759,759,
5777,1,6300000,0,user_42,759,759,
5758,2,5200000,0,user_20,759,759,
5760,3,5000000,0,user_23,759,759,
5779,4,4200000,0,user_43,759,759,
5771,5,3200000,0,user_37,759,759,
5784,6,2600000,0,user_46,759,759,
5742,7,2400001,0,user_2,759,759,5739
5744,8,2400001,0,user_5,759,759,5739
5745,9,2400001,0,user_7,759,759,5739
5746,10,2400001,0,user_7,759,759,5739
5752,11,2400001,0,user_11,759,759,5739
5753,12,2400001,0,user_13,759,759,5739
5739,13,2400000,1100000,user_0,759,759,
5769,14,2400000,0,user_36,759,759,
5792,15,2400000,35100,user_49,759,759,
5740,16,2399999,0,user_1,759,759,5739
5741,17,2399999,0,user_1,759,759,5739
5743,18,2399999,0,user_3,759,759,5739
5747,19,2399999,0,user_7,759,759,5739
5748,20,2399999,0,user_7,759,759,5739
5750,21,2399999,0,user_10,759,759,5739
5751,22,2399999,0,user_11,759,759,5739
5754,23,2399999,0,user_14,759,759,5739
5755,24,2399999,0,user_15,759,759,5739
5765,25,2000000,0,user_33,759,759,
5770,26,2000000,0,user_37,759,759,
5764,27,1900000,12800,user_32,759,759,
5785,28,1700000,0,user_47,759,759,
5774,29,1500000,0,user_41,759,759,
5766,30,1100000,11200,user_33,759,759,
5738,31,1000000,0,user_0,759,759,
5763,32,1000000,0,user_30,759,759,
5778,33,670000,0,user_43,759,759,
5786,34,670000,0,user_47,759,759,
5787,35,660000,0,user_48,759,759,
5772,36,350000,0,user_38,759,759,
5776,37,310000,0,user_41,759,759,
5775,38,300000,0,user_41,759,759,
5761,39,220000,256000,user_26,759,759,
5762,40,220000,594000,user_29,759,759,
5781,41,220000,5640,user_44,759,759,
5767,42,190000,0,user_34,759,759,
5783,43,170000,0,user_45,759,759,
5780,44,160000,0,user_43,759,759,
5759,45,150000,0,user_21,759,759,
5768,46,150000,11200,user_36,759,759,
5756,47,120000,0,user_16,759,759,
5757,48,120000,0,user_17,759,759,
5790,49,120000,0,user_48,759,759,
5789,50,83000,0,user_48,759,759,
5788,51,80000,0,user_48,759,759,
5791,52,77000,0,user_48,759,759,
5838,0,30000000,0,user_45,760,760,
5822,1,19000000,0,user_24,760,760,
5823,2,19000000,0,user_25,760,760,
5836,3,5200000,121000,user_43,760,760,
5827,4,2000000,0,user_30,760,760,
5828,5,1500000,0,user_30,760,760,
5818,6,1400000,0,user_20,760,760,
5809,7,1100000,0,user_17,760,760,
5837,8,910000,0,user_43,760,760,
5821,9,870000,0,user_22,760,760,
5820,10,600000,0,user_22,760,760,
5826,11,460000,121000,user_27,760,760,
5817,12,340000,0,user_20,760,760,
5815,13,320000,769000,user_20,760,760,
5819,14,310000,0,user_21,760,760,
5835,15,260000,0,user_41,760,760,
5812,16,240000,0,user_19,760,760,
5829,17,240000,0,user_30,760,760,
5806,18,220001,0,user_15,760,760,5793
5793,19,220000,155000,user_0,760,760,
5810,20,220000,0,user_18,760,760,
5794,21,219999,0,user_3,760,760,5793
5795,22,219999,0,user_4,760,760,5793
5796,23,219999,0,user_6,760,760,5793
5797,24,219999,0,user_7,760,760,5793
5801,25,219999,0,user_10,760,760,5793
5802,26,219999,0,user_11,760,760,5793
5803,27,219999,0,user_12,760,760,5793
5804,28,219999,0,user_13,760,760,5793
5805,29,219999,0,user_15,760,760,5793
5807,30,190000,0,user_16,760,760,
5813,31,170000,0,user_19,760,760,
5839,32,170000,0,user_47,760,760,
5832,33,150000,0,user_37,760,760,
5811,34,120000,21800,user_19,760,760,
5825,35,120000,0,user_27,760,760,
5840,36,120000,0,user_49,760,760,
5816,37,110000,0,user_20,760,760,
5833,38,110000,0,user_38,760,760,
5831,39,100000,0,user_36,760,760,
5808,40,85000,0,user_16,760,760,
5824,41,83000,0,user_26,760,760,
5814,42,77000,0,user_20,760,760,
5830,43,73000,0,user_31,760,760,
5877,0,5200000,0,user_22,761,761,
5878,1,4200000,0,user_22,761,761,
5881,2,3500000,0,user_28,761,761,
5841,3,2500000,0,user_0,761,761,
5843,4,2400000,0,user_3,761,761,
5876,5,2100000,0,user_21,761,761,
5880,6,2000000,0,user_27,761,761,
5884,7,2000000,0,user_31,761,761,
5893,8,1700000,0,user_41,761,761,
5900,9,1400000,0,user_48,761,761,
5888,10,1000000,16400,user_38,761,761,
5842,11,670000,0,user_1,761,761,
5896,12,660000,0,user_43,761,761,
5883,13,600000,0,user_29,761,761,
5895,14,600000,0,user_42,761,761,
5882,15,470000,0,user_28,761,761,
5846,16,460001,0,user_5,761,761,5844
5850,17,460001,0,user_6,761,761,5844
5851,18,460001,0,user_7,761,761,5844
5852,19,460001,0,user_7,761,761,5844
5855,20,460001,0,user_10,761,761,5844
5856,21,460001,0,user_11,761,761,5844
5857,22,460001,0,user_11,761,761,5844
5859,23,460001,0,user_11,761,761,5844
5860,24,460001,0,user_11,761,761,5844
5866,25,460001,0,user_13,761,761,5844
5867,26,460001,0,user_13,761,761,5844
5870,27,460001,0,user_13,761,761,5844
5844,28,460000,24700,user_4,761,761,
5845,29,459999,0,user_5,761,761,5844
5847,30,459999,0,user_5,761,761,5844
5848,31,459999,0,user_5,761,761,5844
5849,32,459999,0,user_6,761,761,5844
5858,33,459999,0,user_11,761,761,5844
5861,34,459999,0,user_12,761,761,5844
5862,35,459999,0,user_12,761,761,5844
5863,36,459999,0,user_12,761,761,5844
5864,37,459999,0,user_12,761,761,5844
5865,38,459999,0,user_12,761,761,5844
5868,39,459999,0,user_13,761,761,5844
5869,40,459999,0,user_13,761,761,5844
5871,41,459999,0,user_14,761,761,5844
5872,42,459999,0,user_14,761,761,5844
5873,43,459999,0,user_15,761,761,5844
5894,44,320000,0,user_42,761,761,
5898,45,260000,0,user_47,761,761,
5897,46,240000,0,user_44,761,761,
5885,47,220000,121000,user_34,761,761,
5875,48,160000,0,user_20,761,761,
5879,49,150000,0,user_26,761,761,
5874,50,120000,18600,user_17,761,761,
5899,51,110000,0,user_47,761,761,
5887,52,100000,0,user_37,761,761,
5901,53,84000,0,user_49,761,761,
5905,0,19000000,0,user_4,762,762,
5933,1,6300000,0,user_27,762,762,
5949,2,5000000,0,user_36,762,762,
5950,3,4500000,0,user_38,762,762,
5962,4,4500000,0,user_48,762,762,
5927,5,2300000,0,user_20,762,762,
5946,6,2300000,0,user_34,762,762,
5932,7,2100000,0,user_27,762,762,
5952,8,2000000,0,user_41,762,762,
5902,9,1900000,0,user_0,762,762,
5907,10,1500001,0,user_7,762,762,5906
5908,11,1500001,0,user_8,762,762,5906
5909,12,1500001,0,user_8,762,762,5906
5914,13,1500001,0,user_13,762,762,5906
5918,14,1500001,0,user_14,762,762,5906
5919,15,1500001,0,user_14,762,762,5906
5906,16,1500000,769000,user_6,762,762,
5925,17,1500000,0,user_18,762,762,
5910,18,1499999,0,user_8,762,762,5906
5911,19,1499999,0,user_8,762,762,5906
5912,20,1499999,0,user_9,762,762,5906
5915,21,1499999,0,user_14,762,762,5906
5916,22,1499999,0,user_14,762,762,5906
5917,23,1499999,0,user_14,762,762,5906
5929,24,1400000,128000,user_24,762,762,
5930,25,1100000,0,user_25,762,762,
5903,26,970000,0,user_1,762,762,
5947,27,910000,0,user_36,762,762,
5956,28,910000,0,user_44,762,762,
5920,29,670000,0,user_17,762,762,
5944,30,660000,0,user_33,762,762,
5943,31,530000,0,user_32,762,762,
5948,32,460000,0,user_36,762,762,
5954,33,360000,0,user_43,762,762,
5936,34,320000,283000,user_27,762,762,
5938,35,320000,0,user_29,762,762,
5955,36,320000,0,user_43,762,762,
5924,37,310000,0,user_18,762,762,
5931,38,300000,0,user_26,762,762,
5923,39,260000,0,user_18,762,762,
5959,40,220000,64600,user_48,762,762,
5960,41,170000,66100,user_48,762,762,
5921,42,160000,0,user_18,762,762,
5937,43,160000,0,user_28,762,762,
5939,44,160000,0,user_29,762,762,
5953,45,160000,0,user_43,762,762,
5904,46,150000,0,user_4,762,762,
5934,47,150000,0,user_27,762,762,
5935,48,110000,64600,user_27,762,762,
5958,49,98000,0,user_48,762,762,
5961,50,83000,5630,user_48,762,762,
5922,51,80000,5180,user_18,762,762,
5945,52,73000,32900,user_34,762,762,
5963,0,6300000,0,user_0,763,763,
5993,1,5200000,0,user_35,763,763,
5965,2,4500000,0,user_2,763,763,
6000,3,4500000,0,user_39,763,763,
5980,4,4200000,0,user_17,763,763,
5986,5,3500000,0,user_24,763,763,
6007,6,3200000,0,user_46,763,763,
5964,7,2600000,0,user_1,763,763,
5998,8,2400000,0,user_38,763,763,
6003,9,2000000,0,user_40,763,763,
6006,10,1500000,0,user_46,763,763,
6004,11,1400000,0,user_42,763,763,
6014,12,1400000,0,user_49,763,763,
6005,13,1300000,100000,user_45,763,763,
5990,14,1100000,0,user_30,763,763,
5979,15,1000000,68100,user_17,763,763,
5999,16,970000,0,user_39,763,763,
5988,17,870000,0,user_27,763,763,
5989,18,870000,0,user_30,763,763,
6012,19,870000,0,user_48,763,763,
5983,20,670000,0,user_21,763,763,
5992,21,600000,0,user_33,763,763,
6013,22,530000,0,user_48,763,763,
5995,23,350000,15300,user_36,763,763,
5981,24,310000,0,user_18,763,763,
6008,25,260000,0,user_47,763,763,
6015,26,260000,0,user_49,763,763,
5978,27,220000,0,user_16,763,763,
5985,28,170000,0,user_22,763,763,
6002,29,170000,0,user_39,763,763,
5996,30,160000,0,user_37,763,763,
5997,31,120000,0,user_37,763,763,
6001,32,120000,0,user_39,763,763,
6009,33,110000,0,user_47,763,763,
6010,34,110000,0,user_48,763,763,
6011,35,110000,0,user_48,763,763,
5968,36,87001,0,user_7,763,763,5967
5970,37,87001,0,user_8,763,763,5967
5971,38,87001,0,user_9,763,763,5967
5973,39,87001,0,user_10,763,763,5967
5974,40,87001,0,user_10,763,763,5967
5987,41,87000,0,user_26,763,763,
5969,42,86999,0,user_8,763,763,5967
5972,43,86999,0,user_9,763,763,5967
5976,44,86999,0,user_12,763,763,5967
5977,45,86999,0,user_13,763,763,5967
5994,46,85000,0,user_35,763,763,
5966,47,83000,0,user_2,763,763,
5984,48,83000,0,user_21,763,763,
5991,49,82000,0,user_32,763,763,
6056,0,6300000,0,user_33,764,764,
6052,1,5000000,100000,user_30,764,764,
6063,2,5000000,0,user_37,764,764,
6064,3,5000000,0,user_38,764,764,
6069,4,4500000,0,user_41,764,764,
6044,5,4200000,0,user_23,764,764,
6065,6,4200000,0,user_38,764,764,
6040,7,3200000,0,user_23,764,764,
6045,8,2500000,779000,user_25,764,764,
6071,9,2500000,0,user_42,764,764,
6078,10,2300000,0,user_47,764,764,
6021,11,2100000,0,user_6,764,764,
6061,12,2000000,0,user_36,764,764,
6035,13,1900000,0,user_18,764,764,
6038,14,1900000,0,user_20,764,764,
6024,15,1500001,0,user_6,764,764,6023
6028,16,1500001,0,user_12,764,764,6023
6029,17,1500001,0,user_13,764,764,6023
6030,18,1500001,0,user_13,764,764,6023
6032,19,1500001,0,user_13,764,764,6023
6023,20,1500000,510000,user_6,764,764,
6027,21,1499999,0,user_12,764,764,6023
6031,22,1499999,0,user_13,764,764,6023
6033,23,1499999,0,user_13,764,764,6023
6073,24,1400000,16400,user_44,764,764,
6077,25,1100000,0,user_47,764,764,
6054,26,970000,0,user_32,764,764,
6047,27,870000,0,user_25,764,764,
6017,28,670000,0,user_1,764,764,
6049,29,660000,0,user_25,764,764,
6062,30,630000,0,user_36,764,764,
6076,31,600000,0,user_46,764,764,
6075,32,470000,64600,user_44,764,764,
6079,33,470000,0,user_48,764,764,
6018,34,460000,0,user_2,764,764,
6020,35,460000,0,user_6,764,764,
6046,36,420000,42000,user_25,764,764,
6034,37,360000,0,user_16,764,764,
6037,38,350000,0,user_19,764,764,
6019,39,300000,0,user_5,764,764,
6022,40,220000,0,user_6,764,764,
6050,41,220000,0,user_27,764,764,
6051,42,220000,0,user_28,764,764,
6055,43,220000,0,user_32,764,764,
6036,44,190000,0,user_19,764,764,
6053,45,170000,0,user_30,764,764,
6059,46,170000,0,user_36,764,764,
6068,47,170000,0,user_41,764,764,
6041,48,160000,0,user_23,764,764,
6016,49,130000,0,user_0,764,764,
6042,50,120000,0,user_23,764,764,
6043,51,120000,0,user_23,764,764,
6058,52,120000,0,user_36,764,764,
6060,53,120000,0,user_36,764,764,
6070,54,120000,0,user_42,764,764,
6039,55,110000,0,user_22,764,764,
6048,56,110000,594000,user_25,764,764,
6074,57,110000,959000,user_44,764,764,
6072,58,85000,0,user_43,764,764,
6080,59,80000,0,user_49,764,764,
6057,60,77000,0,user_34,764,764,
6067,61,70000,0,user_41,764,764,
6099,0,27000000,0,user_18,765,765,
6098,1,6100000,0,user_17,765,765,
6109,2,5000000,0,user_26,765,765,
6113,3,5000000,146000,user_34,765,765,
6124,4,5000000,164000,user_44,765,765,
6081,5,4500000,0,user_0,765,765,
6111,6,3500000,0,user_30,765,765,
6133,7,2500000,0,user_49,765,765,
6105,8,2000000,0,user_22,765,765,
6119,9,2000000,0,user_38,765,765,
6101,10,1900000,0,user_18,765,765,
6122,11,1700000,0,user_41,765,765,
6127,12,1700000,0,user_45,765,765,
6103,13,1500000,0,user_19,765,765,
6135,14,1200000,0,user_49,765,765,
6123,15,1000000,5640,user_43,765,765,
6128,16,1000000,18600,user_45,765,765,
6120,17,910000,139000,user_39,765,765,
6083,18,670000,0,user_2,765,765,
6117,19,650000,0,user_37,765,765,
6116,20,630000,0,user_37,765,765,
6097,21,460000,0,user_16,765,765,
6108,22,460000,0,user_24,765,765,
6129,23,420000,0,user_45,765,765,
6112,24,350000,0,user_33,765,765,
6131,25,350000,0,user_48,765,765,
6130,26,320000,0,user_47,765,765,
6096,27,310000,0,user_16,765,765,
6110,28,260000,0,user_27,765,765,
6125,29,260000,0,user_45,765,765,
6102,30,220000,0,user_18,765,765,
6132,31,190000,0,user_49,765,765,
6088,32,170001,0,user_3,765,765,6085
6090,33,170001,0,user_5,765,765,6085
6094,34,170001,0,user_11,765,765,6085
6095,35,170001,0,user_12,765,765,6085
6085,36,170000,195000,user_3,765,765,
6134,37,170000,285000,user_49,765,765,
6086,38,169999,0,user_3,765,765,6085
6087,39,169999,0,user_3,765,765,6085
6089,40,169999,0,user_5,765,765,6085
6100,41,150000,0,user_18,765,765,
6115,42,150000,769000,user_36,765,765,
6118,43,150000,0,user_37,765,765,
6084,44,120000,0,user_3,765,765,
6082,45,110000,0,user_1,765,765,
6107,46,87000,0,user_22,765,765,
6106,47,84000,0,user_22,765,765,
6126,48,83000,0,user_45,765,765,
6104,49,73000,0,user_22,765,765,
6158,0,30000000,0,user_19,766,766,
6157,1,5000000,0,user_18,766,766,
6160,2,5000000,0,user_21,766,766,
6169,3,5000000,0,user_25,766,766,
6171,4,5000000,67500,user_26,766,766,
6155,5,3600000,0,user_16,766,766,
6182,6,3600000,0,user_38,766,766,
6162,7,3200000,256000,user_21,766,766,
6166,8,3200000,0,user_22,766,766,
6165,9,2400000,0,user_22,766,766,
6177,10,2000000,195000,user_32,766,766,
6179,11,2000000,0,user_33,766,766,
6176,12,1700000,0,user_32,766,766,
6174,13,1600000,0,user_30,766,766,
6137,14,1500000,0,user_3,766,766,
6178,15,1300000,30200,user_33,766,766,
6181,16,1300000,0,user_35,766,766,
6136,17,1000000,0,user_0,766,766,
6184,18,1000000,0,user_41,766,766,
6173,19,970000,0,user_29,766,766,
6188,20,970000,0,user_47,766,766,
6161,21,630000,0,user_21,766,766,
6185,22,630000,0,user_41,766,766,
6164,23,600000,0,user_21,766,766,
6143,24,360001,0,user_9,766,766,6138
6144,25,360001,0,user_9,766,766,6138
6145,26,360001,0,user_9,766,766,6138
6146,27,360001,0,user_9,766,766,6138
6149,28,360001,0,user_12,766,766,6138
6151,29,360001,0,user_15,766,766,6138
6138,30,360000,4320000,user_4,766,766,
6139,31,359999,0,user_4,766,766,6138
6140,32,359999,0,user_5,766,766,6138
6147,33,359999,0,user_10,766,766,6138
6148,34,359999,0,user_10,766,766,6138
6150,35,359999,0,user_12,766,766,6138
6153,36,350000,0,user_16,766,766,
6152,37,300000,0,user_16,766,766,
6175,38,160000,0,user_30,766,766,
6154,39,150000,42000,user_16,766,766,
6163,40,120000,0,user_21,766,766,
6189,41,120000,0,user_48,766,766,
6172,42,98000,0,user_29,766,766,
6156,43,87000,0,user_17,766,766,
6183,44,83000,0,user_38,766,766,
6186,45,82000,49100,user_44,766,766,
6167,46,80000,19700,user_23,766,766,
6170,47,77000,0,user_26,766,766,
6180,48,73000,0,user_34,766,766,
6215,0,27000000,0,user_23,767,767,
6209,1,5000000,0,user_21,767,767,
6214,2,5000000,0,user_23,767,767,
6244,3,5000000,0,user_47,767,767,
6221,4,4200000,0,user_28,767,767,
6204,5,3200000,0,user_15,767,767,
6243,6,2500000,0,user_47,767,767,
6197,7,2300000,0,user_7,767,767,
6206,8,2000000,12300,user_18,767,767,
6208,9,1600000,0,user_20,767,767,
6234,10,1600000,0,user_39,767,767,
6237,11,1600000,0,user_43,767,767,
6193,12,1500000,0,user_1,767,767,
6202,13,1400000,0,user_13,767,767,
6231,14,1400000,0,user_36,767,767,
6210,15,1300000,0,user_22,767,767,
6203,16,1200000,0,user_14,767,767,
6212,17,1100000,0,user_23,767,767,
6226,18,1100000,215000,user_33,767,767,
6217,19,1000000,0,user_24,767,767,
6200,20,970000,0,user_12,767,767,
6241,21,630000,0,user_47,767,767,
6222,22,600000,350000,user_29,767,767,
6191,23,420000,0,user_0,767,767,
6207,24,420000,0,user_19,767,767,
6220,25,420000,256000,user_27,767,767,
6224,26,420000,0,user_31,767,767,
6228,27,420000,0,user_34,767,767,
6229,28,370000,0,user_34,767,767,
6232,29,370000,0,user_37,767,767,
6236,30,370000,0,user_42,767,767,
6213,31,350000,6390,user_23,767,767,
6194,32,320000,0,user_5,767,767,
6205,33,310000,0,user_17,767,767,
6227,34,310000,0,user_33,767,767,
6238,35,260000,0,user_45,767,767,
6223,36,240000,0,user_30,767,767,
6196,37,220000,0,user_6,767,767,
6201,38,220000,0,user_12,767,767,
6219,39,220000,0,user_26,767,767,
6192,40,160000,0,user_0,767,767,
6233,41,160000,0,user_38,767,767,
6195,42,150000,0,user_6,767,767,
6216,43,110000,0,user_24,767,767,
6239,44,110000,0,user_46,767,767,
6242,45,98000,0,user_47,767,767,
6218,46,87000,0,user_25,767,767,
6225,47,84000,0,user_31,767,767,
6245,48,84000,34700,user_49,767,767,
6211,49,80000,0,user_23,767,767,
6240,50,79000,0,user_46,767,767,
6235,51,73000,0,user_41,767,767,
6277,0,43000000,0,user_33,768,768,
6272,1,5000000,0,user_26,768,768,
6274,2,3600000,0,user_29,768,768,
6248,3,2600000,0,user_1,768,768,
6275,4,2500000,0,user_30,768,768,
6276,5,2400000,0,user_32,768,768,
6289,6,2400000,49100,user_46,768,768,
6255,7,2300001,0,user_7,768,768,6254
6256,8,2300001,0,user_8,768,768,6254
6257,9,2300001,0,user_9,768,768,6254
6258,10,2300001,0,user_12,768,768,6254
6254,11,2300000,146000,user_7,768,768,
6283,12,2300000,0,user_39,768,768,
6259,13,2299999,0,user_14,768,768,6254
6260,14,2299999,0,user_15,768,768,6254
6261,15,2299999,0,user_15,768,768,6254
6246,16,1800000,0,user_0,768,768,
6270,17,1700000,0,user_24,768,768,
6263,18,1400000,1100000,user_17,768,768,
6264,19,1400000,18600,user_18,768,768,
6262,20,1100000,0,user_16,768,768,
6247,21,1000000,0,user_0,768,768,
6279,22,1000000,285000,user_35,768,768,
6269,23,870000,0,user_24,768,768,
6267,24,670000,0,user_22,768,768,
6284,25,600000,17000,user_39,768,768,
6290,26,530000,0,user_46,768,768,
6281,27,460000,0,user_36,768,768,
6288,28,460000,67900,user_45,768,768,
6253,29,340000,0,user_7,768,768,
6286,30,220000,0,user_40,768,768,
6278,31,160000,10700,user_34,768,768,
6285,32,160000,0,user_39,768,768,
6266,33,150000,0,user_21,768,768,
6287,34,150000,0,user_44,768,768,
6250,35,130000,0,user_3,768,768,
6249,36,110000,0,user_2,768,768,
6273,37,110000,0,user_28,768,768,
6280,38,110000,0,user_36,768,768,
6282,39,87000,0,user_37,768,768,
6268,40,84000,0,user_23,768,768,
6291,41,79000,0,user_49,768,768,
6271,42,70000,0,user_26,768,768,
6318,0,6100000,0,user_26,769,769,
6329,1,5000000,35100,user_34,769,769,
6312,2,4200000,0,user_21,769,769,
6319,3,4200000,0,user_28,769,769,
6309,4,3500000,0,user_18,769,769,
6311,5,2500000,0,user_20,769,769,
6315,6,2500000,0,user_24,769,769,
6316,7,2400000,0,user_25,769,769,
6323,8,2400000,0,user_29,769,769,
6336,9,2400000,30200,user_46,769,769,
6330,10,2300000,0,user_37,769,769,
6324,11,2000000,0,user_29,769,769,
6307,12,1600000,0,user_16,769,769,
6314,13,1600000,0,user_24,769,769,
6317,14,1400000,0,user_25,769,769,
6338,15,1400000,0,user_47,769,769,
6332,16,1300000,0,user_42,769,769,
6333,17,1200000,0,user_43,769,769,
6294,18,1100000,0,user_4,769,769,
6337,19,910000,0,user_47,769,769,
6339,20,910000,0,user_48,769,769,
6320,21,870000,0,user_28,769,769,
6295,22,670000,0,user_4,769,769,
6292,23,650000,0,user_2,769,769,
6310,24,460000,15300,user_19,769,769,
6328,25,460000,0,user_33,769,769,
6327,26,420000,100000,user_32,769,769,
6326,27,370000,0,user_32,769,769,
6299,28,350001,0,user_7,769,769,6298
6306,29,350001,0,user_15,769,769,6298
6298,30,350000,13800,user_7,769,769,
6300,31,349999,0,user_8,769,769,6298
6302,32,349999,0,user_10,769,769,6298
6304,33,349999,0,user_12,769,769,6298
6305,34,349999,0,user_13,769,769,6298
6297,35,240000,0,user_6,769,769,
6340,36,220000,0,user_48,769,769,
6296,37,170000,0,user_5,769,769,
6334,38,170000,0,user_44,769,769,
6325,39,160000,17700000,user_31,769,769,
6293,40,150000,0,user_3,769,769,
6313,41,130000,0,user_23,769,769,
6321,42,130000,121000,user_29,769,769,
6308,43,120000,0,user_17,769,769,
6322,44,100000,0,user_29,769,769,
6335,45,82000,0,user_46,769,769,
6341,46,79000,0,user_49,769,769,
6392,0,43000000,0,user_43,770,770,
6343,1,19000001,0,user_3,770,770,6342
6345,2,19000001,0,user_3,770,770,6342
6346,3,19000001,0,user_5,770,770,6342
6349,4,19000001,0,user_6,770,770,6342
6351,5,19000001,0,user_8,770,770,6342
6353,6,19000001,0,user_11,770,770,6342
6344,7,18999999,0,user_3,770,770,6342
6347,8,18999999,0,user_5,770,770,6342
6348,9,18999999,0,user_6,770,770,6342
6350,10,18999999,0,user_7,770,770,6342
6352,11,18999999,0,user_9,770,770,6342
6354,12,18999999,0,user_11,770,770,6342
6355,13,18999999,0,user_12,770,770,6342
6356,14,18999999,0,user_14,770,770,6342
6357,15,18999999,0,user_15,770,770,6342
6367,16,3200000,0,user_20,770,770,
6390,17,3200000,67500,user_41,770,770,
6388,18,2400000,0,user_39,770,770,
6364,19,2100000,7190000,user_18,770,770,
6370,20,2000000,71800,user_22,770,770,
6369,21,1900000,0,user_22,770,770,
6396,22,1800000,0,user_48,770,770,
6380,23,1500000,0,user_31,770,770,
6361,24,1100000,594000,user_17,770,770,
6387,25,1000000,0,user_39,770,770,
6372,26,870000,0,user_24,770,770,
6373,27,670000,769000,user_25,770,770,
6365,28,650000,0,user_19,770,770,
6386,29,630000,0,user_38,770,770,
6397,30,470000,23500,user_49,770,770,
6381,31,460000,0,user_31,770,770,
6393,32,420000,0,user_44,770,770,
6377,33,370000,0,user_28,770,770,
6374,34,360000,0,user_25,770,770,
6378,35,350000,0,user_29,770,770,
6371,36,340000,0,user_23,770,770,
6383,37,320000,0,user_33,770,770,
6358,38,260000,0,user_16,770,770,
6391,39,220000,0,user_42,770,770,
6363,40,160000,0,user_17,770,770,
6366,41,160000,84800,user_20,770,770,
6389,42,120000,0,user_40,770,770,
6360,43,110000,3130,user_17,770,770,
6362,44,110000,0,user_17,770,770,
6368,45,110000,21800,user_21,770,770,
6384,46,110000,0,user_33,770,770,
6359,47,85000,8520,user_17,770,770,
6375,48,80000,0,user_25,770,770,
6379,49,80000,0,user_29,770,770,
6424,0,43000000,30200,user_32,771,771,
6415,1,4500000,0,user_19,771,771,
6421,2,4200000,0,user_27,771,771,
6423,3,3600000,0,user_30,771,771,
6422,4,3500000,0,user_30,771,771,
6413,5,2600000,17000,user_18,771,771,
6430,6,2000000,64600,user_42,771,771,
6437,7,2000000,0,user_49,771,771,
6432,8,1500000,0,user_45,771,771,
6417,9,1400000,0,user_20,771,771,
6414,10,1000000,0,user_18,771,771,
6435,11,870000,0,user_48,771,771,
6433,12,470000,0,user_46,771,771,
6412,13,320000,0,user_16,771,771,
6418,14,320000,0,user_21,771,771,
6425,15,260000,0,user_33,771,771,
6420,16,170000,11200,user_26,771,771,
6431,17,170000,73100,user_44,771,771,
6419,18,120000,0,user_25,771,771,
6434,19,120000,0,user_47,771,771,
6416,20,110000,0,user_19,771,771,
6429,21,110000,0,user_41,771,771,
6436,22,110000,0,user_49,771,771,
6402,23,84001,0,user_8,771,771,6399
6404,24,84001,0,user_12,771,771,6399
6405,25,84001,0,user_12,771,771,6399
6407,26,84001,0,user_13,771,771,6399
6408,27,84001,0,user_14,771,771,6399
6411,28,84001,0,user_14,771,771,6399
6399,29,84000,155000,user_3,771,771,
6400,30,83999,0,user_7,771,771,6399
6401,31,83999,0,user_7,771,771,6399
6403,32,83999,0,user_10,771,771,6399
6406,33,83999,0,user_13,771,771,6399
6409,34,83999,0,user_14,771,771,6399
6410,35,83999,0,user_14,771,771,6399
6398,36,79000,0,user_1,771,771,
6458,0,43000000,0,user_30,772,772,
6449,1,5200000,0,user_18,772,772,
6456,2,2400000,0,user_26,772,772,
6454,3,2100000,0,user_21,772,772,
6455,4,2000000,0,user_22,772,772,
6439,5,1600001,0,user_1,772,772,6438
6440,6,1600001,0,user_3,772,772,6438
6443,7,1600001,0,user_7,772,772,6438
6444,8,1600001,0,user_8,772,772,6438
6446,9,1600001,0,user_10,772,772,6438
6447,10,1600001,0,user_14,772,772,6438
6438,11,1600000,769000,user_0,772,772,
6451,12,1600000,0,user_18,772,772,
6457,13,1600000,0,user_27,772,772,
6441,14,1599999,0,user_5,772,772,6438
6442,15,1599999,0,user_6,772,772,6438
6466,16,1100000,0,user_41,772,772,
6450,17,220000,0,user_18,772,772,
6460,18,160000,0,user_33,772,772,
6459,19,150000,0,user_32,772,772,
6467,20,150000,7190000,user_48,772,772,
6453,21,130000,0,user_20,772,772,
6452,22,120000,0,user_18,772,772,
6461,23,120000,21800,user_34,772,772,
6448,24,82000,0,user_16,772,772,
6464,25,70000,0,user_38,772,772,
6513,0,43000000,5640,user_36,773,773,
6496,1,30000000,0,user_28,773,773,
6510,2,27000000,0,user_34,773,773,
6532,3,19000000,0,user_49,773,773,
6521,4,6300000,0,user_43,773,773,
6517,5,5000000,0,user_38,773,773,
6507,6,4500000,0,user_34,773,773,
6518,7,4200000,0,user_39,773,773,
6528,8,3600000,0,user_47,773,773,
6529,9,3600000,0,user_47,773,773,
6514,10,3500000,0,user_37,773,773,
6522,11,3500000,0,user_43,773,773,
6498,12,2500000,0,user_30,773,773,
6488,13,2400000,0,user_21,773,773,
6495,14,2400000,0,user_25,773,773,
6492,15,2000000,73100,user_23,773,773,
6486,16,1800000,0,user_19,773,773,
6499,17,1600000,47700,user_31,773,773,
6516,18,1600000,0,user_38,773,773,
6525,19,1600000,0,user_44,773,773,
6505,20,1500000,0,user_33,773,773,
6489,21,1400000,0,user_22,773,773,
6503,22,1200000,0,user_32,773,773,
6469,23,1000000,0,user_0,773,773,
6483,24,1000000,0,user_17,773,773,
6515,25,1000000,0,user_37,773,773,
6502,26,910000,0,user_32,773,773,
6519,27,600000,0,user_41,773,773,
6490,28,460000,0,user_22,773,773,
6491,29,460000,0,user_23,773,773,
6530,30,350000,0,user_48,773,773,
6487,31,310000,0,user_20,773,773,
6494,32,310000,0,user_24,773,773,
6531,33,310000,0,user_49,773,773,
6506,34,240000,24700,user_34,773,773,
6504,35,220000,0,user_33,773,773,
6508,36,170000,0,user_34,773,773,
6523,37,170000,0,user_43,773,773,
6526,38,170000,0,user_44,773,773,
6484,39,160000,0,user_18,773,773,
6501,40,160000,155000,user_32,773,773,
6473,41,150001,0,user_6,773,773,6470
6474,42,150001,0,user_7,773,773,6470
6477,43,150001,0,user_10,773,773,6470
6480,44,150001,0,user_12,773,773,6470
6481,45,150001,0,user_14,773,773,6470
6470,46,150000,5180,user_1,773,773,
6482,47,150000,0,user_16,773,773,
6485,48,150000,0,user_18,773,773,
6471,49,149999,0,user_2,773,773,6470
6472,50,149999,0,user_3,773,773,6470
6478,51,149999,0,user_11,773,773,6470
6479,52,149999,0,user_12,773,773,6470
6500,53,130000,0,user_32,773,773,
6527,54,120000,0,user_47,773,773,
6493,55,110000,350000,user_24,773,773,
6497,56,110000,0,user_29,773,773,
6509,57,84000,594000,user_34,773,773,
6520,58,83000,0,user_42,773,773,
6524,59,79000,0,user_43,773,773,
6468,60,73000,0,user_0,773,773,
6562,0,43000000,128000,user_19,774,774,
6567,1,30000000,121000,user_23,774,774,
6561,2,5000000,0,user_18,774,774,
6569,3,5000000,0,user_24,774,774,
6576,4,5000000,0,user_33,774,774,
6574,5,3500000,181000,user_29,774,774,
6581,6,3500000,195000,user_36,774,774,
6587,7,3500000,0,user_41,774,774,
6589,8,3500000,0,user_42,774,774,
6580,9,2400000,0,user_35,774,774,
6560,10,2000000,0,user_17,774,774,
6595,11,1500000,0,user_49,774,774,
6592,12,1400000,10700,user_46,774,774,
6566,13,1100000,0,user_22,774,774,
6584,14,1000000,0,user_38,774,774,
6577,15,660000,0,user_33,774,774,
6578,16,650000,0,user_33,774,774,
6593,17,650000,0,user_47,774,774,
6564,18,600000,0,user_19,774,774,
6558,19,470000,10700,user_16,774,774,
6565,20,470000,350000,user_20,774,774,
6568,21,460000,0,user_24,774,774,
6588,22,360000,0,user_41,774,774,
6537,23,350001,0,user_5,774,774,6533
6541,24,350001,0,user_9,774,774,6533
6542,25,350001,0,user_9,774,774,6533
6543,26,350001,0,user_11,774,774,6533
6544,27,350001,0,user_11,774,774,6533
6545,28,350001,0,user_11,774,774,6533
6547,29,350001,0,user_11,774,774,6533
6551,30,350001,0,user_13,774,774,6533
6552,31,350001,0,user_13,774,774,6533
6555,32,350001,0,user_15,774,774,6533
6534,33,349999,0,user_1,774,774,6533
6535,34,349999,0,user_4,774,774,6533
6536,35,349999,0,user_5,774,774,6533
6538,36,349999,0,user_5,774,774,6533
6539,37,349999,0,user_6,774,774,6533
6540,38,349999,0,user_9,774,774,6533
6546,39,349999,0,user_11,774,774,6533
6548,40,349999,0,user_12,774,774,6533
6549,41,349999,0,user_13,774,774,6533
6550,42,349999,0,user_13,774,774,6533
6554,43,349999,0,user_15,774,774,6533
6556,44,310000,13900,user_16,774,774,
6579,45,300000,0,user_34,774,774,
6559,46,220000,128000,user_16,774,774,
6575,47,220000,0,user_33,774,774,
6557,48,160000,0,user_16,774,774,
6583,49,160000,0,user_37,774,774,
6590,50,150000,0,user_44,774,774,
6573,51,110000,381000,user_28,774,774,
6586,52,110000,0,user_40,774,774,
6591,53,110000,39400,user_45,774,774,
6563,54,77000,0,user_19,774,774,
6582,55,70000,0,user_37,774,774,
6634,0,30000000,0,user_37,775,775,
6617,1,19000000,0,user_22,775,775,
6630,2,19000000,0,user_36,775,775,
6602,3,5000000,0,user_6,775,775,
6621,4,3500000,0,user_29,775,775,
6636,5,3500000,0,user_37,775,775,
6600,6,2600000,0,user_6,775,775,
6605,7,2600000,0,user_8,775,775,
6610,8,2600000,0,user_17,775,775,
6646,9,2600000,34700,user_44,775,775,
6596,10,2100000,0,user_1,775,775,
6620,11,2000000,0,user_28,775,775,
6642,12,2000000,510000,user_42,775,775,
6624,13,1900000,350000,user_31,775,775,
6609,14,1800000,16400,user_15,775,775,
6632,15,1600000,0,user_37,775,775,
6626,16,1500000,0,user_33,775,775,
6653,17,1400000,33300,user_49,775,775,
6615,18,1300000,0,user_22,775,775,
6606,19,1100000,0,user_11,775,775,
6623,20,1100000,0,user_30,775,775,
6650,21,1100000,64600,user_46,775,775,
6654,22,970000,0,user_49,775,775,
6601,23,910000,0,user_6,775,775,
6613,24,910000,283000,user_22,775,775,
6647,25,910000,0,user_44,775,775,
6629,26,670000,13900,user_35,775,775,
6599,27,630000,0,user_5,775,775,
6598,28,600000,0,user_4,775,775,
6638,29,470000,0,user_38,775,775,
6639,30,460000,0,user_39,775,775,
6597,31,420000,0,user_1,775,775,
6603,32,370000,0,user_6,775,775,
6633,33,360000,0,user_37,775,775,
6648,34,260000,0,user_45,775,775,
6643,35,160000,0,user_42,775,775,
6645,36,160000,0,user_42,775,775,
6644,37,150000,0,user_42,775,775,
6649,38,150000,0,user_45,775,775,
6612,39,120000,0,user_21,775,775,
6627,40,120000,0,user_35,775,775,
6635,41,120000,16400,user_37,775,775,
6641,42,120000,0,user_41,775,775,
6651,43,120000,0,user_47,775,775,
6616,44,110000,0,user_22,775,775,
6622,45,110000,0,user_29,775,775,
6608,46,85000,0,user_15,775,775,
6618,47,85000,0,user_23,775,775,
6614,48,84000,0,user_22,775,775,
6619,49,84000,0,user_28,775,775,
6611,50,83000,0,user_20,775,775,
6637,51,83000,5630,user_38,775,775,
6631,52,82000,0,user_36,775,775,
6607,53,77000,0,user_14,775,775,
6628,54,73000,0,user_35,775,775,
6677,0,43000000,13900,user_23,776,776,
6678,1,19000000,0,user_24,776,776,
6695,2,5200000,0,user_34,776,776,
6699,3,5200000,0,user_38,776,776,
6681,4,3500000,0,user_25,776,776,
6657,5,3200001,0,user_1,776,776,6656
6658,6,3200001,0,user_1,776,776,6656
6661,7,3200001,0,user_2,776,776,6656
6665,8,3200001,0,user_5,776,776,6656
6669,9,3200001,0,user_14,776,776,6656
6656,10,3200000,31700,user_0,776,776,
6659,11,3199999,0,user_1,776,776,6656
6660,12,3199999,0,user_1,776,776,6656
6662,13,3199999,0,user_3,776,776,6656
6663,14,3199999,0,user_4,776,776,6656
6664,15,3199999,0,user_5,776,776,6656
6666,16,3199999,0,user_10,776,776,6656
6667,17,3199999,0,user_11,776,776,6656
6668,18,3199999,0,user_13,776,776,6656
6687,19,2500000,0,user_27,776,776,
6691,20,2300000,0,user_31,776,776,
6655,21,2000000,0,user_0,776,776,
6686,22,2000000,0,user_27,776,776,
6673,23,1900000,0,user_18,776,776,
6682,24,1800000,0,user_26,776,776,
6693,25,1800000,0,user_32,776,776,
6685,26,1600000,0,user_27,776,776,
6670,27,1200000,0,user_16,776,776,
6705,28,1100000,0,user_49,776,776,
6675,29,1000000,0,user_21,776,776,
6683,30,670000,0,user_26,776,776,
6680,31,600000,0,user_25,776,776,
6704,32,470000,0,user_49,776,776,
6688,33,320000,0,user_28,776,776,
6690,34,310000,0,user_29,776,776,
6684,35,260000,0,user_27,776,776,
6689,36,260000,0,user_28,776,776,
6692,37,260000,0,user_31,776,776,
6702,38,260000,0,user_44,776,776,
6679,39,150000,0,user_24,776,776,
6671,40,130000,0,user_17,776,776,
6703,41,130000,0,user_45,776,776,
6700,42,110000,0,user_39,776,776,
6701,43,98000,0,user_42,776,776,
6676,44,87000,0,user_22,776,776,
6698,45,84000,0,user_37,776,776,
6672,46,83000,322000,user_17,776,776,
6674,47,79000,39400,user_18,776,776,
6694,48,77000,11200,user_32,776,776,
6710,0,6300000,0,user_3,777,777,
6725,1,6300000,283000,user_20,777,777,
6733,2,6300000,0,user_26,777,777,
6734,3,5200000,0,user_30,777,777,
6754,4,5200000,0,user_47,777,777,
6737,5,2600000,0,user_32,777,777,
6728,6,2400000,15700,user_23,777,777,
6749,7,2100000,0,user_42,777,777,
6723,8,2000000,0,user_18,777,777,
6741,9,2000000,13900,user_34,777,777,
6745,10,2000000,0,user_38,777,777,
6735,11,1500000,0,user_31,777,777,
6736,12,1500000,7840,user_32,777,777,
6726,13,1400000,0,user_21,777,777,
6713,14,1300001,0,user_8,777,777,6712
6715,15,1300001,0,user_10,777,777,6712
6712,16,1300000,13800,user_7,777,777,
6714,17,1299999,0,user_9,777,777,6712
6716,18,1299999,0,user_10,777,777,6712
6717,19,1299999,0,user_12,777,777,6712
6718,20,1299999,0,user_13,777,777,6712
6719,21,1299999,0,user_13,777,777,6712
6720,22,1299999,0,user_15,777,777,6712
6707,23,1100000,0,user_1,777,777,
6706,24,870000,0,user_0,777,777,
6727,25,670000,5180,user_22,777,777,
6729,26,630000,11200,user_23,777,777,
6724,27,530000,17000,user_20,777,777,
6722,28,470000,49100,user_17,777,777,
6739,29,460000,0,user_33,777,777,
6753,30,460000,0,user_46,777,777,
6730,31,420000,0,user_24,777,777,
6708,32,300000,0,user_1,777,777,
6738,33,240000,0,user_32,777,777,
6748,34,220000,0,user_42,777,777,
6751,35,220000,0,user_45,777,777,
6721,36,170000,0,user_16,777,777,
6744,37,150000,0,user_37,777,777,
6746,38,130000,0,user_39,777,777,
6743,39,120000,0,user_36,777,777,
6752,40,120000,0,user_46,777,777,
6709,41,110000,0,user_2,777,777,
6732,42,110000,0,user_26,777,777,
6740,43,110000,0,user_34,777,777,
6750,44,110000,0,user_44,777,777,
6742,45,85000,0,user_35,777,777,
6755,46,82000,0,user_49,777,777,
6747,47,73000,0,user_39,777,777,
6789,0,30000000,0,user_30,778,778,
6779,1,27000000,35600,user_21,778,778,
6798,2,27000000,0,user_38,778,778,
6794,3,6100000,0,user_33,778,778,
6758,4,4200001,0,user_2,778,778,6757
6761,5,4200001,0,user_4,778,778,6757
6762,6,4200001,0,user_6,778,778,6757
6769,7,4200001,0,user_10,778,778,6757
6771,8,4200001,0,user_10,778,778,6757
6775,9,4200001,0,user_15,778,778,6757
6757,10,4200000,108000,user_1,778,778,
6759,11,4199999,0,user_2,778,778,6757
6760,12,4199999,0,user_2,778,778,6757
6764,13,4199999,0,user_8,778,778,6757
6765,14,4199999,0,user_9,778,778,6757
6766,15,4199999,0,user_9,778,778,6757
6767,16,4199999,0,user_10,778,778,6757
6768,17,4199999,0,user_10,778,778,6757
6770,18,4199999,0,user_10,778,778,6757
6772,19,4199999,0,user_13,778,778,6757
6773,20,4199999,0,user_14,778,778,6757
6774,21,4199999,0,user_14,778,778,6757
6795,22,3200000,0,user_35,778,778,
6796,23,2000000,0,user_36,778,778,
6804,24,1900000,0,user_45,778,778,
6790,25,1300000,0,user_30,778,778,
6803,26,1300000,0,user_44,778,778,
6782,27,1100000,15700,user_22,778,778,
6801,28,1100000,0,user_42,778,778,
6807,29,630000,0,user_49,778,778,
6780,30,420000,13900,user_21,778,778,
6793,31,420000,0,user_33,778,778,
6778,32,300000,0,user_20,778,778,
6787,33,260000,0,user_28,778,778,
6806,34,260000,0,user_49,778,778,
6783,35,170000,0,user_23,778,778,
6786,36,170000,0,user_27,778,778,
6791,37,150000,0,user_30,778,778,
6756,38,120000,0,user_0,778,778,
6788,39,120000,0,user_29,778,778,
6797,40,120000,0,user_37,778,778,
6802,41,100000,0,user_43,778,778,
6781,42,98000,67900,user_21,778,778,
6785,43,98000,0,user_27,778,778,
6800,44,85000,0,user_41,778,778,
6776,45,80000,0,user_16,778,778,
6777,46,80000,0,user_18,778,778,
6832,0,6300000,66100,user_24,779,779,
6834,1,6100000,0,user_26,779,779,
6849,2,5200000,0,user_44,779,779,
6850,3,2400000,30200,user_45,779,779,
6842,4,2000000,0,user_34,779,779,
6838,5,1900000,139000,user_30,779,779,
6808,6,1700000,0,user_0,779,779,
6845,7,1500000,0,user_37,779,779,
6810,8,1400000,0,user_3,779,779,
6825,9,1400000,594000,user_19,779,779,
6840,10,1000000,164000,user_33,779,779,
6823,11,870000,30200,user_17,779,779,
6835,12,670000,0,user_26,779,779,
6824,13,460000,0,user_18,779,779,
6844,14,420000,24700,user_36,779,779,
6841,15,370000,0,user_33,779,779,
6830,16,360000,0,user_23,779,779,
6812,17,350001,0,user_5,779,779,6811
6813,18,350001,0,user_5,779,779,6811
6815,19,350001,0,user_7,779,779,6811
6818,20,350001,0,user_11,779,779,6811
6819,21,350001,0,user_12,779,779,6811
6820,22,350001,0,user_13,779,779,6811
6811,23,350000,195000,user_4,779,779,
6814,24,349999,0,user_6,779,779,6811
6817,25,349999,0,user_11,779,779,6811
6821,26,349999,0,user_15,779,779,6811
6822,27,349999,0,user_15,779,779,6811
6831,28,310000,0,user_24,779,779,
6839,29,220000,0,user_31,779,779,
6851,30,220000,0,user_46,779,779,
6836,31,160000,0,user_27,779,779,
6846,32,160000,7840,user_39,779,779,
6852,33,150000,0,user_49,779,779,
6837,34,130000,0,user_29,779,779,
6827,35,110000,0,user_21,779,779,
6828,36,110000,0,user_22,779,779,
6826,37,85000,0,user_20,779,779,
6809,38,79000,0,user_1,779,779,
6829,39,77000,0,user_23,779,779,
6833,40,73000,0,user_25,779,779,
6848,41,73000,12300,user_43,779,779,
6893,0,43000000,0,user_35,780,780,
6885,1,6300000,0,user_26,780,780,
6881,2,6100000,0,user_23,780,780,
6882,3,4500000,0,user_24,780,780,
6891,4,3600000,0,user_35,780,780,
6876,5,2300000,21800,user_19,780,780,
6890,6,2100000,0,user_35,780,780,
6895,7,2000000,0,user_36,780,780,
6887,8,1800000,34700,user_31,780,780,
6875,9,1000000,0,user_19,780,780,
6892,10,1000000,0,user_35,780,780,
6896,11,1000000,215000,user_36,780,780,
6897,12,910000,0,user_37,780,780,
6883,13,870000,0,user_26,780,780,
6889,14,420000,0,user_33,780,780,
6873,15,300000,0,user_18,780,780,
6901,16,300000,16400,user_41,780,780,
6902,17,300000,0,user_43,780,780,
6878,18,240000,0,user_21,780,780,
6898,19,240000,0,user_38,780,780,
6900,20,240000,0,user_40,780,780,
6880,21,220000,0,user_22,780,780,
6899,22,220000,0,user_39,780,780,
6877,23,190000,0,user_20,780,780,
6884,24,160000,0,user_26,780,780,
6886,25,150000,35600,user_29,780,780,
6879,26,110000,13900,user_22,780,780,
6894,27,110000,0,user_35,780,780,
6857,28,98001,0,user_5,780,780,6855
6860,29,98001,0,user_7,780,780,6855
6861,30,98001,0,user_8,780,780,6855
6863,31,98001,0,user_10,780,780,6855
6864,32,98001,0,user_11,780,780,6855
6865,33,98001,0,user_11,780,780,6855
6867,34,98001,0,user_14,780,780,6855
6869,35,98001,0,user_14,780,780,6855
6855,36,98000,510000,user_3,780,780,
6856,37,97999,0,user_4,780,780,6855
6858,38,97999,0,user_5,780,780,6855
6859,39,97999,0,user_6,780,780,6855
6862,40,97999,0,user_9,780,780,6855
6868,41,97999,0,user_14,780,780,6855
6870,42,97999,0,user_14,780,780,6855
6871,43,97999,0,user_15,780,780,6855
6903,44,85000,0,user_43,780,780,
6872,45,79000,0,user_16,780,780,
6874,46,73000,0,user_19,780,780,
6911,0,19000000,0,user_6,781,781,
6914,1,6300000,0,user_9,781,781,
6918,2,6300000,0,user_13,781,781,
6910,3,5200000,0,user_5,781,781,
6937,4,5200000,0,user_30,781,781,
6913,5,5000000,0,user_8,781,781,
6919,6,5000000,0,user_15,781,781,
6920,7,4500000,0,user_16,781,781,
6940,8,4200000,0,user_33,781,781,
6943,9,3600000,0,user_35,781,781,
6957,10,2600000,0,user_45,781,781,
6955,11,2100000,322000,user_43,781,781,
6926,12,2000000,0,user_21,781,781,
6954,13,1800000,0,user_42,781,781,
6908,14,1500000,0,user_4,781,781,
6949,15,1500000,0,user_38,781,781,
6942,16,1400000,0,user_34,781,781,
6934,17,1200000,16400,user_27,781,781,
6933,18,1000000,0,user_25,781,781,
6948,19,1000000,0,user_37,781,781,
6961,20,870000,34700,user_49,781,781,
6958,21,670000,0,user_47,781,781,
6953,22,660000,5630,user_42,781,781,
6959,23,660000,0,user_47,781,781,
6941,24,650000,0,user_33,781,781,
6906,25,530000,0,user_1,781,781,
6909,26,370000,0,user_5,781,781,
6925,27,340000,0,user_18,781,781,
6950,28,320000,0,user_38,781,781,
6915,29,310000,0,user_11,781,781,
6921,30,260000,161000,user_16,781,781,
6952,31,260000,0,user_39,781,781,
6931,32,220000,0,user_25,781,781,
6956,33,170000,0,user_44,781,781,
6907,34,150000,0,user_3,781,781,
6930,35,150000,42000,user_25,781,781,
6935,36,150000,0,user_28,781,781,
6923,37,130000,0,user_17,781,781,
6945,38,120000,0,user_37,781,781,
6924,39,110000,60700,user_18,781,781,
6932,40,110000,0,user_25,781,781,
6929,41,98000,0,user_25,781,781,
6922,42,87000,12300,user_16,781,781,
6944,43,87000,0,user_35,781,781,
6936,44,84000,0,user_29,781,781,
6946,45,83000,0,user_37,781,781,
6951,46,83000,0,user_39,781,781,
6947,47,77000,0,user_37,781,781,
6912,48,70000,0,user_8,781,781,
6988,0,27000000,0,user_30,782,782,
6993,1,5000000,60700,user_31,782,782,
6962,2,4200000,0,user_0,782,782,
7003,3,3200000,0,user_42,782,782,
6992,4,2300000,24700,user_31,782,782,
7008,5,2300000,0,user_45,782,782,
6995,6,2000000,0,user_33,782,782,
6997,7,1900000,0,user_36,782,782,
6967,8,1700000,0,user_3,782,782,
6982,9,1700000,0,user_28,782,782,
6990,10,1700000,0,user_31,782,782,
6979,11,1600000,0,user_23,782,782,
6963,12,1500000,0,user_0,782,782,
6980,13,1500000,195000,user_26,782,782,
7000,14,1500000,18600,user_39,782,782,
6987,15,1100000,0,user_29,782,782,
6996,16,1000000,0,user_34,782,782,
7001,17,1000000,0,user_40,782,782,
6966,18,970000,0,user_2,782,782,
6994,19,630000,0,user_32,782,782,
6964,20,470000,0,user_1,782,782,
6977,21,370000,73100,user_21,782,782,
6975,22,350000,0,user_17,782,782,
6983,23,310000,0,user_29,782,782,
6965,24,300000,0,user_1,782,782,
6986,25,220000,15100,user_29,782,782,
7002,26,220000,19700,user_40,782,782,
7004,27,220000,0,user_42,782,782,
6985,28,160000,0,user_29,782,782,
6998,29,160000,350000,user_37,782,782,
6976,30,150000,0,user_18,782,782,
6999,31,150000,0,user_38,782,782,
7009,32,120000,1100000,user_46,782,782,
6978,33,110000,0,user_23,782,782,
7005,34,110000,0,user_45,782,782,
7006,35,110000,46500,user_45,782,782,
7007,36,87000,0,user_45,782,782,
6981,37,83000,5630,user_27,782,782,
6984,38,83000,779000,user_29,782,782,
6989,39,83000,0,user_31,782,782,
6991,40,82000,0,user_31,782,782,
6971,41,77001,0,user_10,782,782,6968
6973,42,77001,0,user_14,782,782,6968
6974,43,76999,0,user_15,782,782,6968
7034,0,27000000,0,user_19,783,783,
7048,1,6100000,0,user_37,783,783,
7033,2,5000000,0,user_19,783,783,
7029,3,3600000,23500,user_18,783,783,
7011,4,2600000,0,user_0,783,783,
7050,5,2100000,0,user_38,783,783,
7055,6,2000000,0,user_44,783,783,
7063,7,2000000,0,user_49,783,783,
7056,8,1900000,0,user_45,783,783,
7053,9,1800000,43600,user_42,783,783,
7038,10,1500000,0,user_27,783,783,
7039,11,1500000,12800,user_28,783,783,
7059,12,1500000,0,user_48,783,783,
7054,13,1400000,0,user_43,783,783,
7040,14,1300000,3130,user_29,783,783,
7030,15,1200000,0,user_19,783,783,
7012,16,1100000,0,user_2,783,783,
7026,17,1100000,0,user_16,783,783,
7058,18,1100000,164000,user_47,783,783,
7060,19,1000000,0,user_48,783,783,
7061,20,970000,0,user_48,783,783,
7018,21,660001,0,user_10,783,783,7013
7019,22,660001,0,user_10,783,783,7013
7020,23,660001,0,user_12,783,783,7013
7021,24,660001,0,user_12,783,783,7013
7022,25,660001,0,user_12,783,783,7013
7024,26,660001,0,user_14,783,783,7013
7013,27,660000,11200,user_3,783,783,
7014,28,659999,0,user_4,783,783,7013
7015,29,659999,0,user_5,783,783,7013
7016,30,659999,0,user_6,783,783,7013
7023,31,659999,0,user_12,783,783,7013
7025,32,659999,0,user_15,783,783,7013
7047,33,370000,12300,user_36,783,783,
7046,34,350000,322000,user_36,783,783,
7057,35,340000,0,user_47,783,783,
7037,36,320000,0,user_22,783,783,
7042,37,310000,0,user_31,783,783,
7027,38,260000,67500,user_16,783,783,
7031,39,260000,128000,user_19,783,783,
7036,40,240000,0,user_20,783,783,
7051,41,150000,0,user_41,783,783,
7035,42,130000,0,user_20,783,783,
7028,43,120000,31700,user_17,783,783,
7032,44,120000,0,user_19,783,783,
7043,45,120000,0,user_33,783,783,
7052,46,120000,0,user_42,783,783,
7049,47,100000,0,user_37,783,783,
7010,48,83000,0,user_0,783,783,
7041,49,83000,0,user_30,783,783,
7062,50,73000,10700,user_48,783,783,
7070,0,27000000,0,user_5,784,784,
7072,1,6100000,0,user_6,784,784,
7107,2,6100000,31700,user_40,784,784,
7084,3,5200000,0,user_18,784,784,
7092,4,5200000,0,user_25,784,784,
7105,5,4500000,43600,user_35,784,784,
7114,6,3200000,10700,user_46,784,784,
7089,7,2300000,17700000,user_22,784,784,
7086,8,2000000,0,user_20,784,784,
7099,9,2000000,67900,user_29,784,784,
7093,10,1900000,56200,user_25,784,784,
7104,11,1600000,0,user_34,784,784,
7083,12,1500000,0,user_16,784,784,
7095,13,1500000,0,user_26,784,784,
7091,14,1400000,0,user_24,784,784,
7094,15,1300000,33100,user_26,784,784,
7066,16,1200000,0,user_0,784,784,
7101,17,1000000,13800,user_31,784,784,
7069,18,970000,0,user_5,784,784,
7106,19,970000,0,user_38,784,784,
7096,20,910000,0,user_27,784,784,
7102,21,910000,43600,user_32,784,784,
7097,22,670000,49100,user_27,784,784,
7098,23,630000,0,user_28,784,784,
7112,24,630000,0,user_44,784,784,
7090,25,460000,322000,user_23,784,784,
7113,26,420000,0,user_45,784,784,
7108,27,310000,0,user_42,784,784,
7075,28,260001,0,user_9,784,784,7074
7082,29,260001,0,user_15,784,784,7074
7074,30,260000,35600,user_7,784,784,
7076,31,259999,0,user_11,784,784,7074
7077,32,259999,0,user_13,784,784,7074
7078,33,259999,0,user_13,784,784,7074
7079,34,259999,0,user_13,784,784,7074
7080,35,259999,0,user_13,784,784,7074
7081,36,259999,0,user_14,784,784,7074
7065,37,160000,0,user_0,784,784,
7071,38,150000,0,user_6,784,784,
7085,39,150000,0,user_19,784,784,
7111,40,120000,0,user_44,784,784,
7088,41,110000,0,user_22,784,784,
7073,42,100000,0,user_7,784,784,
7068,43,85000,0,user_2,784,784,
7064,44,84000,0,user_0,784,784,
7155,0,43000000,13800,user_39,785,785,
7159,1,19000000,0,user_42,785,785,
7152,2,6300000,0,user_35,785,785,
7151,3,5200000,0,user_31,785,785,
7123,4,5000000,0,user_8,785,785,
7167,5,4500000,0,user_48,785,785,
7145,6,4200000,0,user_28,785,785,
7117,7,3600000,0,user_1,785,785,
7121,8,2300000,0,user_6,785,785,
7157,9,2000000,10700,user_41,785,785,
7164,10,1900000,32900,user_45,785,785,
7154,11,1800000,0,user_37,785,785,
7163,12,1800000,71800,user_45,785,785,
7119,13,1600000,0,user_3,785,785,
7156,14,1600000,71800,user_40,785,785,
7146,15,1400000,0,user_28,785,785,
7160,16,1400000,15300,user_43,785,785,
7144,17,1100000,0,user_28,785,785,
7162,18,1000000,0,user_44,785,785,
7165,19,1000000,0,user_47,785,785,
7141,20,870000,0,user_25,785,785,
7161,21,670000,195000,user_44,785,785,
7148,22,650000,0,user_29,785,785,
7129,23,630001,0,user_13,785,785,7125
7131,24,630001,0,user_14,785,785,7125
7125,25,630000,5630,user_10,785,785,
7127,26,629999,0,user_12,785,785,7125
7128,27,629999,0,user_12,785,785,7125
7130,28,629999,0,user_13,785,785,7125
7132,29,629999,0,user_14,785,785,7125
7153,30,420000,75000,user_36,785,785,
7137,31,360000,0,user_21,785,785,
7134,32,350000,13900,user_19,785,785,
7136,33,320000,19700,user_20,785,785,
7140,34,310000,0,user_24,785,785,
7168,35,310000,0,user_49,785,785,
7166,36,160000,0,user_47,785,785,
7120,37,150000,0,user_4,785,785,
7135,38,150000,64600,user_19,785,785,
7124,39,120000,0,user_8,785,785,
7143,40,120000,0,user_27,785,785,
7147,41,120000,0,user_28,785,785,
7122,42,110000,0,user_6,785,785,
7142,43,100000,16400,user_26,785,785,
7118,44,82000,0,user_3,785,785,
7158,45,79000,0,user_41,785,785,
7222,0,43000000,0,user_37,786,786,
7175,1,30000000,0,user_6,786,786,
7213,2,30000000,0,user_27,786,786,
7229,3,5200000,0,user_45,786,786,
7228,4,4500000,0,user_40,786,786,
7232,5,4500000,56200,user_49,786,786,
7177,6,3600000,0,user_6,786,786,
7196,7,2600000,0,user_16,786,786,
7203,8,2600000,24700,user_18,786,786,
7223,9,2600000,231000,user_37,786,786,
7199,10,2500000,0,user_17,786,786,
7226,11,2500000,0,user_39,786,786,
7174,12,2400000,0,user_5,786,786,
7204,13,1900000,0,user_18,786,786,
7216,14,1900000,0,user_30,786,786,
7201,15,1700000,0,user_17,786,786,
7180,16,1500001,0,user_9,786,786,7179
7183,17,1500001,0,user_9,786,786,7179
7184,18,1500001,0,user_9,786,786,7179
7187,19,1500001,0,user_13,786,786,7179
7188,20,1500001,0,user_13,786,786,7179
7190,21,1500001,0,user_13,786,786,7179
7193,22,1500001,0,user_15,786,786,7179
7194,23,1500001,0,user_15,786,786,7179
7179,24,1500000,146000,user_8,786,786,
7205,25,1500000,231000,user_19,786,786,
7210,26,1500000,0,user_26,786,786,
7220,27,1500000,0,user_35,786,786,
7181,28,1499999,0,user_9,786,786,7179
7182,29,1499999,0,user_9,786,786,7179
7186,30,1499999,0,user_12,786,786,7179
7189,31,1499999,0,user_13,786,786,7179
7191,32,1499999,0,user_13,786,786,7179
7195,33,1499999,0,user_15,786,786,7179
7171,34,1400000,0,user_3,786,786,
7197,35,1000000,0,user_16,786,786,
7217,36,870000,0,user_30,786,786,
7225,37,870000,0,user_38,786,786,
7207,38,650000,0,user_23,786,786,
7176,39,530000,0,user_6,786,786,
7227,40,370000,0,user_40,786,786,
7221,41,360000,0,user_36,786,786,
7206,42,350000,0,user_21,786,786,
7208,43,350000,0,user_23,786,786,
7231,44,320000,959000,user_48,786,786,
7224,45,300000,71800,user_38,786,786,
7212,46,170000,0,user_26,786,786,
7169,47,160000,0,user_0,786,786,
7198,48,160000,0,user_17,786,786,
7209,49,160000,0,user_25,786,786,
7211,50,160000,0,user_26,786,786,
7178,51,120000,0,user_7,786,786,
7218,52,110000,0,user_33,786,786,
7172,53,79000,0,user_3,786,786,
7219,54,79000,0,user_34,786,786,
7202,55,77000,0,user_17,786,786,
7200,56,73000,0,user_17,786,786,
7284,0,43000000,0,user_34,787,787,
7290,1,27000000,0,user_40,787,787,
7294,2,27000000,769000,user_44,787,787,
7272,3,3600000,0,user_25,787,787,
7297,4,2500000,23500,user_48,787,787,
7263,5,2400000,0,user_20,787,787,
7237,6,2300001,0,user_4,787,787,7235
7241,7,2300001,0,user_7,787,787,7235
7242,8,2300001,0,user_8,787,787,7235
7243,9,2300001,0,user_9,787,787,7235
7244,10,2300001,0,user_9,787,787,7235
7246,11,2300001,0,user_10,787,787,7235
7247,12,2300001,0,user_10,787,787,7235
7248,13,2300001,0,user_10,787,787,7235
7254,14,2300001,0,user_15,787,787,7235
7235,15,2300000,14200,user_2,787,787,
7238,16,2299999,0,user_4,787,787,7235
7239,17,2299999,0,user_5,787,787,7235
7240,18,2299999,0,user_6,787,787,7235
7245,19,2299999,0,user_10,787,787,7235
7249,20,2299999,0,user_10,787,787,7235
7250,21,2299999,0,user_13,787,787,7235
7251,22,2299999,0,user_13,787,787,7235
7252,23,2299999,0,user_13,787,787,7235
7253,24,2299999,0,user_13,787,787,7235
7255,25,2299999,0,user_15,787,787,7235
7289,26,2000000,256000,user_39,787,787,
7277,27,1900000,0,user_29,787,787,
7288,28,1900000,0,user_38,787,787,
7268,29,1700000,139000,user_22,787,787,
7270,30,1600000,0,user_24,787,787,
7280,31,1600000,67500,user_29,787,787,
7279,32,1400000,0,user_29,787,787,
7273,33,1300000,0,user_26,787,787,
7259,34,1000000,0,user_18,787,787,
7278,35,1000000,7190000,user_29,787,787,
7256,36,910000,17000,user_16,787,787,
7267,37,910000,0,user_22,787,787,
7269,38,670000,0,user_23,787,787,
7295,39,420000,100000,user_45,787,787,
7233,40,360000,0,user_0,787,787,
7274,41,310000,0,user_28,787,787,
7276,42,310000,0,user_29,787,787,
7287,43,260000,0,user_38,787,787,
7292,44,220000,0,user_42,787,787,
7257,45,170000,369000,user_17,787,787,
7260,46,160000,0,user_19,787,787,
7285,47,150000,0,user_35,787,787,
7261,48,120000,0,user_20,787,787,
7262,49,120000,0,user_20,787,787,
7265,50,100000,21800,user_20,787,787,
7286,51,100000,0,user_37,787,787,
7275,52,82000,15700,user_28,787,787,
7264,53,80000,0,user_20,787,787,
7271,54,79000,0,user_25,787,787,
7258,55,70000,0,user_17,787,787,
7331,0,30000000,0,user_29,788,788,
7345,1,27000000,23500,user_48,788,788,
7335,2,5200000,0,user_33,788,788,
7313,3,2600000,0,user_16,788,788,
7326,4,2500000,42000,user_24,788,788,
7306,5,2400001,0,user_3,788,788,7305
7307,6,2400001,0,user_5,788,788,7305
7309,7,2400001,0,user_8,788,788,7305
7310,8,2400001,0,user_10,788,788,7305
7311,9,2400001,0,user_12,788,788,7305
7312,10,2400001,0,user_14,788,788,7305
7305,11,2400000,47700,user_2,788,788,
7330,12,2400000,0,user_28,788,788,
7308,13,2399999,0,user_6,788,788,7305
7342,14,2300000,0,user_44,788,788,
7339,15,2000000,0,user_37,788,788,
7303,16,1500000,0,user_2,788,788,
7324,17,1500000,0,user_23,788,788,
7332,18,1500000,0,user_31,788,788,
7333,19,1500000,19700,user_31,788,788,
7338,20,1500000,0,user_37,788,788,
7320,21,1300000,0,user_20,788,788,
7318,22,1100000,0,user_17,788,788,
7337,23,1000000,0,user_35,788,788,
7319,24,970000,0,user_19,788,788,
7317,25,910000,0,user_16,788,788,
7321,26,910000,0,user_20,788,788,
7322,27,910000,0,user_21,788,788,
7328,28,630000,0,user_26,788,788,
7340,29,420000,0,user_39,788,788,
7327,30,220000,0,user_26,788,788,
7301,31,170000,0,user_2,788,788,
7302,32,170000,0,user_2,788,788,
7304,33,170000,0,user_2,788,788,
7341,34,160000,0,user_41,788,788,
7316,35,110000,18600,user_16,788,788,
7323,36,110000,0,user_22,788,788,
7325,37,110000,0,user_24,788,788,
7314,38,98000,0,user_16,788,788,
7315,39,82000,410000,user_16,788,788,
7348,0,30000001,0,user_2,789,789,7347
7350,1,30000001,0,user_4,789,789,7347
7352,2,30000001,0,user_4,789,789,7347
7353,3,30000001,0,user_5,789,789,7347
7355,4,30000001,0,user_7,789,789,7347
7358,5,30000001,0,user_11,789,789,7347
7360,6,30000001,0,user_12,789,789,7347
7361,7,30000001,0,user_13,789,789,7347
7362,8,30000001,0,user_15,789,789,7347
7347,9,30000000,12300,user_1,789,789,
7377,10,30000000,0,user_24,789,789,
7349,11,29999999,0,user_4,789,789,7347
7351,12,29999999,0,user_4,789,789,7347
7354,13,29999999,0,user_6,789,789,7347
7356,14,29999999,0,user_8,789,789,7347
7357,15,29999999,0,user_9,789,789,7347
7359,16,29999999,0,user_11,789,789,7347
7368,17,19000000,0,user_20,789,789,
7391,18,6100000,0,user_34,789,789,
7372,19,5000000,296000,user_23,789,789,
7397,20,3600000,0,user_38,789,789,
7394,21,3500000,0,user_36,789,789,
7399,22,3500000,17700000,user_40,789,789,
7395,23,3200000,181000,user_36,789,789,
7373,24,2600000,0,user_23,789,789,
7378,25,2400000,0,user_24,789,789,
7406,26,2300000,0,user_49,789,789,
7371,27,1400000,49100,user_23,789,789,
7393,28,1200000,0,user_36,789,789,
7385,29,970000,0,user_28,789,789,
7364,30,910000,0,user_17,789,789,
7369,31,870000,0,user_21,789,789,
7390,32,870000,0,user_32,789,789,
7367,33,660000,0,user_19,789,789,
7403,34,660000,0,user_46,789,789,
7379,35,320000,8520,user_24,789,789,
7404,36,320000,0,user_46,789,789,
7392,37,310000,0,user_35,789,789,
7402,38,310000,0,user_45,789,789,
7363,39,220000,0,user_17,789,789,
7396,40,220000,0,user_37,789,789,
7374,41,170000,0,user_23,789,789,
7400,42,170000,0,user_43,789,789,
7376,43,160000,0,user_24,789,789,
7366,44,130000,0,user_17,789,789,
7375,45,87000,0,user_23,789,789,
7401,46,87000,71800,user_44,789,789,
7365,47,84000,215000,user_17,789,789,
7370,48,77000,0,user_22,789,789,
7469,0,6300000,0,user_47,790,790,
7443,1,5200000,0,user_28,790,790,
7453,2,5200000,0,user_32,790,790,
7433,3,5000000,0,user_18,790,790,
7434,4,5000000,0,user_19,790,790,
7441,5,5000000,0,user_26,790,790,
7440,6,3500000,66100,user_25,790,790,
7456,7,3500000,0,user_34,790,790,
7432,8,2500000,510000,user_17,790,790,
7444,9,2300000,49100,user_28,790,790,
7446,10,2100000,769000,user_29,790,790,
7467,11,2000000,0,user_44,790,790,
7439,12,1900000,0,user_23,790,790,
7462,13,1800000,0,user_37,790,790,
7448,14,1600000,0,user_29,790,790,
7414,15,1400001,0,user_3,790,790,7411
7415,16,1400001,0,user_4,790,790,7411
7416,17,1400001,0,user_4,790,790,7411
7417,18,1400001,0,user_5,790,790,7411
7420,19,1400001,0,user_6,790,790,7411
7421,20,1400001,0,user_7,790,790,7411
7424,21,1400001,0,user_10,790,790,7411
7425,22,1400001,0,user_11,790,790,7411
7428,23,1400001,0,user_14,790,790,7411
7430,24,1400001,0,user_15,790,790,7411
7411,25,1400000,32900,user_1,790,790,
7412,26,1399999,0,user_1,790,790,7411
7413,27,1399999,0,user_2,790,790,7411
7418,28,1399999,0,user_5,790,790,7411
7419,29,1399999,0,user_6,790,790,7411
7426,30,1399999,0,user_12,790,790,7411
7427,31,1399999,0,user_14,790,790,7411
7429,32,1399999,0,user_15,790,790,7411
7468,33,1100000,12800,user_46,790,790,
7463,34,1000000,0,user_38,790,790,
7450,35,420000,0,user_30,790,790,
7431,36,370000,0,user_16,790,790,
7438,37,370000,0,user_23,790,790,
7408,38,360000,0,user_0,790,790,
7454,39,310000,0,user_33,790,790,
7459,40,310000,0,user_36,790,790,
7461,41,310000,23500,user_37,790,790,
7460,42,300000,0,user_36,790,790,
7464,43,300000,0,user_42,790,790,
7435,44,220000,0,user_20,790,790,
7447,45,220000,0,user_29,790,790,
7465,46,220000,0,user_42,790,790,
7445,47,170000,0,user_29,790,790,
7452,48,160000,0,user_31,790,790,
7436,49,150000,0,user_21,790,790,
7437,50,150000,68100,user_21,790,790,
7458,51,150000,0,user_34,790,790,
7470,52,120000,0,user_49,790,790,
7455,53,110000,0,user_34,790,790,
7466,54,110000,0,user_44,790,790,
7407,55,98000,0,user_0,790,790,
7410,56,98000,0,user_0,790,790,
7449,57,85000,71800,user_29,790,790,
7451,58,80000,0,user_30,790,790,
7457,59,79000,0,user_34,790,790,
7409,60,77000,0,user_0,790,790,
7442,61,77000,256000,user_26,790,790,
7496,0,19000000,0,user_32,791,791,
7498,1,6100000,15300,user_35,791,791,
7492,2,5200000,0,user_27,791,791,
7485,3,5000000,0,user_17,791,791,
7488,4,2500000,0,user_21,791,791,
7489,5,2300000,0,user_22,791,791,
7493,6,2100000,0,user_28,791,791,
7504,7,1900000,4320000,user_44,791,791,
7486,8,1300000,0,user_18,791,791,
7499,9,1100000,0,user_36,791,791,
7503,10,870000,46500,user_43,791,791,
7490,11,630000,0,user_25,791,791,
7502,12,460000,0,user_40,791,791,
7487,13,350000,0,user_21,791,791,
7495,14,220000,0,user_31,791,791,
7497,15,190000,0,user_34,791,791,
7501,16,150000,42000,user_39,791,791,
7505,17,130000,0,user_45,791,791,
7473,18,120001,0,user_1,791,791,7471
7474,19,120001,0,user_2,791,791,7471
7475,20,120001,0,user_3,791,791,7471
7476,21,120001,0,user_6,791,791,7471
7479,22,120001,0,user_10,791,791,7471
7480,23,120001,0,user_11,791,791,7471
7481,24,120001,0,user_11,791,791,7471
7482,25,120001,0,user_14,791,791,7471
7483,26,120001,0,user_14,791,791,7471
7471,27,120000,17000,user_0,791,791,
7472,28,119999,0,user_1,791,791,7471
7478,29,119999,0,user_10,791,791,7471
7484,30,119999,0,user_15,791,791,7471
7506,31,110000,0,user_46,791,791,
7494,32,77000,0,user_30,791,791,
5590,0,4200001,0,user_5,792,792,5587
5591,1,4200001,0,user_6,792,792,5587
5596,2,4200001,0,user_12,792,792,5587
5597,3,4200001,0,user_13,792,792,5587
5598,4,4200001,0,user_13,792,792,5587
5599,5,4200001,0,user_14,792,792,5587
5587,6,4200000,322000,user_1,792,792,
5625,7,4200000,0,user_48,792,792,
5626,8,4200000,0,user_49,792,792,
5588,9,4199999,0,user_2,792,792,5587
5589,10,4199999,0,user_4,792,792,5587
5592,11,4199999,0,user_7,792,792,5587
5593,12,4199999,0,user_8,792,792,5587
5594,13,4199999,0,user_9,792,792,5587
5595,14,4199999,0,user_11,792,792,5587
5600,15,4199999,0,user_15,792,792,5587
5612,16,3200000,0,user_35,792,792,
5607,17,2500000,0,user_26,792,792,
5611,18,2000000,0,user_35,792,792,
5604,19,1600000,0,user_22,792,792,
5601,20,1500000,0,user_18,792,792,
5602,21,1200000,0,user_19,792,792,
5615,22,1200000,0,user_39,792,792,
5608,23,1100000,0,user_26,792,792,
5620,24,530000,0,user_43,792,792,
5603,25,340000,283000,user_22,792,792,
5614,26,220000,0,user_37,792,792,
5617,27,220000,0,user_41,792,792,
5613,28,170000,0,user_36,792,792,
5627,29,160000,0,user_49,792,792,
5619,30,150000,0,user_43,792,792,
5624,31,150000,0,user_47,792,792,
5622,32,120000,350000,user_43,792,792,
5610,33,110000,161000,user_33,792,792,
5621,34,110000,0,user_43,792,792,
5616,35,80000,0,user_40,792,792,
5629,0,5000000,0,user_1,793,793,
5656,1,5000000,0,user_26,793,793,
5661,2,5000000,410000,user_27,793,793,
5680,3,5000000,0,user_48,793,793,
5647,4,4500000,0,user_16,793,793,
5637,5,4200001,0,user_10,793,793,5635
5639,6,4200001,0,user_12,793,793,5635
5640,7,4200001,0,user_12,793,793,5635
5641,8,4200001,0,user_12,793,793,5635
5643,9,4200001,0,user_13,793,793,5635
5644,10,4200001,0,user_13,793,793,5635
5635,11,4200000,350000,user_10,793,793,
5636,12,4199999,0,user_10,793,793,5635
5638,13,4199999,0,user_12,793,793,5635
5642,14,4199999,0,user_12,793,793,5635
5645,15,4199999,0,user_14,793,793,5635
5676,16,3600000,0,user_43,793,793,
5653,17,3200000,0,user_23,793,793,
5663,18,2300000,73100,user_28,793,793,
5670,19,2300000,0,user_36,793,793,
5681,20,1900000,0,user_48,793,793,
5673,21,1500000,5640,user_40,793,793,
5679,22,1400000,0,user_48,793,793,
5684,23,970000,11200,user_49,793,793,
5660,24,910000,0,user_27,793,793,
5628,25,670000,0,user_0,793,793,
5665,26,660000,0,user_30,793,793,
5668,27,630000,0,user_34,793,793,
5658,28,530000,0,user_26,793,793,
5678,29,470000,0,user_47,793,793,
5683,30,350000,0,user_49,793,793,
5659,31,320000,0,user_26,793,793,
5648,32,310000,0,user_18,793,793,
5652,33,300000,0,user_23,793,793,
5682,34,260000,0,user_48,793,793,
5646,35,220000,0,user_16,793,793,
5672,36,170000,0,user_40,793,793,
5655,37,160000,0,user_26,793,793,
5657,38,160000,0,user_26,793,793,
5650,39,150000,0,user_21,793,793,
5671,40,150000,0,user_39,793,793,
5634,41,110000,0,user_9,793,793,
5666,42,110000,0,user_31,793,793,
5669,43,110000,0,user_35,793,793,
5667,44,100000,0,user_33,793,793,
5651,45,87000,0,user_22,793,793,
5664,46,84000,0,user_29,793,793,
5677,47,84000,0,user_46,793,793,
5662,48,82000,0,user_28,793,793,
5630,49,79000,0,user_2,793,793,
5633,50,79000,0,user_8,793,793,
5674,51,79000,0,user_40,793,793,
5632,52,70000,0,user_7,793,793,
5714,0,19000000,0,user_28,794,794,
5722,1,3600000,0,user_36,794,794,
5732,2,3600000,0,user_41,794,794,
5704,3,3200000,0,user_18,794,794,
5735,4,3200000,256000,user_47,794,794,
5703,5,1500000,0,user_17,794,794,
5717,6,1500000,0,user_32,794,794,
5715,7,1400000,0,user_31,794,794,
5724,8,1400000,0,user_37,794,794,
5730,9,1400000,0,user_39,794,794,
5720,10,1300000,0,user_36,794,794,
5723,11,1200000,0,user_36,794,794,
5706,12,1100000,146000,user_19,794,794,
5737,13,1100000,0,user_49,794,794,
5721,14,1000000,60700,user_36,794,794,
5725,15,1000000,0,user_38,794,794,
5707,16,650000,0,user_21,794,794,
5708,17,340000,0,user_21,794,794,
5727,18,340000,0,user_39,794,794,
5712,19,320000,33300,user_26,794,794,
5713,20,260000,0,user_26,794,794,
5726,21,220000,0,user_38,794,794,
5734,22,220000,769000,user_46,794,794,
5702,23,170000,0,user_16,794,794,
5687,24,160001,0,user_2,794,794,5685
5690,25,160001,0,user_4,794,794,5685
5691,26,160001,0,user_5,794,794,5685
5693,27,160001,0,user_7,794,794,5685
5694,28,160001,0,user_7,794,794,5685
5700,29,160001,0,user_12,794,794,5685
5685,30,160000,49100,user_0,794,794,
5686,31,159999,0,user_0,794,794,5685
5688,32,159999,0,user_2,794,794,5685
5689,33,159999,0,user_3,794,794,5685
5692,34,159999,0,user_6,794,794,5685
5697,35,159999,0,user_10,794,794,5685
5698,36,159999,0,user_10,794,794,5685
5699,37,159999,0,user_11,794,794,5685
5701,38,159999,0,user_14,794,794,5685
5709,39,150000,0,user_22,794,794,
5710,40,120000,0,user_23,794,794,
5705,41,110000,0,user_18,794,794,
5729,42,110000,0,user_39,794,794,
5733,43,110000,0,user_43,794,794,
5716,44,98000,381000,user_31,794,794,
5711,45,85000,0,user_24,794,794,
5736,46,84000,0,user_47,794,794,
5718,47,82000,0,user_33,794,794,
5731,48,73000,146000,user_39,794,794,
5728,49,70000,0,user_39,794,794,
5782,0,43000000,0,user_44,795,795,
5777,1,6300000,0,user_42,795,795,
5758,2,5200000,0,user_20,795,795,
5760,3,5000000,0,user_23,795,795,
5779,4,4200000,0,user_43,795,795,
5771,5,3200000,0,user_37,795,795,
5784,6,2600000,0,user_46,795,795,
5742,7,2400001,0,user_2,795,795,5739
5744,8,2400001,0,user_5,795,795,5739
5745,9,2400001,0,user_7,795,795,5739
5746,10,2400001,0,user_7,795,795,5739
5752,11,2400001,0,user_11,795,795,5739
5753,12,2400001,0,user_13,795,795,5739
5739,13,2400000,1100000,user_0,795,795,
5769,14,2400000,0,user_36,795,795,
5792,15,2400000,35100,user_49,795,795,
5740,16,2399999,0,user_1,795,795,5739
5741,17,2399999,0,user_1,795,795,5739
5743,18,2399999,0,user_3,795,795,5739
5747,19,2399999,0,user_7,795,795,5739
5748,20,2399999,0,user_7,795,795,5739
5750,21,2399999,0,user_10,795,795,5739
5751,22,2399999,0,user_11,795,795,5739
5754,23,2399999,0,user_14,795,795,5739
5755,24,2399999,0,user_15,795,795,5739
5765,25,2000000,0,user_33,795,795,
5770,26,2000000,0,user_37,795,795,
5764,27,1900000,12800,user_32,795,795,
5785,28,1700000,0,user_47,795,795,
5774,29,1500000,0,user_41,795,795,
5766,30,1100000,11200,user_33,795,795,
5738,31,1000000,0,user_0,795,795,
5763,32,1000000,0,user_30,795,795,
5778,33,670000,0,user_43,795,795,
5786,34,670000,0,user_47,795,795,
5787,35,660000,0,user_48,795,795,
5772,36,350000,0,user_38,795,795,
5776,37,310000,0,user_41,795,795,
5775,38,300000,0,user_41,795,795,
5761,39,220000,256000,user_26,795,795,
5762,40,220000,594000,user_29,795,795,
5781,41,220000,5640,user_44,795,795,
5767,42,190000,0,user_34,795,795,
5783,43,170000,0,user_45,795,795,
5780,44,160000,0,user_43,795,795,
5759,45,150000,0,user_21,795,795,
5768,46,150000,11200,user_36,795,795,
5756,47,120000,0,user_16,795,795,
5757,48,120000,0,user_17,795,795,
5790,49,120000,0,user_48,795,795,
5789,50,83000,0,user_48,795,795,
5788,51,80000,0,user_48,795,795,
5791,52,77000,0,user_48,795,795,
5838,0,30000000,0,user_45,796,796,
5822,1,19000000,0,user_24,796,796,
5823,2,19000000,0,user_25,796,796,
5836,3,5200000,121000,user_43,796,796,
5827,4,2000000,0,user_30,796,796,
5828,5,1500000,0,user_30,796,796,
5818,6,1400000,0,user_20,796,796,
5809,7,1100000,0,user_17,796,796,
5837,8,910000,0,user_43,796,796,
5821,9,870000,0,user_22,796,796,
5820,10,600000,0,user_22,796,796,
5826,11,460000,121000,user_27,796,796,
5817,12,340000,0,user_20,796,796,
5815,13,320000,769000,user_20,796,796,
5819,14,310000,0,user_21,796,796,
5835,15,260000,0,user_41,796,796,
5812,16,240000,0,user_19,796,796,
5829,17,240000,0,user_30,796,796,
5806,18,220001,0,user_15,796,796,5793
5793,19,220000,155000,user_0,796,796,
5810,20,220000,0,user_18,796,796,
5794,21,219999,0,user_3,796,796,5793
5795,22,219999,0,user_4,796,796,5793
5796,23,219999,0,user_6,796,796,5793
5797,24,219999,0,user_7,796,796,5793
5801,25,219999,0,user_10,796,796,5793
5802,26,219999,0,user_11,796,796,5793
5803,27,219999,0,user_12,796,796,5793
5804,28,219999,0,user_13,796,796,5793
5805,29,219999,0,user_15,796,796,5793
5807,30,190000,0,user_16,796,796,
5813,31,170000,0,user_19,796,796,
5839,32,170000,0,user_47,796,796,
5832,33,150000,0,user_37,796,796,
5811,34,120000,21800,user_19,796,796,
5825,35,120000,0,user_27,796,796,
5840,36,120000,0,user_49,796,796,
5816,37,110000,0,user_20,796,796,
5833,38,110000,0,user_38,796,796,
5831,39,100000,0,user_36,796,796,
5808,40,85000,0,user_16,796,796,
5824,41,83000,0,user_26,796,796,
5814,42,77000,0,user_20,796,796,
5830,43,73000,0,user_31,796,796,
5877,0,5200000,0,user_22,797,797,
5878,1,4200000,0,user_22,797,797,
5881,2,3500000,0,user_28,797,797,
5841,3,2500000,0,user_0,797,797,
5843,4,2400000,0,user_3,797,797,
5876,5,2100000,0,user_21,797,797,
5880,6,2000000,0,user_27,797,797,
5884,7,2000000,0,user_31,797,797,
5893,8,1700000,0,user_41,797,797,
5900,9,1400000,0,user_48,797,797,
5888,10,1000000,16400,user_38,797,797,
5842,11,670000,0,user_1,797,797,
5896,12,660000,0,user_43,797,797,
5883,13,600000,0,user_29,797,797,
5895,14,600000,0,user_42,797,797,
5882,15,470000,0,user_28,797,797,
5846,16,460001,0,user_5,797,797,5844
5850,17,460001,0,user_6,797,797,5844
5851,18,460001,0,user_7,797,797,5844
5852,19,460001,0,user_7,797,797,5844
5855,20,460001,0,user_10,797,797,5844
5856,21,460001,0,user_11,797,797,5844
5857,22,460001,0,user_11,797,797,5844
5859,23,460001,0,user_11,797,797,5844
5860,24,460001,0,user_11,797,797,5844
5866,25,460001,0,user_13,797,797,5844
5867,26,460001,0,user_13,797,797,5844
5870,27,460001,0,user_13,797,797,5844
5844,28,460000,24700,user_4,797,797,
5845,29,459999,0,user_5,797,797,5844
5847,30,459999,0,user_5,797,797,5844
5848,31,459999,0,user_5,797,797,5844
5849,32,459999,0,user_6,797,797,5844
5858,33,459999,0,user_11,797,797,5844
5861,34,459999,0,user_12,797,797,5844
5862,35,459999,0,user_12,797,797,5844
5863,36,459999,0,user_12,797,797,5844
5864,37,459999,0,user_12,797,797,5844
5865,38,459999,0,user_12,797,797,5844
5868,39,459999,0,user_13,797,797,5844
5869,40,459999,0,user_13,797,797,5844
5871,41,459999,0,user_14,797,797,5844
5872,42,459999,0,user_14,797,797,5844
5873,43,459999,0,user_15,797,797,5844
5894,44,320000,0,user_42,797,797,
5898,45,260000,0,user_47,797,797,
5897,46,240000,0,user_44,797,797,
5885,47,220000,121000,user_34,797,797,
5875,48,160000,0,user_20,797,797,
5879,49,150000,0,user_26,797,797,
5874,50,120000,18600,user_17,797,797,
5899,51,110000,0,user_47,797,797,
5887,52,100000,0,user_37,797,797,
5901,53,84000,0,user_49,797,797,
5905,0,19000000,0,user_4,798,798,
5933,1,6300000,0,user_27,798,798,
5949,2,5000000,0,user_36,798,798,
5950,3,4500000,0,user_38,798,798,
5962,4,4500000,0,user_48,798,798,
5927,5,2300000,0,user_20,798,798,
5946,6,2300000,0,user_34,798,798,
5932,7,2100000,0,user_27,798,798,
5952,8,2000000,0,user_41,798,798,
5902,9,1900000,0,user_0,798,798,
5907,10,1500001,0,user_7,798,798,5906
5908,11,1500001,0,user_8,798,798,5906
5909,12,1500001,0,user_8,798,798,5906
5914,13,1500001,0,user_13,798,798,5906
5918,14,1500001,0,user_14,798,798,5906
5919,15,1500001,0,user_14,798,798,5906
5906,16,1500000,769000,user_6,798,798,
5925,17,1500000,0,user_18,798,798,
5910,18,1499999,0,user_8,798,798,5906
5911,19,1499999,0,user_8,798,798,5906
5912,20,1499999,0,user_9,798,798,5906
5915,21,1499999,0,user_14,798,798,5906
5916,22,1499999,0,user_14,798,798,5906
5917,23,1499999,0,user_14,798,798,5906
5929,24,1400000,128000,user_24,798,798,
5930,25,1100000,0,user_25,798,798,
5903,26,970000,0,user_1,798,798,
5947,27,910000,0,user_36,798,798,
5956,28,910000,0,user_44,798,798,
5920,29,670000,0,user_17,798,798,
5944,30,660000,0,user_33,798,798,
5943,31,530000,0,user_32,798,798,
5948,32,460000,0,user_36,798,798,
5954,33,360000,0,user_43,798,798,
5936,34,320000,283000,user_27,798,798,
5938,35,320000,0,user_29,798,798,
5955,36,320000,0,user_43,798,798,
5924,37,310000,0,user_18,798,798,
5931,38,300000,0,user_26,798,798,
5923,39,260000,0,user_18,798,798,
5959,40,220000,64600,user_48,798,798,
5960,41,170000,66100,user_48,798,798,
5921,42,160000,0,user_18,798,798,
5937,43,160000,0,user_28,798,798,
5939,44,160000,0,user_29,798,798,
5953,45,160000,0,user_43,798,798,
5904,46,150000,0,user_4,798,798,
5934,47,150000,0,user_27,798,798,
5935,48,110000,64600,user_27,798,798,
5958,49,98000,0,user_48,798,798,
5961,50,83000,5630,user_48,798,798,
5922,51,80000,5180,user_18,798,798,
5945,52,73000,32900,user_34,798,798,
5963,0,6300000,0,user_0,799,799,
5993,1,5200000,0,user_35,799,799,
5965,2,4500000,0,user_2,799,799,
6000,3,4500000,0,user_39,799,799,
5980,4,4200000,0,user_17,799,799,
5986,5,3500000,0,user_24,799,799,
6007,6,3200000,0,user_46,799,799,
5964,7,2600000,0,user_1,799,799,
5998,8,2400000,0,user_38,799,799,
6003,9,2000000,0,user_40,799,799,
6006,10,1500000,0,user_46,799,799,
6004,11,1400000,0,user_42,799,799,
6014,12,1400000,0,user_49,799,799,
6005,13,1300000,100000,user_45,799,799,
5990,14,1100000,0,user_30,799,799,
5979,15,1000000,68100,user_17,799,799,
5999,16,970000,0,user_39,799,799,
5988,17,870000,0,user_27,799,799,
5989,18,870000,0,user_30,799,799,
6012,19,870000,0,user_48,799,799,
5983,20,670000,0,user_21,799,799,
5992,21,600000,0,user_33,799,799,
6013,22,530000,0,user_48,799,799,
5995,23,350000,15300,user_36,799,799,
5981,24,310000,0,user_18,799,799,
6008,25,260000,0,user_47,799,799,
6015,26,260000,0,user_49,799,799,
5978,27,220000,0,user_16,799,799,
5985,28,170000,0,user_22,799,799,
6002,29,170000,0,user_39,799,799,
5996,30,160000,0,user_37,799,799,
5997,31,120000,0,user_37,799,799,
6001,32,120000,0,user_39,799,799,
6009,33,110000,0,user_47,799,799,
6010,34,110000,0,user_48,799,799,
6011,35,110000,0,user_48,799,799,
5968,36,87001,0,user_7,799,799,5967
5970,37,87001,0,user_8,799,799,5967
5971,38,87001,0,user_9,799,799,5967
5973,39,87001,0,user_10,799,799,5967
5974,40,87001,0,user_10,799,799,5967
5987,41,87000,0,user_26,799,799,
5969,42,86999,0,user_8,799,799,5967
5972,43,86999,0,user_9,799,799,5967
5976,44,86999,0,user_12,799,799,5967
5977,45,86999,0,user_13,799,799,5967
5994,46,85000,0,user_35,799,799,
5966,47,83000,0,user_2,799,799,
5984,48,83000,0,user_21,799,799,
5991,49,82000,0,user_32,799,799,
6056,0,6300000,0,user_33,800,800,
6052,1,5000000,100000,user_30,800,800,
6063,2,5000000,0,user_37,800,800,
6064,3,5000000,0,user_38,800,800,
6069,4,4500000,0,user_41,800,800,
6044,5,4200000,0,user_23,800,800,
6065,6,4200000,0,user_38,800,800,
6040,7,3200000,0,user_23,800,800,
6045,8,2500000,779000,user_25,800,800,
6071,9,2500000,0,user_42,800,800,
6078,10,2300000,0,user_47,800,800,
6021,11,2100000,0,user_6,800,800,
6061,12,2000000,0,user_36,800,800,
6035,13,1900000,0,user_18,800,800,
6038,14,1900000,0,user_20,800,800,
6024,15,1500001,0,user_6,800,800,6023
6028,16,1500001,0,user_12,800,800,6023
6029,17,1500001,0,user_13,800,800,6023
6030,18,1500001,0,user_13,800,800,6023
6032,19,1500001,0,user_13,800,800,6023
6023,20,1500000,510000,user_6,800,800,
6027,21,1499999,0,user_12,800,800,6023
6031,22,1499999,0,user_13,800,800,6023
6033,23,1499999,0,user_13,800,800,6023
6073,24,1400000,16400,user_44,800,800,
6077,25,1100000,0,user_47,800,800,
6054,26,970000,0,user_32,800,800,
6047,27,870000,0,user_25,800,800,
6017,28,670000,0,user_1,800,800,
6049,29,660000,0,user_25,800,800,
6062,30,630000,0,user_36,800,800,
6076,31,600000,0,user_46,800,800,
6075,32,470000,64600,user_44,800,800,
6079,33,470000,0,user_48,800,800,
6018,34,460000,0,user_2,800,800,
6020,35,460000,0,user_6,800,800,
6046,36,420000,42000,user_25,800,800,
6034,37,360000,0,user_16,800,800,
6037,38,350000,0,user_19,800,800,
6019,39,300000,0,user_5,800,800,
6022,40,220000,0,user_6,800,800,
6050,41,220000,0,user_27,800,800,
6051,42,220000,0,user_28,800,800,
6055,43,220000,0,user_32,800,800,
6036,44,190000,0,user_19,800,800,
6053,45,170000,0,user_30,800,800,
6059,46,170000,0,user_36,800,800,
6068,47,170000,0,user_41,800,800,
6041,48,160000,0,user_23,800,800,
6016,49,130000,0,user_0,800,800,
6042,50,120000,0,user_23,800,800,
6043,51,120000,0,user_23,800,800,
6058,52,120000,0,user_36,800,800,
6060,53,120000,0,user_36,800,800,
6070,54,120000,0,user_42,800,800,
6039,55,110000,0,user_22,800,800,
6048,56,110000,594000,user_25,800,800,
6074,57,110000,959000,user_44,800,800,
6072,58,85000,0,user_43,800,800,
6080,59,80000,0,user_49,800,800,
6057,60,77000,0,user_34,800,800,
6067,61,70000,0,user_41,800,800,
6099,0,27000000,0,user_18,801,801,
6098,1,6100000,0,user_17,801,801,
6109,2,5000000,0,user_26,801,801,
6113,3,5000000,146000,user_34,801,801,
6124,4,5000000,164000,user_44,801,801,
6081,5,4500000,0,user_0,801,801,
6111,6,3500000,0,user_30,801,801,
6133,7,2500000,0,user_49,801,801,
6105,8,2000000,0,user_22,801,801,
6119,9,2000000,0,user_38,801,801,
6101,10,1900000,0,user_18,801,801,
6122,11,1700000,0,user_41,801,801,
6127,12,1700000,0,user_45,801,801,
6103,13,1500000,0,user_19,801,801,
6135,14,1200000,0,user_49,801,801,
6123,15,1000000,5640,user_43,801,801,
6128,16,1000000,18600,user_45,801,801,
6120,17,910000,139000,user_39,801,801,
6083,18,670000,0,user_2,801,801,
6117,19,650000,0,user_37,801,801,
6116,20,630000,0,user_37,801,801,
6097,21,460000,0,user_16,801,801,
6108,22,460000,0,user_24,801,801,
6129,23,420000,0,user_45,801,801,
6112,24,350000,0,user_33,801,801,
6131,25,350000,0,user_48,801,801,
6130,26,320000,0,user_47,801,801,
6096,27,310000,0,user_16,801,801,
6110,28,260000,0,user_27,801,801,
6125,29,260000,0,user_45,801,801,
6102,30,220000,0,user_18,801,801,
6132,31,190000,0,user_49,801,801,
6088,32,170001,0,user_3,801,801,6085
6090,33,170001,0,user_5,801,801,6085
6094,34,170001,0,user_11,801,801,6085
6095,35,170001,0,user_12,801,801,6085
6085,36,170000,195000,user_3,801,801,
6134,37,170000,285000,user_49,801,801,
6086,38,169999,0,user_3,801,801,6085
6087,39,169999,0,user_3,801,801,6085
6089,40,169999,0,user_5,801,801,6085
6100,41,150000,0,user_18,801,801,
6115,42,150000,769000,user_36,801,801,
6118,43,150000,0,user_37,801,801,
6084,44,120000,0,user_3,801,801,
6082,45,110000,0,user_1,801,801,
6107,46,87000,0,user_22,801,801,
6106,47,84000,0,user_22,801,801,
6126,48,83000,0,user_45,801,801,
6104,49,73000,0,user_22,801,801,
6158,0,30000000,0,user_19,802,802,
6157,1,5000000,0,user_18,802,802,
6160,2,5000000,0,user_21,802,802,
6169,3,5000000,0,user_25,802,802,
6171,4,5000000,67500,user_26,802,802,
6155,5,3600000,0,user_16,802,802,
6182,6,3600000,0,user_38,802,802,
6162,7,3200000,256000,user_21,802,802,
6166,8,3200000,0,user_22,802,802,
6165,9,2400000,0,user_22,802,802,
6177,10,2000000,195000,user_32,802,802,
6179,11,2000000,0,user_33,802,802,
6176,12,1700000,0,user_32,802,802,
6174,13,1600000,0,user_30,802,802,
6137,14,1500000,0,user_3,802,802,
6178,15,1300000,30200,user_33,802,802,
6181,16,1300000,0,user_35,802,802,
6136,17,1000000,0,user_0,802,802,
6184,18,1000000,0,user_41,802,802,
6173,19,970000,0,user_29,802,802,
6188,20,970000,0,user_47,802,802,
6161,21,630000,0,user_21,802,802,
6185,22,630000,0,user_41,802,802,
6164,23,600000,0,user_21,802,802,
6143,24,360001,0,user_9,802,802,6138
6144,25,360001,0,user_9,802,802,6138
6145,26,360001,0,user_9,802,802,6138
6146,27,360001,0,user_9,802,802,6138
6149,28,360001,0,user_12,802,802,6138
6151,29,360001,0,user_15,802,802,6138
6138,30,360000,4320000,user_4,802,802,
6139,31,359999,0,user_4,802,802,6138
6140,32,359999,0,user_5,802,802,6138
6147,33,359999,0,user_10,802,802,6138
6148,34,359999,0,user_10,802,802,6138
6150,35,359999,0,user_12,802,802,6138
6153,36,350000,0,user_16,802,802,
6152,37,300000,0,user_16,802,802,
6175,38,160000,0,user_30,802,802,
6154,39,150000,42000,user_16,802,802,
6163,40,120000,0,user_21,802,802,
6189,41,120000,0,user_48,802,802,
6172,42,98000,0,user_29,802,802,
6156,43,87000,0,user_17,802,802,
6183,44,83000,0,user_38,802,802,
6186,45,82000,49100,user_44,802,802,
6167,46,80000,19700,user_23,802,802,
6170,47,77000,0,user_26,802,802,
6180,48,73000,0,user_34,802,802,
6215,0,27000000,0,user_23,803,803,
6209,1,5000000,0,user_21,803,803,
6214,2,5000000,0,user_23,803,803,
6244,3,5000000,0,user_47,803,803,
6221,4,4200000,0,user_28,803,803,
6204,5,3200000,0,user_15,803,803,
6243,6,2500000,0,user_47,803,803,
6197,7,2300000,0,user_7,803,803,
6206,8,2000000,12300,user_18,803,803,
6208,9,1600000,0,user_20,803,803,
6234,10,1600000,0,user_39,803,803,
6237,11,1600000,0,user_43,803,803,
6193,12,1500000,0,user_1,803,803,
6202,13,1400000,0,user_13,803,803,
6231,14,1400000,0,user_36,803,803,
6210,15,1300000,0,user_22,803,803,
6203,16,1200000,0,user_14,803,803,
6212,17,1100000,0,user_23,803,803,
6226,18,1100000,215000,user_33,803,803,
6217,19,1000000,0,user_24,803,803,
6200,20,970000,0,user_12,803,803,
6241,21,630000,0,user_47,803,803,
6222,22,600000,350000,user_29,803,803,
6191,23,420000,0,user_0,803,803,
6207,24,420000,0,user_19,803,803,
6220,25,420000,256000,user_27,803,803,
6224,26,420000,0,user_31,803,803,
6228,27,420000,0,user_34,803,803,
6229,28,370000,0,user_34,803,803,
6232,29,370000,0,user_37,803,803,
6236,30,370000,0,user_42,803,803,
6213,31,350000,6390,user_23,803,803,
6194,32,320000,0,user_5,803,803,
6205,33,310000,0,user_17,803,803,
6227,34,310000,0,user_33,803,803,
6238,35,260000,0,user_45,803,803,
6223,36,240000,0,user_30,803,803,
6196,37,220000,0,user_6,803,803,
6201,38,220000,0,user_12,803,803,
6219,39,220000,0,user_26,803,803,
6192,40,160000,0,user_0,803,803,
6233,41,160000,0,user_38,803,803,
6195,42,150000,0,user_6,803,803,
6216,43,110000,0,user_24,803,803,
6239,44,110000,0,user_46,803,803,
6242,45,98000,0,user_47,803,803,
6218,46,87000,0,user_25,803,803,
6225,47,84000,0,user_31,803,803,
6245,48,84000,34700,user_49,803,803,
6211,49,80000,0,user_23,803,803,
6240,50,79000,0,user_46,803,803,
6235,51,73000,0,user_41,803,803,
6277,0,43000000,0,user_33,804,804,
6272,1,5000000,0,user_26,804,804,
6274,2,3600000,0,user_29,804,804,
6248,3,2600000,0,user_1,804,804,
6275,4,2500000,0,user_30,804,804,
6276,5,2400000,0,user_32,804,804,
6289,6,2400000,49100,user_46,804,804,
6255,7,2300001,0,user_7,804,804,6254
6256,8,2300001,0,user_8,804,804,6254
6257,9,2300001,0,user_9,804,804,6254
6258,10,2300001,0,user_12,804,804,6254
6254,11,2300000,146000,user_7,804,804,
6283,12,2300000,0,user_39,804,804,
6259,13,2299999,0,user_14,804,804,6254
6260,14,2299999,0,user_15,804,804,6254
6261,15,2299999,0,user_15,804,804,6254
6246,16,1800000,0,user_0,804,804,
6270,17,1700000,0,user_24,804,804,
6263,18,1400000,1100000,user_17,804,804,
6264,19,1400000,18600,user_18,804,804,
6262,20,1100000,0,user_16,804,804,
6247,21,1000000,0,user_0,804,804,
6279,22,1000000,285000,user_35,804,804,
6269,23,870000,0,user_24,804,804,
6267,24,670000,0,user_22,804,804,
6284,25,600000,17000,user_39,804,804,
6290,26,530000,0,user_46,804,804,
6281,27,460000,0,user_36,804,804,
6288,28,460000,67900,user_45,804,804,
6253,29,340000,0,user_7,804,804,
6286,30,220000,0,user_40,804,804,
6278,31,160000,10700,user_34,804,804,
6285,32,160000,0,user_39,804,804,
6266,33,150000,0,user_21,804,804,
6287,34,150000,0,user_44,804,804,
6250,35,130000,0,user_3,804,804,
6249,36,110000,0,user_2,804,804,
6273,37,110000,0,user_28,804,804,
6280,38,110000,0,user_36,804,804,
6282,39,87000,0,user_37,804,804,
6268,40,84000,0,user_23,804,804,
6291,41,79000,0,user_49,804,804,
6271,42,70000,0,user_26,804,804,
6318,0,6100000,0,user_26,805,805,
6329,1,5000000,35100,user_34,805,805,
6312,2,4200000,0,user_21,805,805,
6319,3,4200000,0,user_28,805,805,
6309,4,3500000,0,user_18,805,805,
6311,5,2500000,0,user_20,805,805,
6315,6,2500000,0,user_24,805,805,
6316,7,2400000,0,user_25,805,805,
6323,8,2400000,0,user_29,805,805,
6336,9,2400000,30200,user_46,805,805,
6330,10,2300000,0,user_37,805,805,
6324,11,2000000,0,user_29,805,805,
6307,12,1600000,0,user_16,805,805,
6314,13,1600000,0,user_24,805,805,
6317,14,1400000,0,user_25,805,805,
6338,15,1400000,0,user_47,805,805,
6332,16,1300000,0,user_42,805,805,
6333,17,1200000,0,user_43,805,805,
6294,18,1100000,0,user_4,805,805,
6337,19,910000,0,user_47,805,805,
6339,20,910000,0,user_48,805,805,
6320,21,870000,0,user_28,805,805,
6295,22,670000,0,user_4,805,805,
6292,23,650000,0,user_2,805,805,
6310,24,460000,15300,user_19,805,805,
6328,25,460000,0,user_33,805,805,
6327,26,420000,100000,user_32,805,805,
6326,27,370000,0,user_32,805,805,
6299,28,350001,0,user_7,805,805,6298
6306,29,350001,0,user_15,805,805,6298
6298,30,350000,13800,user_7,805,805,
6300,31,349999,0,user_8,805,805,6298
6302,32,349999,0,user_10,805,805,6298
6304,33,349999,0,user_12,805,805,6298
6305,34,349999,0,user_13,805,805,6298
6297,35,240000,0,user_6,805,805,
6340,36,220000,0,user_48,805,805,
6296,37,170000,0,user_5,805,805,
6334,38,170000,0,user_44,805,805,
6325,39,160000,17700000,user_31,805,805,
6293,40,150000,0,user_3,805,805,
6313,41,130000,0,user_23,805,805,
6321,42,130000,121000,user_29,805,805,
6308,43,120000,0,user_17,805,805,
6322,44,100000,0,user_29,805,805,
6335,45,82000,0,user_46,805,805,
6341,46,79000,0,user_49,805,805,
6392,0,43000000,0,user_43,806,806,
6343,1,19000001,0,user_3,806,806,6342
6345,2,19000001,0,user_3,806,806,6342
6346,3,19000001,0,user_5,806,806,6342
6349,4,19000001,0,user_6,806,806,6342
6351,5,19000001,0,user_8,806,806,6342
6353,6,19000001,0,user_11,806,806,6342
6344,7,18999999,0,user_3,806,806,6342
6347,8,18999999,0,user_5,806,806,6342
6348,9,18999999,0,user_6,806,806,6342
6350,10,18999999,0,user_7,806,806,6342
6352,11,18999999,0,user_9,806,806,6342
6354,12,18999999,0,user_11,806,806,6342
6355,13,18999999,0,user_12,806,806,6342
6356,14,18999999,0,user_14,806,806,6342
6357,15,18999999,0,user_15,806,806,6342
6367,16,3200000,0,user_20,806,806,
6390,17,3200000,67500,user_41,806,806,
6388,18,2400000,0,user_39,806,806,
6364,19,2100000,7190000,user_18,806,806,
6370,20,2000000,71800,user_22,806,806,
6369,21,1900000,0,user_22,806,806,
6396,22,1800000,0,user_48,806,806,
6380,23,1500000,0,user_31,806,806,
6361,24,1100000,594000,user_17,806,806,
6387,25,1000000,0,user_39,806,806,
6372,26,870000,0,user_24,806,806,
6373,27,670000,769000,user_25,806,806,
6365,28,650000,0,user_19,806,806,
6386,29,630000,0,user_38,806,806,
6397,30,470000,23500,user_49,806,806,
6381,31,460000,0,user_31,806,806,
6393,32,420000,0,user_44,806,806,
6377,33,370000,0,user_28,806,806,
6374,34,360000,0,user_25,806,806,
6378,35,350000,0,user_29,806,806,
6371,36,340000,0,user_23,806,806,
6383,37,320000,0,user_33,806,806,
6358,38,260000,0,user_16,806,806,
6391,39,220000,0,user_42,806,806,
6363,40,160000,0,user_17,806,806,
6366,41,160000,84800,user_20,806,806,
6389,42,120000,0,user_40,806,806,
6360,43,110000,3130,user_17,806,806,
6362,44,110000,0,user_17,806,806,
6368,45,110000,21800,user_21,806,806,
6384,46,110000,0,user_33,806,806,
6359,47,85000,8520,user_17,806,806,
6375,48,80000,0,user_25,806,806,
6379,49,80000,0,user_29,806,806,
6424,0,43000000,30200,user_32,807,807,
6415,1,4500000,0,user_19,807,807,
6421,2,4200000,0,user_27,807,807,
6423,3,3600000,0,user_30,807,807,
6422,4,3500000,0,user_30,807,807,
6413,5,2600000,17000,user_18,807,807,
6430,6,2000000,64600,user_42,807,807,
6437,7,2000000,0,user_49,807,807,
6432,8,1500000,0,user_45,807,807,
6417,9,1400000,0,user_20,807,807,
6414,10,1000000,0,user_18,807,807,
6435,11,870000,0,user_48,807,807,
6433,12,470000,0,user_46,807,807,
6412,13,320000,0,user_16,807,807,
6418,14,320000,0,user_21,807,807,
6425,15,260000,0,user_33,807,807,
6420,16,170000,11200,user_26,807,807,
6431,17,170000,73100,user_44,807,807,
6419,18,120000,0,user_25,807,807,
6434,19,120000,0,user_47,807,807,
6416,20,110000,0,user_19,807,807,
6429,21,110000,0,user_41,807,807,
6436,22,110000,0,user_49,807,807,
6402,23,84001,0,user_8,807,807,6399
6404,24,84001,0,user_12,807,807,6399
6405,25,84001,0,user_12,807,807,6399
6407,26,84001,0,user_13,807,807,6399
6408,27,84001,0,user_14,807,807,6399
6411,28,84001,0,user_14,807,807,6399
6399,29,84000,155000,user_3,807,807,
6400,30,83999,0,user_7,807,807,6399
6401,31,83999,0,user_7,807,807,6399
6403,32,83999,0,user_10,807,807,6399
6406,33,83999,0,user_13,807,807,6399
6409,34,83999,0,user_14,807,807,6399
6410,35,83999,0,user_14,807,807,6399
6398,36,79000,0,user_1,807,807,
6458,0,43000000,0,user_30,808,808,
6449,1,5200000,0,user_18,808,808,
6456,2,2400000,0,user_26,808,808,
6454,3,2100000,0,user_21,808,808,
6455,4,2000000,0,user_22,808,808,
6439,5,1600001,0,user_1,808,808,6438
6440,6,1600001,0,user_3,808,808,6438
6443,7,1600001,0,user_7,808,808,6438
6444,8,1600001,0,user_8,808,808,6438
6446,9,1600001,0,user_10,808,808,6438
6447,10,1600001,0,user_14,808,808,6438
6438,11,1600000,769000,user_0,808,808,
6451,12,1600000,0,user_18,808,808,
6457,13,1600000,0,user_27,808,808,
6441,14,1599999,0,user_5,808,808,6438
6442,15,1599999,0,user_6,808,808,6438
6466,16,1100000,0,user_41,808,808,
6450,17,220000,0,user_18,808,808,
6460,18,160000,0,user_33,808,808,
6459,19,150000,0,user_32,808,808,
6467,20,150000,7190000,user_48,808,808,
6453,21,130000,0,user_20,808,808,
6452,22,120000,0,user_18,808,808,
6461,23,120000,21800,user_34,808,808,
6448,24,82000,0,user_16,808,808,
6464,25,70000,0,user_38,808,808,
6513,0,43000000,5640,user_36,809,809,
6496,1,30000000,0,user_28,809,809,
6510,2,27000000,0,user_34,809,809,
6532,3,19000000,0,user_49,809,809,
6521,4,6300000,0,user_43,809,809,
6517,5,5000000,0,user_38,809,809,
6507,6,4500000,0,user_34,809,809,
6518,7,4200000,0,user_39,809,809,
6528,8,3600000,0,user_47,809,809,
6529,9,3600000,0,user_47,809,809,
6514,10,3500000,0,user_37,809,809,
6522,11,3500000,0,user_43,809,809,
6498,12,2500000,0,user_30,809,809,
6488,13,2400000,0,user_21,809,809,
6495,14,2400000,0,user_25,809,809,
6492,15,2000000,73100,user_23,809,809,
6486,16,1800000,0,user_19,809,809,
6499,17,1600000,47700,user_31,809,809,
6516,18,1600000,0,user_38,809,809,
6525,19,1600000,0,user_44,809,809,
6505,20,1500000,0,user_33,809,809,
6489,21,1400000,0,user_22,809,809,
6503,22,1200000,0,user_32,809,809,
6469,23,1000000,0,user_0,809,809,
6483,24,1000000,0,user_17,809,809,
6515,25,1000000,0,user_37,809,809,
6502,26,910000,0,user_32,809,809,
6519,27,600000,0,user_41,809,809,
6490,28,460000,0,user_22,809,809,
6491,29,460000,0,user_23,809,809,
6530,30,350000,0,user_48,809,809,
6487,31,310000,0,user_20,809,809,
6494,32,310000,0,user_24,809,809,
6531,33,310000,0,user_49,809,809,
6506,34,240000,24700,user_34,809,809,
6504,35,220000,0,user_33,809,809,
6508,36,170000,0,user_34,809,809,
6523,37,170000,0,user_43,809,809,
6526,38,170000,0,user_44,809,809,
6484,39,160000,0,user_18,809,809,
6501,40,160000,155000,user_32,809,809,
6473,41,150001,0,user_6,809,809,6470
6474,42,150001,0,user_7,809,809,6470
6477,43,150001,0,user_10,809,809,6470
6480,44,150001,0,user_12,809,809,6470
6481,45,150001,0,user_14,809,809,6470
6470,46,150000,5180,user_1,809,809,
6482,47,150000,0,user_16,809,809,
6485,48,150000,0,user_18,809,809,
6471,49,149999,0,user_2,809,809,6470
6472,50,149999,0,user_3,809,809,6470
6478,51,149999,0,user_11,809,809,6470
6479,52,149999,0,user_12,809,809,6470
6500,53,130000,0,user_32,809,809,
6527,54,120000,0,user_47,809,809,
6493,55,110000,350000,user_24,809,809,
6497,56,110000,0,user_29,809,809,
6509,57,84000,594000,user_34,809,809,
6520,58,83000,0,user_42,809,809,
6524,59,79000,0,user_43,809,809,
6468,60,73000,0,user_0,809,809,
6562,0,43000000,128000,user_19,810,810,
6567,1,30000000,121000,user_23,810,810,
6561,2,5000000,0,user_18,810,810,
6569,3,5000000,0,user_24,810,810,
6576,4,5000000,0,user_33,810,810,
6574,5,3500000,181000,user_29,810,810,
6581,6,3500000,195000,user_36,810,810,
6587,7,3500000,0,user_41,810,810,
6589,8,3500000,0,user_42,810,810,
6580,9,2400000,0,user_35,810,810,
6560,10,2000000,0,user_17,810,810,
6595,11,1500000,0,user_49,810,810,
6592,12,1400000,10700,user_46,810,810,
6566,13,1100000,0,user_22,810,810,
6584,14,1000000,0,user_38,810,810,
6577,15,660000,0,user_33,810,810,
6578,16,650000,0,user_33,810,810,
6593,17,650000,0,user_47,810,810,
6564,18,600000,0,user_19,810,810,
6558,19,470000,10700,user_16,810,810,
6565,20,470000,350000,user_20,810,810,
6568,21,460000,0,user_24,810,810,
6588,22,360000,0,user_41,810,810,
6537,23,350001,0,user_5,810,810,6533
6541,24,350001,0,user_9,810,810,6533
6542,25,350001,0,user_9,810,810,6533
6543,26,350001,0,user_11,810,810,6533
6544,27,350001,0,user_11,810,810,6533
6545,28,350001,0,user_11,810,810,6533
6547,29,350001,0,user_11,810,810,6533
6551,30,350001,0,user_13,810,810,6533
6552,31,350001,0,user_13,810,810,6533
6555,32,350001,0,user_15,810,810,6533
6534,33,349999,0,user_1,810,810,6533
6535,34,349999,0,user_4,810,810,6533
6536,35,349999,0,user_5,810,810,6533
6538,36,349999,0,user_5,810,810,6533
6539,37,349999,0,user_6,810,810,6533
6540,38,349999,0,user_9,810,810,6533
6546,39,349999,0,user_11,810,810,6533
6548,40,349999,0,user_12,810,810,6533
6549,41,349999,0,user_13,810,810,6533
6550,42,349999,0,user_13,810,810,6533
6554,43,349999,0,user_15,810,810,6533
6556,44,310000,13900,user_16,810,810,
6579,45,300000,0,user_34,810,810,
6559,46,220000,128000,user_16,810,810,
6575,47,220000,0,user_33,810,810,
6557,48,160000,0,user_16,810,810,
6583,49,160000,0,user_37,810,810,
6590,50,150000,0,user_44,810,810,
6573,51,110000,381000,user_28,810,810,
6586,52,110000,0,user_40,810,810,
6591,53,110000,39400,user_45,810,810,
6563,54,77000,0,user_19,810,810,
6582,55,70000,0,user_37,810,810,
6634,0,30000000,0,user_37,811,811,
6617,1,19000000,0,user_22,811,811,
6630,2,19000000,0,user_36,811,811,
6602,3,5000000,0,user_6,811,811,
6621,4,3500000,0,user_29,811,811,
6636,5,3500000,0,user_37,811,811,
6600,6,2600000,0,user_6,811,811,
6605,7,2600000,0,user_8,811,811,
6610,8,2600000,0,user_17,811,811,
6646,9,2600000,34700,user_44,811,811,
6596,10,2100000,0,user_1,811,811,
6620,11,2000000,0,user_28,811,811,
6642,12,2000000,510000,user_42,811,811,
6624,13,1900000,350000,user_31,811,811,
6609,14,1800000,16400,user_15,811,811,
6632,15,1600000,0,user_37,811,811,
6626,16,1500000,0,user_33,811,811,
6653,17,1400000,33300,user_49,811,811,
6615,18,1300000,0,user_22,811,811,
6606,19,1100000,0,user_11,811,811,
6623,20,1100000,0,user_30,811,811,
6650,21,1100000,64600,user_46,811,811,
6654,22,970000,0,user_49,811,811,
6601,23,910000,0,user_6,811,811,
6613,24,910000,283000,user_22,811,811,
6647,25,910000,0,user_44,811,811,
6629,26,670000,13900,user_35,811,811,
6599,27,630000,0,user_5,811,811,
6598,28,600000,0,user_4,811,811,
6638,29,470000,0,user_38,811,811,
6639,30,460000,0,user_39,811,811,
6597,31,420000,0,user_1,811,811,
6603,32,370000,0,user_6,811,811,
6633,33,360000,0,user_37,811,811,
6648,34,260000,0,user_45,811,811,
6643,35,160000,0,user_42,811,811,
6645,36,160000,0,user_42,811,811,
6644,37,150000,0,user_42,811,811,
6649,38,150000,0,user_45,811,811,
6612,39,120000,0,user_21,811,811,
6627,40,120000,0,user_35,811,811,
6635,41,120000,16400,user_37,811,811,
6641,42,120000,0,user_41,811,811,
6651,43,120000,0,user_47,811,811,
6616,44,110000,0,user_22,811,811,
6622,45,110000,0,user_29,811,811,
6608,46,85000,0,user_15,811,811,
6618,47,85000,0,user_23,811,811,
6614,48,84000,0,user_22,811,811,
6619,49,84000,0,user_28,811,811,
6611,50,83000,0,user_20,811,811,
6637,51,83000,5630,user_38,811,811,
6631,52,82000,0,user_36,811,811,
6607,53,77000,0,user_14,811,811,
6628,54,73000,0,user_35,811,811,
6677,0,43000000,13900,user_23,812,812,
6678,1,19000000,0,user_24,812,812,
6695,2,5200000,0,user_34,812,812,
6699,3,5200000,0,user_38,812,812,
6681,4,3500000,0,user_25,812,812,
6657,5,3200001,0,user_1,812,812,6656
6658,6,3200001,0,user_1,812,812,6656
6661,7,3200001,0,user_2,812,812,6656
6665,8,3200001,0,user_5,812,812,6656
6669,9,3200001,0,user_14,812,812,6656
6656,10,3200000,31700,user_0,812,812,
6659,11,3199999,0,user_1,812,812,6656
6660,12,3199999,0,user_1,812,812,6656
6662,13,3199999,0,user_3,812,812,6656
6663,14,3199999,0,user_4,812,812,6656
6664,15,3199999,0,user_5,812,812,6656
6666,16,3199999,0,user_10,812,812,6656
6667,17,3199999,0,user_11,812,812,6656
6668,18,3199999,0,user_13,812,812,6656
6687,19,2500000,0,user_27,812,812,
6691,20,2300000,0,user_31,812,812,
6655,21,2000000,0,user_0,812,812,
6686,22,2000000,0,user_27,812,812,
6673,23,1900000,0,user_18,812,812,
6682,24,1800000,0,user_26,812,812,
6693,25,1800000,0,user_32,812,812,
6685,26,1600000,0,user_27,812,812,
6670,27,1200000,0,user_16,812,812,
6705,28,1100000,0,user_49,812,812,
6675,29,1000000,0,user_21,812,812,
6683,30,670000,0,user_26,812,812,
6680,31,600000,0,user_25,812,812,
6704,32,470000,0,user_49,812,812,
6688,33,320000,0,user_28,812,812,
6690,34,310000,0,user_29,812,812,
6684,35,260000,0,user_27,812,812,
6689,36,260000,0,user_28,812,812,
6692,37,260000,0,user_31,812,812,
6702,38,260000,0,user_44,812,812,
6679,39,150000,0,user_24,812,812,
6671,40,130000,0,user_17,812,812,
6703,41,130000,0,user_45,812,812,
6700,42,110000,0,user_39,812,812,
6701,43,98000,0,user_42,812,812,
6676,44,87000,0,user_22,812,812,
6698,45,84000,0,user_37,812,812,
6672,46,83000,322000,user_17,812,812,
6674,47,79000,39400,user_18,812,812,
6694,48,77000,11200,user_32,812,812,
6710,0,6300000,0,user_3,813,813,
6725,1,6300000,283000,user_20,813,813,
6733,2,6300000,0,user_26,813,813,
6734,3,5200000,0,user_30,813,813,
6754,4,5200000,0,user_47,813,813,
6737,5,2600000,0,user_32,813,813,
6728,6,2400000,15700,user_23,813,813,
6749,7,2100000,0,user_42,813,813,
6723,8,2000000,0,user_18,813,813,
6741,9,2000000,13900,user_34,813,813,
6745,10,2000000,0,user_38,813,813,
6735,11,1500000,0,user_31,813,813,
6736,12,1500000,7840,user_32,813,813,
6726,13,1400000,0,user_21,813,813,
6713,14,1300001,0,user_8,813,813,6712
6715,15,1300001,0,user_10,813,813,6712
6712,16,1300000,13800,user_7,813,813,
6714,17,1299999,0,user_9,813,813,6712
6716,18,1299999,0,user_10,813,813,6712
6717,19,1299999,0,user_12,813,813,6712
6718,20,1299999,0,user_13,813,813,6712
6719,21,1299999,0,user_13,813,813,6712
6720,22,1299999,0,user_15,813,813,6712
6707,23,1100000,0,user_1,813,813,
6706,24,870000,0,user_0,813,813,
6727,25,670000,5180,user_22,813,813,
6729,26,630000,11200,user_23,813,813,
6724,27,530000,17000,user_20,813,813,
6722,28,470000,49100,user_17,813,813,
6739,29,460000,0,user_33,813,813,
6753,30,460000,0,user_46,813,813,
6730,31,420000,0,user_24,813,813,
6708,32,300000,0,user_1,813,813,
6738,33,240000,0,user_32,813,813,
6748,34,220000,0,user_42,813,813,
6751,35,220000,0,user_45,813,813,
6721,36,170000,0,user_16,813,813,
6744,37,150000,0,user_37,813,813,
6746,38,130000,0,user_39,813,813,
6743,39,120000,0,user_36,813,813,
6752,40,120000,0,user_46,813,813,
6709,41,110000,0,user_2,813,813,
6732,42,110000,0,user_26,813,813,
6740,43,110000,0,user_34,813,813,
6750,44,110000,0,user_44,813,813,
6742,45,85000,0,user_35,813,813,
6755,46,82000,0,user_49,813,813,
6747,47,73000,0,user_39,813,813,
6789,0,30000000,0,user_30,814,814,
6779,1,27000000,35600,user_21,814,814,
6798,2,27000000,0,user_38,814,814,
6794,3,6100000,0,user_33,814,814,
6758,4,4200001,0,user_2,814,814,6757
6761,5,4200001,0,user_4,814,814,6757
6762,6,4200001,0,user_6,814,814,6757
6769,7,4200001,0,user_10,814,814,6757
6771,8,4200001,0,user_10,814,814,6757
6775,9,4200001,0,user_15,814,814,6757
6757,10,4200000,108000,user_1,814,814,
6759,11,4199999,0,user_2,814,814,6757
6760,12,4199999,0,user_2,814,814,6757
6764,13,4199999,0,user_8,814,814,6757
6765,14,4199999,0,user_9,814,814,6757
6766,15,4199999,0,user_9,814,814,6757
6767,16,4199999,0,user_10,814,814,6757
6768,17,4199999,0,user_10,814,814,6757
6770,18,4199999,0,user_10,814,814,6757
6772,19,4199999,0,user_13,814,814,6757
6773,20,4199999,0,user_14,814,814,6757
6774,21,4199999,0,user_14,814,814,6757
6795,22,3200000,0,user_35,814,814,
6796,23,2000000,0,user_36,814,814,
6804,24,1900000,0,user_45,814,814,
6790,25,1300000,0,user_30,814,814,
6803,26,1300000,0,user_44,814,814,
6782,27,1100000,15700,user_22,814,814,
6801,28,1100000,0,user_42,814,814,
6807,29,630000,0,user_49,814,814,
6780,30,420000,13900,user_21,814,814,
6793,31,420000,0,user_33,814,814,
6778,32,300000,0,user_20,814,814,
6787,33,260000,0,user_28,814,814,
6806,34,260000,0,user_49,814,814,
6783,35,170000,0,user_23,814,814,
6786,36,170000,0,user_27,814,814,
6791,37,150000,0,user_30,814,814,
6756,38,120000,0,user_0,814,814,
6788,39,120000,0,user_29,814,814,
6797,40,120000,0,user_37,814,814,
6802,41,100000,0,user_43,814,814,
6781,42,98000,67900,user_21,814,814,
6785,43,98000,0,user_27,814,814,
6800,44,85000,0,user_41,814,814,
6776,45,80000,0,user_16,814,814,
6777,46,80000,0,user_18,814,814,
6832,0,6300000,66100,user_24,815,815,
6834,1,6100000,0,user_26,815,815,
6849,2,5200000,0,user_44,815,815,
6850,3,2400000,30200,user_45,815,815,
6842,4,2000000,0,user_34,815,815,
6838,5,1900000,139000,user_30,815,815,
6808,6,1700000,0,user_0,815,815,
6845,7,1500000,0,user_37,815,815,
6810,8,1400000,0,user_3,815,815,
6825,9,1400000,594000,user_19,815,815,
6840,10,1000000,164000,user_33,815,815,
6823,11,870000,30200,user_17,815,815,
6835,12,670000,0,user_26,815,815,
6824,13,460000,0,user_18,815,815,
6844,14,420000,24700,user_36,815,815,
6841,15,370000,0,user_33,815,815,
6830,16,360000,0,user_23,815,815,
6812,17,350001,0,user_5,815,815,6811
6813,18,350001,0,user_5,815,815,6811
6815,19,350001,0,user_7,815,815,6811
6818,20,350001,0,user_11,815,815,6811
6819,21,350001,0,user_12,815,815,6811
6820,22,350001,0,user_13,815,815,6811
6811,23,350000,195000,user_4,815,815,
6814,24,349999,0,user_6,815,815,6811
6817,25,349999,0,user_11,815,815,6811
6821,26,349999,0,user_15,815,815,6811
6822,27,349999,0,user_15,815,815,6811
6831,28,310000,0,user_24,815,815,
6839,29,220000,0,user_31,815,815,
6851,30,220000,0,user_46,815,815,
6836,31,160000,0,user_27,815,815,
6846,32,160000,7840,user_39,815,815,
6852,33,150000,0,user_49,815,815,
6837,34,130000,0,user_29,815,815,
6827,35,110000,0,user_21,815,815,
6828,36,110000,0,user_22,815,815,
6826,37,85000,0,user_20,815,815,
6809,38,79000,0,user_1,815,815,
6829,39,77000,0,user_23,815,815,
6833,40,73000,0,user_25,815,815,
6848,41,73000,12300,user_43,815,815,
6893,0,43000000,0,user_35,816,816,
6885,1,6300000,0,user_26,816,816,
6881,2,6100000,0,user_23,816,816,
6882,3,4500000,0,user_24,816,816,
6891,4,3600000,0,user_35,816,816,
6876,5,2300000,21800,user_19,816,816,
6890,6,2100000,0,user_35,816,816,
6895,7,2000000,0,user_36,816,816,
6887,8,1800000,34700,user_31,816,816,
6875,9,1000000,0,user_19,816,816,
6892,10,1000000,0,user_35,816,816,
6896,11,1000000,215000,user_36,816,816,
6897,12,910000,0,user_37,816,816,
6883,13,870000,0,user_26,816,816,
6889,14,420000,0,user_33,816,816,
6873,15,300000,0,user_18,816,816,
6901,16,300000,16400,user_41,816,816,
6902,17,300000,0,user_43,816,816,
6878,18,240000,0,user_21,816,816,
6898,19,240000,0,user_38,816,816,
6900,20,240000,0,user_40,816,816,
6880,21,220000,0,user_22,816,816,
6899,22,220000,0,user_39,816,816,
6877,23,190000,0,user_20,816,816,
6884,24,160000,0,user_26,816,816,
6886,25,150000,35600,user_29,816,816,
6879,26,110000,13900,user_22,816,816,
6894,27,110000,0,user_35,816,816,
6857,28,98001,0,user_5,816,816,6855
6860,29,98001,0,user_7,816,816,6855
6861,30,98001,0,user_8,816,816,6855
6863,31,98001,0,user_10,816,816,6855
6864,32,98001,0,user_11,816,816,6855
6865,33,98001,0,user_11,816,816,6855
6867,34,98001,0,user_14,816,816,6855
6869,35,98001,0,user_14,816,816,6855
6855,36,98000,510000,user_3,816,816,
6856,37,97999,0,user_4,816,816,6855
6858,38,97999,0,user_5,816,816,6855
6859,39,97999,0,user_6,816,816,6855
6862,40,97999,0,user_9,816,816,6855
6868,41,97999,0,user_14,816,816,6855
6870,42,97999,0,user_14,816,816,6855
6871,43,97999,0,user_15,816,816,6855
6903,44,85000,0,user_43,816,816,
6872,45,79000,0,user_16,816,816,
6874,46,73000,0,user_19,816,816,
6911,0,19000000,0,user_6,817,817,
6914,1,6300000,0,user_9,817,817,
6918,2,6300000,0,user_13,817,817,
6910,3,5200000,0,user_5,817,817,
6937,4,5200000,0,user_30,817,817,
6913,5,5000000,0,user_8,817,817,
6919,6,5000000,0,user_15,817,817,
6920,7,4500000,0,user_16,817,817,
6940,8,4200000,0,user_33,817,817,
6943,9,3600000,0,user_35,817,817,
6957,10,2600000,0,user_45,817,817,
6955,11,2100000,322000,user_43,817,817,
6926,12,2000000,0,user_21,817,817,
6954,13,1800000,0,user_42,817,817,
6908,14,1500000,0,user_4,817,817,
6949,15,1500000,0,user_38,817,817,
6942,16,1400000,0,user_34,817,817,
6934,17,1200000,16400,user_27,817,817,
6933,18,1000000,0,user_25,817,817,
6948,19,1000000,0,user_37,817,817,
6961,20,870000,34700,user_49,817,817,
6958,21,670000,0,user_47,817,817,
6953,22,660000,5630,user_42,817,817,
6959,23,660000,0,user_47,817,817,
6941,24,650000,0,user_33,817,817,
6906,25,530000,0,user_1,817,817,
6909,26,370000,0,user_5,817,817,
6925,27,340000,0,user_18,817,817,
6950,28,320000,0,user_38,817,817,
6915,29,310000,0,user_11,817,817,
6921,30,260000,161000,user_16,817,817,
6952,31,260000,0,user_39,817,817,
6931,32,220000,0,user_25,817,817,
6956,33,170000,0,user_44,817,817,
6907,34,150000,0,user_3,817,817,
6930,35,150000,42000,user_25,817,817,
6935,36,150000,0,user_28,817,817,
6923,37,130000,0,user_17,817,817,
6945,38,120000,0,user_37,817,817,
6924,39,110000,60700,user_18,817,817,
6932,40,110000,0,user_25,817,817,
6929,41,98000,0,user_25,817,817,
6922,42,87000,12300,user_16,817,817,
6944,43,87000,0,user_35,817,817,
6936,44,84000,0,user_29,817,817,
6946,45,83000,0,user_37,817,817,
6951,46,83000,0,user_39,817,817,
6947,47,77000,0,user_37,817,817,
6912,48,70000,0,user_8,817,817,
6988,0,27000000,0,user_30,818,818,
6993,1,5000000,60700,user_31,818,818,
6962,2,4200000,0,user_0,818,818,
7003,3,3200000,0,user_42,818,818,
6992,4,2300000,24700,user_31,818,818,
7008,5,2300000,0,user_45,818,818,
6995,6,2000000,0,user_33,818,818,
6997,7,1900000,0,user_36,818,818,
6967,8,1700000,0,user_3,818,818,
6982,9,1700000,0,user_28,818,818,
6990,10,1700000,0,user_31,818,818,
6979,11,1600000,0,user_23,818,818,
6963,12,1500000,0,user_0,818,818,
6980,13,1500000,195000,user_26,818,818,
7000,14,1500000,18600,user_39,818,818,
6987,15,1100000,0,user_29,818,818,
6996,16,1000000,0,user_34,818,818,
7001,17,1000000,0,user_40,818,818,
6966,18,970000,0,user_2,818,818,
6994,19,630000,0,user_32,818,818,
6964,20,470000,0,user_1,818,818,
6977,21,370000,73100,user_21,818,818,
6975,22,350000,0,user_17,818,818,
6983,23,310000,0,user_29,818,818,
6965,24,300000,0,user_1,818,818,
6986,25,220000,15100,user_29,818,818,
7002,26,220000,19700,user_40,818,818,
7004,27,220000,0,user_42,818,818,
6985,28,160000,0,user_29,818,818,
6998,29,160000,350000,user_37,818,818,
6976,30,150000,0,user_18,818,818,
6999,31,150000,0,user_38,818,818,
7009,32,120000,1100000,user_46,818,818,
6978,33,110000,0,user_23,818,818,
7005,34,110000,0,user_45,818,818,
7006,35,110000,46500,user_45,818,818,
7007,36,87000,0,user_45,818,818,
6981,37,83000,5630,user_27,818,818,
6984,38,83000,779000,user_29,818,818,
6989,39,83000,0,user_31,818,818,
6991,40,82000,0,user_31,818,818,
6971,41,77001,0,user_10,818,818,6968
6973,42,77001,0,user_14,818,818,6968
6974,43,76999,0,user_15,818,818,6968
7034,0,27000000,0,user_19,819,819,
7048,1,6100000,0,user_37,819,819,
7033,2,5000000,0,user_19,819,819,
7029,3,3600000,23500,user_18,819,819,
7011,4,2600000,0,user_0,819,819,
7050,5,2100000,0,user_38,819,819,
7055,6,2000000,0,user_44,819,819,
7063,7,2000000,0,user_49,819,819,
7056,8,1900000,0,user_45,819,819,
7053,9,1800000,43600,user_42,819,819,
7038,10,1500000,0,user_27,819,819,
7039,11,1500000,12800,user_28,819,819,
7059,12,1500000,0,user_48,819,819,
7054,13,1400000,0,user_43,819,819,
7040,14,1300000,3130,user_29,819,819,
7030,15,1200000,0,user_19,819,819,
7012,16,1100000,0,user_2,819,819,
7026,17,1100000,0,user_16,819,819,
7058,18,1100000,164000,user_47,819,819,
7060,19,1000000,0,user_48,819,819,
7061,20,970000,0,user_48,819,819,
7018,21,660001,0,user_10,819,819,7013
7019,22,660001,0,user_10,819,819,7013
7020,23,660001,0,user_12,819,819,7013
7021,24,660001,0,user_12,819,819,7013
7022,25,660001,0,user_12,819,819,7013
7024,26,660001,0,user_14,819,819,7013
7013,27,660000,11200,user_3,819,819,
7014,28,659999,0,user_4,819,819,7013
7015,29,659999,0,user_5,819,819,7013
7016,30,659999,0,user_6,819,819,7013
7023,31,659999,0,user_12,819,819,7013
7025,32,659999,0,user_15,819,819,7013
7047,33,370000,12300,user_36,819,819,
7046,34,350000,322000,user_36,819,819,
7057,35,340000,0,user_47,819,819,
7037,36,320000,0,user_22,819,819,
7042,37,310000,0,user_31,819,819,
7027,38,260000,67500,user_16,819,819,
7031,39,260000,128000,user_19,819,819,
7036,40,240000,0,user_20,819,819,
7051,41,150000,0,user_41,819,819,
7035,42,130000,0,user_20,819,819,
7028,43,120000,31700,user_17,819,819,
7032,44,120000,0,user_19,819,819,
7043,45,120000,0,user_33,819,819,
7052,46,120000,0,user_42,819,819,
7049,47,100000,0,user_37,819,819,
7010,48,83000,0,user_0,819,819,
7041,49,83000,0,user_30,819,819,
7062,50,73000,10700,user_48,819,819,
7070,0,27000000,0,user_5,820,820,
7072,1,6100000,0,user_6,820,820,
7107,2,6100000,31700,user_40,820,820,
7084,3,5200000,0,user_18,820,820,
7092,4,5200000,0,user_25,820,820,
7105,5,4500000,43600,user_35,820,820,
7114,6,3200000,10700,user_46,820,820,
7089,7,2300000,17700000,user_22,820,820,
7086,8,2000000,0,user_20,820,820,
7099,9,2000000,67900,user_29,820,820,
7093,10,1900000,56200,user_25,820,820,
7104,11,1600000,0,user_34,820,820,
7083,12,1500000,0,user_16,820,820,
7095,13,1500000,0,user_26,820,820,
7091,14,1400000,0,user_24,820,820,
7094,15,1300000,33100,user_26,820,820,
7066,16,1200000,0,user_0,820,820,
7101,17,1000000,13800,user_31,820,820,
7069,18,970000,0,user_5,820,820,
7106,19,970000,0,user_38,820,820,
7096,20,910000,0,user_27,820,820,
7102,21,910000,43600,user_32,820,820,
7097,22,670000,49100,user_27,820,820,
7098,23,630000,0,user_28,820,820,
7112,24,630000,0,user_44,820,820,
7090,25,460000,322000,user_23,820,820,
7113,26,420000,0,user_45,820,820,
7108,27,310000,0,user_42,820,820,
7075,28,260001,0,user_9,820,820,7074
7082,29,260001,0,user_15,820,820,7074
7074,30,260000,35600,user_7,820,820,
7076,31,259999,0,user_11,820,820,7074
7077,32,259999,0,user_13,820,820,7074
7078,33,259999,0,user_13,820,820,7074
7079,34,259999,0,user_13,820,820,7074
7080,35,259999,0,user_13,820,820,7074
7081,36,259999,0,user_14,820,820,7074
7065,37,160000,0,user_0,820,820,
7071,38,150000,0,user_6,820,820,
7085,39,150000,0,user_19,820,820,
7111,40,120000,0,user_44,820,820,
7088,41,110000,0,user_22,820,820,
7073,42,100000,0,user_7,820,820,
7068,43,85000,0,user_2,820,820,
7064,44,84000,0,user_0,820,820,
7155,0,43000000,13800,user_39,821,821,
7159,1,19000000,0,user_42,821,821,
7152,2,6300000,0,user_35,821,821,
7151,3,5200000,0,user_31,821,821,
7123,4,5000000,0,user_8,821,821,
7167,5,4500000,0,user_48,821,821,
7145,6,4200000,0,user_28,821,821,
7117,7,3600000,0,user_1,821,821,
7121,8,2300000,0,user_6,821,821,
7157,9,2000000,10700,user_41,821,821,
7164,10,1900000,32900,user_45,821,821,
7154,11,1800000,0,user_37,821,821,
7163,12,1800000,71800,user_45,821,821,
7119,13,1600000,0,user_3,821,821,
7156,14,1600000,71800,user_40,821,821,
7146,15,1400000,0,user_28,821,821,
7160,16,1400000,15300,user_43,821,821,
7144,17,1100000,0,user_28,821,821,
7162,18,1000000,0,user_44,821,821,
7165,19,1000000,0,user_47,821,821,
7141,20,870000,0,user_25,821,821,
7161,21,670000,195000,user_44,821,821,
7148,22,650000,0,user_29,821,821,
7129,23,630001,0,user_13,821,821,7125
7131,24,630001,0,user_14,821,821,7125
7125,25,630000,5630,user_10,821,821,
7127,26,629999,0,user_12,821,821,7125
7128,27,629999,0,user_12,821,821,7125
7130,28,629999,0,user_13,821,821,7125
7132,29,629999,0,user_14,821,821,7125
7153,30,420000,75000,user_36,821,821,
7137,31,360000,0,user_21,821,821,
7134,32,350000,13900,user_19,821,821,
7136,33,320000,19700,user_20,821,821,
7140,34,310000,0,user_24,821,821,
7168,35,310000,0,user_49,821,821,
7166,36,160000,0,user_47,821,821,
7120,37,150000,0,user_4,821,821,
7135,38,150000,64600,user_19,821,821,
7124,39,120000,0,user_8,821,821,
7143,40,120000,0,user_27,821,821,
7147,41,120000,0,user_28,821,821,
7122,42,110000,0,user_6,821,821,
7142,43,100000,16400,user_26,821,821,
7118,44,82000,0,user_3,821,821,
7158,45,79000,0,user_41,821,821,
7222,0,43000000,0,user_37,822,822,
7175,1,30000000,0,user_6,822,822,
7213,2,30000000,0,user_27,822,822,
7229,3,5200000,0,user_45,822,822,
7228,4,4500000,0,user_40,822,822,
7232,5,4500000,56200,user_49,822,822,
7177,6,3600000,0,user_6,822,822,
7196,7,2600000,0,user_16,822,822,
7203,8,2600000,24700,user_18,822,822,
7223,9,2600000,231000,user_37,822,822,
7199,10,2500000,0,user_17,822,822,
7226,11,2500000,0,user_39,822,822,
7174,12,2400000,0,user_5,822,822,
7204,13,1900000,0,user_18,822,822,
7216,14,1900000,0,user_30,822,822,
7201,15,1700000,0,user_17,822,822,
7180,16,1500001,0,user_9,822,822,7179
7183,17,1500001,0,user_9,822,822,7179
7184,18,1500001,0,user_9,822,822,7179
7187,19,1500001,0,user_13,822,822,7179
7188,20,1500001,0,user_13,822,822,7179
7190,21,1500001,0,user_13,822,822,7179
7193,22,1500001,0,user_15,822,822,7179
7194,23,1500001,0,user_15,822,822,7179
7179,24,1500000,146000,user_8,822,822,
7205,25,1500000,231000,user_19,822,822,
7210,26,1500000,0,user_26,822,822,
7220,27,1500000,0,user_35,822,822,
7181,28,1499999,0,user_9,822,822,7179
7182,29,1499999,0,user_9,822,822,7179
7186,30,1499999,0,user_12,822,822,7179
7189,31,1499999,0,user_13,822,822,7179
7191,32,1499999,0,user_13,822,822,7179
7195,33,1499999,0,user_15,822,822,7179
7171,34,1400000,0,user_3,822,822,
7197,35,1000000,0,user_16,822,822,
7217,36,870000,0,user_30,822,822,
7225,37,870000,0,user_38,822,822,
7207,38,650000,0,user_23,822,822,
7176,39,530000,0,user_6,822,822,
7227,40,370000,0,user_40,822,822,
7221,41,360000,0,user_36,822,822,
7206,42,350000,0,user_21,822,822,
7208,43,350000,0,user_23,822,822,
7231,44,320000,959000,user_48,822,822,
7224,45,300000,71800,user_38,822,822,
7212,46,170000,0,user_26,822,822,
7169,47,160000,0,user_0,822,822,
7198,48,160000,0,user_17,822,822,
7209,49,160000,0,user_25,822,822,
7211,50,160000,0,user_26,822,822,
7178,51,120000,0,user_7,822,822,
7218,52,110000,0,user_33,822,822,
7172,53,79000,0,user_3,822,822,
7219,54,79000,0,user_34,822,822,
7202,55,77000,0,user_17,822,822,
7200,56,73000,0,user_17,822,822,
7284,0,43000000,0,user_34,823,823,
7290,1,27000000,0,user_40,823,823,
7294,2,27000000,769000,user_44,823,823,
7272,3,3600000,0,user_25,823,823,
7297,4,2500000,23500,user_48,823,823,
7263,5,2400000,0,user_20,823,823,
7237,6,2300001,0,user_4,823,823,7235
7241,7,2300001,0,user_7,823,823,7235
7242,8,2300001,0,user_8,823,823,7235
7243,9,2300001,0,user_9,823,823,7235
7244,10,2300001,0,user_9,823,823,7235
7246,11,2300001,0,user_10,823,823,7235
7247,12,2300001,0,user_10,823,823,7235
7248,13,2300001,0,user_10,823,823,7235
7254,14,2300001,0,user_15,823,823,7235
7235,15,2300000,14200,user_2,823,823,
7238,16,2299999,0,user_4,823,823,7235
7239,17,2299999,0,user_5,823,823,7235
7240,18,2299999,0,user_6,823,823,7235
7245,19,2299999,0,user_10,823,823,7235
7249,20,2299999,0,user_10,823,823,7235
7250,21,2299999,0,user_13,823,823,7235
7251,22,2299999,0,user_13,823,823,7235
7252,23,2299999,0,user_13,823,823,7235
7253,24,2299999,0,user_13,823,823,7235
7255,25,2299999,0,user_15,823,823,7235
7289,26,2000000,256000,user_39,823,823,
7277,27,1900000,0,user_29,823,823,
7288,28,1900000,0,user_38,823,823,
7268,29,1700000,139000,user_22,823,823,
7270,30,1600000,0,user_24,823,823,
7280,31,1600000,67500,user_29,823,823,
7279,32,1400000,0,user_29,823,823,
7273,33,1300000,0,user_26,823,823,
7259,34,1000000,0,user_18,823,823,
7278,35,1000000,7190000,user_29,823,823,
7256,36,910000,17000,user_16,823,823,
7267,37,910000,0,user_22,823,823,
7269,38,670000,0,user_23,823,823,
7295,39,420000,100000,user_45,823,823,
7233,40,360000,0,user_0,823,823,
7274,41,310000,0,user_28,823,823,
7276,42,310000,0,user_29,823,823,
7287,43,260000,0,user_38,823,823,
7292,44,220000,0,user_42,823,823,
7257,45,170000,369000,user_17,823,823,
7260,46,160000,0,user_19,823,823,
7285,47,150000,0,user_35,823,823,
7261,48,120000,0,user_20,823,823,
7262,49,120000,0,user_20,823,823,
7265,50,100000,21800,user_20,823,823,
7286,51,100000,0,user_37,823,823,
7275,52,82000,15700,user_28,823,823,
7264,53,80000,0,user_20,823,823,
7271,54,79000,0,user_25,823,823,
7258,55,70000,0,user_17,823,823,
7331,0,30000000,0,user_29,824,824,
7345,1,27000000,23500,user_48,824,824,
7335,2,5200000,0,user_33,824,824,
7313,3,2600000,0,user_16,824,824,
7326,4,2500000,42000,user_24,824,824,
7306,5,2400001,0,user_3,824,824,7305
7307,6,2400001,0,user_5,824,824,7305
7309,7,2400001,0,user_8,824,824,7305
7310,8,2400001,0,user_10,824,824,7305
7311,9,2400001,0,user_12,824,824,7305
7312,10,2400001,0,user_14,824,824,7305
7305,11,2400000,47700,user_2,824,824,
7330,12,2400000,0,user_28,824,824,
7308,13,2399999,0,user_6,824,824,7305
7342,14,2300000,0,user_44,824,824,
7339,15,2000000,0,user_37,824,824,
7303,16,1500000,0,user_2,824,824,
7324,17,1500000,0,user_23,824,824,
7332,18,1500000,0,user_31,824,824,
7333,19,1500000,19700,user_31,824,824,
7338,20,1500000,0,user_37,824,824,
7320,21,1300000,0,user_20,824,824,
7318,22,1100000,0,user_17,824,824,
7337,23,1000000,0,user_35,824,824,
7319,24,970000,0,user_19,824,824,
7317,25,910000,0,user_16,824,824,
7321,26,910000,0,user_20,824,824,
7322,27,910000,0,user_21,824,824,
7328,28,630000,0,user_26,824,824,
7340,29,420000,0,user_39,824,824,
7327,30,220000,0,user_26,824,824,
7301,31,170000,0,user_2,824,824,
7302,32,170000,0,user_2,824,824,
7304,33,170000,0,user_2,824,824,
7341,34,160000,0,user_41,824,824,
7316,35,110000,18600,user_16,824,824,
7323,36,110000,0,user_22,824,824,
7325,37,110000,0,user_24,824,824,
7314,38,98000,0,user_16,824,824,
7315,39,82000,410000,user_16,824,824,
7348,0,30000001,0,user_2,825,825,7347
7350,1,30000001,0,user_4,825,825,7347
7352,2,30000001,0,user_4,825,825,7347
7353,3,30000001,0,user_5,825,825,7347
7355,4,30000001,0,user_7,825,825,7347
7358,5,30000001,0,user_11,825,825,7347
7360,6,30000001,0,user_12,825,825,7347
7361,7,30000001,0,user_13,825,825,7347
7362,8,30000001,0,user_15,825,825,7347
7347,9,30000000,12300,user_1,825,825,
7377,10,30000000,0,user_24,825,825,
7349,11,29999999,0,user_4,825,825,7347
7351,12,29999999,0,user_4,825,825,7347
7354,13,29999999,0,user_6,825,825,7347
7356,14,29999999,0,user_8,825,825,7347
7357,15,29999999,0,user_9,825,825,7347
7359,16,29999999,0,user_11,825,825,7347
7368,17,19000000,0,user_20,825,825,
7391,18,6100000,0,user_34,825,825,
7372,19,5000000,296000,user_23,825,825,
7397,20,3600000,0,user_38,825,825,
7394,21,3500000,0,user_36,825,825,
7399,22,3500000,17700000,user_40,825,825,
7395,23,3200000,181000,user_36,825,825,
7373,24,2600000,0,user_23,825,825,
7378,25,2400000,0,user_24,825,825,
7406,26,2300000,0,user_49,825,825,
7371,27,1400000,49100,user_23,825,825,
7393,28,1200000,0,user_36,825,825,
7385,29,970000,0,user_28,825,825,
7364,30,910000,0,user_17,825,825,
7369,31,870000,0,user_21,825,825,
7390,32,870000,0,user_32,825,825,
7367,33,660000,0,user_19,825,825,
7403,34,660000,0,user_46,825,825,
7379,35,320000,8520,user_24,825,825,
7404,36,320000,0,user_46,825,825,
7392,37,310000,0,user_35,825,825,
7402,38,310000,0,user_45,825,825,
7363,39,220000,0,user_17,825,825,
7396,40,220000,0,user_37,825,825,
7374,41,170000,0,user_23,825,825,
7400,42,170000,0,user_43,825,825,
7376,43,160000,0,user_24,825,825,
7366,44,130000,0,user_17,825,825,
7375,45,87000,0,user_23,825,825,
7401,46,87000,71800,user_44,825,825,
7365,47,84000,215000,user_17,825,825,
7370,48,77000,0,user_22,825,825,
7469,0,6300000,0,user_47,826,826,
7443,1,5200000,0,user_28,826,826,
7453,2,5200000,0,user_32,826,826,
7433,3,5000000,0,user_18,826,826,
7434,4,5000000,0,user_19,826,826,
7441,5,5000000,0,user_26,826,826,
7440,6,3500000,66100,user_25,826,826,
7456,7,3500000,0,user_34,826,826,
7432,8,2500000,510000,user_17,826,826,
7444,9,2300000,49100,user_28,826,826,
7446,10,2100000,769000,user_29,826,826,
7467,11,2000000,0,user_44,826,826,
7439,12,1900000,0,user_23,826,826,
7462,13,1800000,0,user_37,826,826,
7448,14,1600000,0,user_29,826,826,
7414,15,1400001,0,user_3,826,826,7411
7415,16,1400001,0,user_4,826,826,7411
7416,17,1400001,0,user_4,826,826,7411
7417,18,1400001,0,user_5,826,826,7411
7420,19,1400001,0,user_6,826,826,7411
7421,20,1400001,0,user_7,826,826,7411
7424,21,1400001,0,user_10,826,826,7411
7425,22,1400001,0,user_11,826,826,7411
7428,23,1400001,0,user_14,826,826,7411
7430,24,1400001,0,user_15,826,826,7411
7411,25,1400000,32900,user_1,826,826,
7412,26,1399999,0,user_1,826,826,7411
7413,27,1399999,0,user_2,826,826,7411
7418,28,1399999,0,user_5,826,826,7411
7419,29,1399999,0,user_6,826,826,7411
7426,30,1399999,0,user_12,826,826,7411
7427,31,1399999,0,user_14,826,826,7411
7429,32,1399999,0,user_15,826,826,7411
7468,33,1100000,12800,user_46,826,826,
7463,34,1000000,0,user_38,826,826,
7450,35,420000,0,user_30,826,826,
7431,36,370000,0,user_16,826,826,
7438,37,370000,0,user_23,826,826,
7408,38,360000,0,user_0,826,826,
7454,39,310000,0,user_33,826,826,
7459,40,310000,0,user_36,826,826,
7461,41,310000,23500,user_37,826,826,
7460,42,300000,0,user_36,826,826,
7464,43,300000,0,user_42,826,826,
7435,44,220000,0,user_20,826,826,
7447,45,220000,0,user_29,826,826,
7465,46,220000,0,user_42,826,826,
7445,47,170000,0,user_29,826,826,
7452,48,160000,0,user_31,826,826,
7436,49,150000,0,user_21,826,826,
7437,50,150000,68100,user_21,826,826,
7458,51,150000,0,user_34,826,826,
7470,52,120000,0,user_49,826,826,
7455,53,110000,0,user_34,826,826,
7466,54,110000,0,user_44,826,826,
7407,55,98000,0,user_0,826,826,
7410,56,98000,0,user_0,826,826,
7449,57,85000,71800,user_29,826,826,
7451,58,80000,0,user_30,826,826,
7457,59,79000,0,user_34,826,826,
7409,60,77000,0,user_0,826,826,
7442,61,77000,256000,user_26,826,826,
7496,0,19000000,0,user_32,827,827,
7498,1,6100000,15300,user_35,827,827,
7492,2,5200000,0,user_27,827,827,
7485,3,5000000,0,user_17,827,827,
7488,4,2500000,0,user_21,827,827,
7489,5,2300000,0,user_22,827,827,
7493,6,2100000,0,user_28,827,827,
7504,7,1900000,4320000,user_44,827,827,
7486,8,1300000,0,user_18,827,827,
7499,9,1100000,0,user_36,827,827,
7503,10,870000,46500,user_43,827,827,
7490,11,630000,0,user_25,827,827,
7502,12,460000,0,user_40,827,827,
7487,13,350000,0,user_21,827,827,
7495,14,220000,0,user_31,827,827,
7497,15,190000,0,user_34,827,827,
7501,16,150000,42000,user_39,827,827,
7505,17,130000,0,user_45,827,827,
7473,18,120001,0,user_1,827,827,7471
7474,19,120001,0,user_2,827,827,7471
7475,20,120001,0,user_3,827,827,7471
7476,21,120001,0,user_6,827,827,7471
7479,22,120001,0,user_10,827,827,7471
7480,23,120001,0,user_11,827,827,7471
7481,24,120001,0,user_11,827,827,7471
7482,25,120001,0,user_14,827,827,7471
7483,26,120001,0,user_14,827,827,7471
7471,27,120000,17000,user_0,827,827,
7472,28,119999,0,user_1,827,827,7471
7478,29,119999,0,user_10,827,827,7471
7484,30,119999,0,user_15,827,827,7471
7506,31,110000,0,user_46,827,827,
7494,32,77000,0,user_30,827,827,
5590,0,4200001,0,user_5,828,828,5587
5591,1,4200001,0,user_6,828,828,5587
5596,2,4200001,0,user_12,828,828,5587
5597,3,4200001,0,user_13,828,828,5587
5598,4,4200001,0,user_13,828,828,5587
5599,5,4200001,0,user_14,828,828,5587
5587,6,4200000,322000,user_1,828,828,
5625,7,4200000,0,user_48,828,828,
5626,8,4200000,0,user_49,828,828,
5588,9,4199999,0,user_2,828,828,5587
5589,10,4199999,0,user_4,828,828,5587
5592,11,4199999,0,user_7,828,828,5587
5593,12,4199999,0,user_8,828,828,5587
5594,13,4199999,0,user_9,828,828,5587
5595,14,4199999,0,user_11,828,828,5587
5600,15,4199999,0,user_15,828,828,5587
5612,16,3200000,0,user_35,828,828,
5607,17,2500000,0,user_26,828,828,
5611,18,2000000,0,user_35,828,828,
5604,19,1600000,0,user_22,828,828,
5601,20,1500000,0,user_18,828,828,
5602,21,1200000,0,user_19,828,828,
5615,22,1200000,0,user_39,828,828,
5608,23,1100000,0,user_26,828,828,
5620,24,530000,0,user_43,828,828,
5603,25,340000,283000,user_22,828,828,
5614,26,220000,0,user_37,828,828,
5617,27,220000,0,user_41,828,828,
5613,28,170000,0,user_36,828,828,
5627,29,160000,0,user_49,828,828,
5619,30,150000,0,user_43,828,828,
5624,31,150000,0,user_47,828,828,
5622,32,120000,350000,user_43,828,828,
5610,33,110000,161000,user_33,828,828,
5621,34,110000,0,user_43,828,828,
5616,35,80000,0,user_40,828,828,
5629,0,5000000,0,user_1,829,829,
5656,1,5000000,0,user_26,829,829,
5661,2,5000000,410000,user_27,829,829,
5680,3,5000000,0,user_48,829,829,
5647,4,4500000,0,user_16,829,829,
5637,5,4200001,0,user_10,829,829,5635
5639,6,4200001,0,user_12,829,829,5635
5640,7,4200001,0,user_12,829,829,5635
5641,8,4200001,0,user_12,829,829,5635
5643,9,4200001,0,user_13,829,829,5635
5644,10,4200001,0,user_13,829,829,5635
5635,11,4200000,350000,user_10,829,829,
5636,12,4199999,0,user_10,829,829,5635
5638,13,4199999,0,user_12,829,829,5635
5642,14,4199999,0,user_12,829,829,5635
5645,15,4199999,0,user_14,829,829,5635
5676,16,3600000,0,user_43,829,829,
5653,17,3200000,0,user_23,829,829,
5663,18,2300000,73100,user_28,829,829,
5670,19,2300000,0,user_36,829,829,
5681,20,1900000,0,user_48,829,829,
5673,21,1500000,5640,user_40,829,829,
5679,22,1400000,0,user_48,829,829,
5684,23,970000,11200,user_49,829,829,
5660,24,910000,0,user_27,829,829,
5628,25,670000,0,user_0,829,829,
5665,26,660000,0,user_30,829,829,
5668,27,630000,0,user_34,829,829,
5658,28,530000,0,user_26,829,829,
5678,29,470000,0,user_47,829,829,
5683,30,350000,0,user_49,829,829,
5659,31,320000,0,user_26,829,829,
5648,32,310000,0,user_18,829,829,
5652,33,300000,0,user_23,829,829,
5682,34,260000,0,user_48,829,829,
5646,35,220000,0,user_16,829,829,
5672,36,170000,0,user_40,829,829,
5655,37,160000,0,user_26,829,829,
5657,38,160000,0,user_26,829,829,
5650,39,150000,0,user_21,829,829,
5671,40,150000,0,user_39,829,829,
5634,41,110000,0,user_9,829,829,
5666,42,110000,0,user_31,829,829,
5669,43,110000,0,user_35,829,829,
5667,44,100000,0,user_33,829,829,
5651,45,87000,0,user_22,829,829,
5664,46,84000,0,user_29,829,829,
5677,47,84000,0,user_46,829,829,
5662,48,82000,0,user_28,829,829,
5630,49,79000,0,user_2,829,829,
5633,50,79000,0,user_8,829,829,
5674,51,79000,0,user_40,829,829,
5632,52,70000,0,user_7,829,829,
5714,0,19000000,0,user_28,830,830,
5722,1,3600000,0,user_36,830,830,
5732,2,3600000,0,user_41,830,830,
5704,3,3200000,0,user_18,830,830,
5735,4,3200000,256000,user_47,830,830,
5703,5,1500000,0,user_17,830,830,
5717,6,1500000,0,user_32,830,830,
5715,7,1400000,0,user_31,830,830,
5724,8,1400000,0,user_37,830,830,
5730,9,1400000,0,user_39,830,830,
5720,10,1300000,0,user_36,830,830,
5723,11,1200000,0,user_36,830,830,
5706,12,1100000,146000,user_19,830,830,
5737,13,1100000,0,user_49,830,830,
5721,14,1000000,60700,user_36,830,830,
5725,15,1000000,0,user_38,830,830,
5707,16,650000,0,user_21,830,830,
5708,17,340000,0,user_21,830,830,
5727,18,340000,0,user_39,830,830,
5712,19,320000,33300,user_26,830,830,
5713,20,260000,0,user_26,830,830,
5726,21,220000,0,user_38,830,830,
5734,22,220000,769000,user_46,830,830,
5702,23,170000,0,user_16,830,830,
5687,24,160001,0,user_2,830,830,5685
5690,25,160001,0,user_4,830,830,5685
5691,26,160001,0,user_5,830,830,5685
5693,27,160001,0,user_7,830,830,5685
5694,28,160001,0,user_7,830,830,5685
5700,29,160001,0,user_12,830,830,5685
5685,30,160000,49100,user_0,830,830,
5686,31,159999,0,user_0,830,830,5685
5688,32,159999,0,user_2,830,830,5685
5689,33,159999,0,user_3,830,830,5685
5692,34,159999,0,user_6,830,830,5685
5697,35,159999,0,user_10,830,830,5685
5698,36,159999,0,user_10,830,830,5685
5699,37,159999,0,user_11,830,830,5685
5701,38,159999,0,user_14,830,830,5685
5709,39,150000,0,user_22,830,830,
5710,40,120000,0,user_23,830,830,
5705,41,110000,0,user_18,830,830,
5729,42,110000,0,user_39,830,830,
5733,43,110000,0,user_43,830,830,
5716,44,98000,381000,user_31,830,830,
5711,45,85000,0,user_24,830,830,
5736,46,84000,0,user_47,830,830,
5718,47,82000,0,user_33,830,830,
5731,48,73000,146000,user_39,830,830,
5728,49,70000,0,user_39,830,830,
5782,0,43000000,0,user_44,831,831,
5777,1,6300000,0,user_42,831,831,
5758,2,5200000,0,user_20,831,831,
5760,3,5000000,0,user_23,831,831,
5779,4,4200000,0,user_43,831,831,
5771,5,3200000,0,user_37,831,831,
5784,6,2600000,0,user_46,831,831,
5742,7,2400001,0,user_2,831,831,5739
5744,8,2400001,0,user_5,831,831,5739
5745,9,2400001,0,user_7,831,831,5739
5746,10,2400001,0,user_7,831,831,5739
5752,11,2400001,0,user_11,831,831,5739
5753,12,2400001,0,user_13,831,831,5739
5739,13,2400000,1100000,user_0,831,831,
5769,14,2400000,0,user_36,831,831,
5792,15,2400000,35100,user_49,831,831,
5740,16,2399999,0,user_1,831,831,5739
5741,17,2399999,0,user_1,831,831,5739
5743,18,2399999,0,user_3,831,831,5739
5747,19,2399999,0,user_7,831,831,5739
5748,20,2399999,0,user_7,831,831,5739
5750,21,2399999,0,user_10,831,831,5739
5751,22,2399999,0,user_11,831,831,5739
5754,23,2399999,0,user_14,831,831,5739
5755,24,2399999,0,user_15,831,831,5739
5765,25,2000000,0,user_33,831,831,
5770,26,2000000,0,user_37,831,831,
5764,27,1900000,12800,user_32,831,831,
5785,28,1700000,0,user_47,831,831,
5774,29,1500000,0,user_41,831,831,
5766,30,1100000,11200,user_33,831,831,
5738,31,1000000,0,user_0,831,831,
5763,32,1000000,0,user_30,831,831,
5778,33,670000,0,user_43,831,831,
5786,34,670000,0,user_47,831,831,
5787,35,660000,0,user_48,831,831,
5772,36,350000,0,user_38,831,831,
5776,37,310000,0,user_41,831,831,
5775,38,300000,0,user_41,831,831,
5761,39,220000,256000,user_26,831,831,
5762,40,220000,594000,user_29,831,831,
5781,41,220000,5640,user_44,831,831,
5767,42,190000,0,user_34,831,831,
5783,43,170000,0,user_45,831,831,
5780,44,160000,0,user_43,831,831,
5759,45,150000,0,user_21,831,831,
5768,46,150000,11200,user_36,831,831,
5756,47,120000,0,user_16,831,831,
5757,48,120000,0,user_17,831,831,
5790,49,120000,0,user_48,831,831,
5789,50,83000,0,user_48,831,831,
5788,51,80000,0,user_48,831,831,
5791,52,77000,0,user_48,831,831,
5838,0,30000000,0,user_45,832,832,
5822,1,19000000,0,user_24,832,832,
5823,2,19000000,0,user_25,832,832,
5836,3,5200000,121000,user_43,832,832,
5827,4,2000000,0,user_30,832,832,
5828,5,1500000,0,user_30,832,832,
5818,6,1400000,0,user_20,832,832,
5809,7,1100000,0,user_17,832,832,
5837,8,910000,0,user_43,832,832,
5821,9,870000,0,user_22,832,832,
5820,10,600000,0,user_22,832,832,
5826,11,460000,121000,user_27,832,832,
5817,12,340000,0,user_20,832,832,
5815,13,320000,769000,user_20,832,832,
5819,14,310000,0,user_21,832,832,
5835,15,260000,0,user_41,832,832,
5812,16,240000,0,user_19,832,832,
5829,17,240000,0,user_30,832,832,
5806,18,220001,0,user_15,832,832,5793
5793,19,220000,155000,user_0,832,832,
5810,20,220000,0,user_18,832,832,
5794,21,219999,0,user_3,832,832,5793
5795,22,219999,0,user_4,832,832,5793
5796,23,219999,0,user_6,832,832,5793
5797,24,219999,0,user_7,832,832,5793
5801,25,219999,0,user_10,832,832,5793
5802,26,219999,0,user_11,832,832,5793
5803,27,219999,0,user_12,832,832,5793
5804,28,219999,0,user_13,832,832,5793
5805,29,219999,0,user_15,832,832,5793
5807,30,190000,0,user_16,832,832,
5813,31,170000,0,user_19,832,832,
5839,32,170000,0,user_47,832,832,
5832,33,150000,0,user_37,832,832,
5811,34,120000,21800,user_19,832,832,
5825,35,120000,0,user_27,832,832,
5840,36,120000,0,user_49,832,832,
5816,37,110000,0,user_20,832,832,
5833,38,110000,0,user_38,832,832,
5831,39,100000,0,user_36,832,832,
5808,40,85000,0,user_16,832,832,
5824,41,83000,0,user_26,832,832,
5814,42,77000,0,user_20,832,832,
5830,43,73000,0,user_31,832,832,
5877,0,5200000,0,user_22,833,833,
5878,1,4200000,0,user_22,833,833,
5881,2,3500000,0,user_28,833,833,
5841,3,2500000,0,user_0,833,833,
5843,4,2400000,0,user_3,833,833,
5876,5,2100000,0,user_21,833,833,
5880,6,2000000,0,user_27,833,833,
5884,7,2000000,0,user_31,833,833,
5893,8,1700000,0,user_41,833,833,
5900,9,1400000,0,user_48,833,833,
5888,10,1000000,16400,user_38,833,833,
5842,11,670000,0,user_1,833,833,
5896,12,660000,0,user_43,833,833,
5883,13,600000,0,user_29,833,833,
5895,14,600000,0,user_42,833,833,
5882,15,470000,0,user_28,833,833,
5846,16,460001,0,user_5,833,833,5844
5850,17,460001,0,user_6,833,833,5844
5851,18,460001,0,user_7,833,833,5844
5852,19,460001,0,user_7,833,833,5844
5855,20,460001,0,user_10,833,833,5844
5856,21,460001,0,user_11,833,833,5844
5857,22,460001,0,user_11,833,833,5844
5859,23,460001,0,user_11,833,833,5844
5860,24,460001,0,user_11,833,833,5844
5866,25,460001,0,user_13,833,833,5844
5867,26,460001,0,user_13,833,833,5844
5870,27,460001,0,user_13,833,833,5844
5844,28,460000,24700,user_4,833,833,
5845,29,459999,0,user_5,833,833,5844
5847,30,459999,0,user_5,833,833,5844
5848,31,459999,0,user_5,833,833,5844
5849,32,459999,0,user_6,833,833,5844
5858,33,459999,0,user_11,833,833,5844
5861,34,459999,0,user_12,833,833,5844
5862,35,459999,0,user_12,833,833,5844
5863,36,459999,0,user_12,833,833,5844
5864,37,459999,0,user_12,833,833,5844
5865,38,459999,0,user_12,833,833,5844
5868,39,459999,0,user_13,833,833,5844
5869,40,459999,0,user_13,833,833,5844
5871,41,459999,0,user_14,833,833,5844
5872,42,459999,0,user_14,833,833,5844
5873,43,459999,0,user_15,833,833,5844
5894,44,320000,0,user_42,833,833,
5898,45,260000,0,user_47,833,833,
5897,46,240000,0,user_44,833,833,
5885,47,220000,121000,user_34,833,833,
5875,48,160000,0,user_20,833,833,
5879,49,150000,0,user_26,833,833,
5874,50,120000,18600,user_17,833,833,
5899,51,110000,0,user_47,833,833,
5887,52,100000,0,user_37,833,833,
5901,53,84000,0,user_49,833,833,
5905,0,19000000,0,user_4,834,834,
5933,1,6300000,0,user_27,834,834,
5949,2,5000000,0,user_36,834,834,
5950,3,4500000,0,user_38,834,834,
5962,4,4500000,0,user_48,834,834,
5927,5,2300000,0,user_20,834,834,
5946,6,2300000,0,user_34,834,834,
5932,7,2100000,0,user_27,834,834,
5952,8,2000000,0,user_41,834,834,
5902,9,1900000,0,user_0,834,834,
5907,10,1500001,0,user_7,834,834,5906
5908,11,1500001,0,user_8,834,834,5906
5909,12,1500001,0,user_8,834,834,5906
5914,13,1500001,0,user_13,834,834,5906
5918,14,1500001,0,user_14,834,834,5906
5919,15,1500001,0,user_14,834,834,5906
5906,16,1500000,769000,user_6,834,834,
5925,17,1500000,0,user_18,834,834,
5910,18,1499999,0,user_8,834,834,5906
5911,19,1499999,0,user_8,834,834,5906
5912,20,1499999,0,user_9,834,834,5906
5915,21,1499999,0,user_14,834,834,5906
5916,22,1499999,0,user_14,834,834,5906
5917,23,1499999,0,user_14,834,834,5906
5929,24,1400000,128000,user_24,834,834,
5930,25,1100000,0,user_25,834,834,
5903,26,970000,0,user_1,834,834,
5947,27,910000,0,user_36,834,834,
5956,28,910000,0,user_44,834,834,
5920,29,670000,0,user_17,834,834,
5944,30,660000,0,user_33,834,834,
5943,31,530000,0,user_32,834,834,
5948,32,460000,0,user_36,834,834,
5954,33,360000,0,user_43,834,834,
5936,34,320000,283000,user_27,834,834,
5938,35,320000,0,user_29,834,834,
5955,36,320000,0,user_43,834,834,
5924,37,310000,0,user_18,834,834,
5931,38,300000,0,user_26,834,834,
5923,39,260000,0,user_18,834,834,
5959,40,220000,64600,user_48,834,834,
5960,41,170000,66100,user_48,834,834,
5921,42,160000,0,user_18,834,834,
5937,43,160000,0,user_28,834,834,
5939,44,160000,0,user_29,834,834,
5953,45,160000,0,user_43,834,834,
5904,46,150000,0,user_4,834,834,
5934,47,150000,0,user_27,834,834,
5935,48,110000,64600,user_27,834,834,
5958,49,98000,0,user_48,834,834,
5961,50,83000,5630,user_48,834,834,
5922,51,80000,5180,user_18,834,834,
5945,52,73000,32900,user_34,834,834,
5963,0,6300000,0,user_0,835,835,
5993,1,5200000,0,user_35,835,835,
5965,2,4500000,0,user_2,835,835,
6000,3,4500000,0,user_39,835,835,
5980,4,4200000,0,user_17,835,835,
5986,5,3500000,0,user_24,835,835,
6007,6,3200000,0,user_46,835,835,
5964,7,2600000,0,user_1,835,835,
5998,8,2400000,0,user_38,835,835,
6003,9,2000000,0,user_40,835,835,
6006,10,1500000,0,user_46,835,835,
6004,11,1400000,0,user_42,835,835,
6014,12,1400000,0,user_49,835,835,
6005,13,1300000,100000,user_45,835,835,
5990,14,1100000,0,user_30,835,835,
5979,15,1000000,68100,user_17,835,835,
5999,16,970000,0,user_39,835,835,
5988,17,870000,0,user_27,835,835,
5989,18,870000,0,user_30,835,835,
6012,19,870000,0,user_48,835,835,
5983,20,670000,0,user_21,835,835,
5992,21,600000,0,user_33,835,835,
6013,22,530000,0,user_48,835,835,
5995,23,350000,15300,user_36,835,835,
5981,24,310000,0,user_18,835,835,
6008,25,260000,0,user_47,835,835,
6015,26,260000,0,user_49,835,835,
5978,27,220000,0,user_16,835,835,
5985,28,170000,0,user_22,835,835,
6002,29,170000,0,user_39,835,835,
5996,30,160000,0,user_37,835,835,
5997,31,120000,0,user_37,835,835,
6001,32,120000,0,user_39,835,835,
6009,33,110000,0,user_47,835,835,
6010,34,110000,0,user_48,835,835,
6011,35,110000,0,user_48,835,835,
5968,36,87001,0,user_7,835,835,5967
5970,37,87001,0,user_8,835,835,5967
5971,38,87001,0,user_9,835,835,5967
5973,39,87001,0,user_10,835,835,5967
5974,40,87001,0,user_10,835,835,5967
5987,41,87000,0,user_26,835,835,
5969,42,86999,0,user_8,835,835,5967
5972,43,86999,0,user_9,835,835,5967
5976,44,86999,0,user_12,835,835,5967
5977,45,86999,0,user_13,835,835,5967
5994,46,85000,0,user_35,835,835,
5966,47,83000,0,user_2,835,835,
5984,48,83000,0,user_21,835,835,
5991,49,82000,0,user_32,835,835,
6056,0,6300000,0,user_33,836,836,
6052,1,5000000,100000,user_30,836,836,
6063,2,5000000,0,user_37,836,836,
6064,3,5000000,0,user_38,836,836,
6069,4,4500000,0,user_41,836,836,
6044,5,4200000,0,user_23,836,836,
6065,6,4200000,0,user_38,836,836,
6040,7,3200000,0,user_23,836,836,
6045,8,2500000,779000,user_25,836,836,
6071,9,2500000,0,user_42,836,836,
6078,10,2300000,0,user_47,836,836,
6021,11,2100000,0,user_6,836,836,
6061,12,2000000,0,user_36,836,836,
6035,13,1900000,0,user_18,836,836,
6038,14,1900000,0,user_20,836,836,
6024,15,1500001,0,user_6,836,836,6023
6028,16,1500001,0,user_12,836,836,6023
6029,17,1500001,0,user_13,836,836,6023
6030,18,1500001,0,user_13,836,836,6023
6032,19,1500001,0,user_13,836,836,6023
6023,20,1500000,510000,user_6,836,836,
6027,21,1499999,0,user_12,836,836,6023
6031,22,1499999,0,user_13,836,836,6023
6033,23,1499999,0,user_13,836,836,6023
6073,24,1400000,16400,user_44,836,836,
6077,25,1100000,0,user_47,836,836,
6054,26,970000,0,user_32,836,836,
6047,27,870000,0,user_25,836,836,
6017,28,670000,0,user_1,836,836,
6049,29,660000,0,user_25,836,836,
6062,30,630000,0,user_36,836,836,
6076,31,600000,0,user_46,836,836,
6075,32,470000,64600,user_44,836,836,
6079,33,470000,0,user_48,836,836,
6018,34,460000,0,user_2,836,836,
6020,35,460000,0,user_6,836,836,
6046,36,420000,42000,user_25,836,836,
6034,37,360000,0,user_16,836,836,
6037,38,350000,0,user_19,836,836,
6019,39,300000,0,user_5,836,836,
6022,40,220000,0,user_6,836,836,
6050,41,220000,0,user_27,836,836,
6051,42,220000,0,user_28,836,836,
6055,43,220000,0,user_32,836,836,
6036,44,190000,0,user_19,836,836,
6053,45,170000,0,user_30,836,836,
6059,46,170000,0,user_36,836,836,
6068,47,170000,0,user_41,836,836,
6041,48,160000,0,user_23,836,836,
6016,49,130000,0,user_0,836,836,
6042,50,120000,0,user_23,836,836,
6043,51,120000,0,user_23,836,836,
6058,52,120000,0,user_36,836,836,
6060,53,120000,0,user_36,836,836,
6070,54,120000,0,user_42,836,836,
6039,55,110000,0,user_22,836,836,
6048,56,110000,594000,user_25,836,836,
6074,57,110000,959000,user_44,836,836,
6072,58,85000,0,user_43,836,836,
6080,59,80000,0,user_49,836,836,
6057,60,77000,0,user_34,836,836,
6067,61,70000,0,user_41,836,836,
6099,0,27000000,0,user_18,837,837,
6098,1,6100000,0,user_17,837,837,
6109,2,5000000,0,user_26,837,837,
6113,3,5000000,146000,user_34,837,837,
6124,4,5000000,164000,user_44,837,837,
6081,5,4500000,0,user_0,837,837,
6111,6,3500000,0,user_30,837,837,
6133,7,2500000,0,user_49,837,837,
6105,8,2000000,0,user_22,837,837,
6119,9,2000000,0,user_38,837,837,
6101,10,1900000,0,user_18,837,837,
6122,11,1700000,0,user_41,837,837,
6127,12,1700000,0,user_45,837,837,
6103,13,1500000,0,user_19,837,837,
6135,14,1200000,0,user_49,837,837,
6123,15,1000000,5640,user_43,837,837,
6128,16,1000000,18600,user_45,837,837,
6120,17,910000,139000,user_39,837,837,
6083,18,670000,0,user_2,837,837,
6117,19,650000,0,user_37,837,837,
6116,20,630000,0,user_37,837,837,
6097,21,460000,0,user_16,837,837,
6108,22,460000,0,user_24,837,837,
6129,23,420000,0,user_45,837,837,
6112,24,350000,0,user_33,837,837,
6131,25,350000,0,user_48,837,837,
6130,26,320000,0,user_47,837,837,
6096,27,310000,0,user_16,837,837,
6110,28,260000,0,user_27,837,837,
6125,29,260000,0,user_45,837,837,
6102,30,220000,0,user_18,837,837,
6132,31,190000,0,user_49,837,837,
6088,32,170001,0,user_3,837,837,6085
6090,33,170001,0,user_5,837,837,6085
6094,34,170001,0,user_11,837,837,6085
6095,35,170001,0,user_12,837,837,6085
6085,36,170000,195000,user_3,837,837,
6134,37,170000,285000,user_49,837,837,
6086,38,169999,0,user_3,837,837,6085
6087,39,169999,0,user_3,837,837,6085
6089,40,169999,0,user_5,837,837,6085
6100,41,150000,0,user_18,837,837,
6115,42,150000,769000,user_36,837,837,
6118,43,150000,0,user_37,837,837,
6084,44,120000,0,user_3,837,837,
6082,45,110000,0,user_1,837,837,
6107,46,87000,0,user_22,837,837,
6106,47,84000,0,user_22,837,837,
6126,48,83000,0,user_45,837,837,
6104,49,73000,0,user_22,837,837,
6158,0,30000000,0,user_19,838,838,
6157,1,5000000,0,user_18,838,838,
6160,2,5000000,0,user_21,838,838,
6169,3,5000000,0,user_25,838,838,
6171,4,5000000,67500,user_26,838,838,
6155,5,3600000,0,user_16,838,838,
6182,6,3600000,0,user_38,838,838,
6162,7,3200000,256000,user_21,838,838,
6166,8,3200000,0,user_22,838,838,
6165,9,2400000,0,user_22,838,838,
6177,10,2000000,195000,user_32,838,838,
6179,11,2000000,0,user_33,838,838,
6176,12,1700000,0,user_32,838,838,
6174,13,1600000,0,user_30,838,838,
6137,14,1500000,0,user_3,838,838,
6178,15,1300000,30200,user_33,838,838,
6181,16,1300000,0,user_35,838,838,
6136,17,1000000,0,user_0,838,838,
6184,18,1000000,0,user_41,838,838,
6173,19,970000,0,user_29,838,838,
6188,20,970000,0,user_47,838,838,
6161,21,630000,0,user_21,838,838,
6185,22,630000,0,user_41,838,838,
6164,23,600000,0,user_21,838,838,
6143,24,360001,0,user_9,838,838,6138
6144,25,360001,0,user_9,838,838,6138
6145,26,360001,0,user_9,838,838,6138
6146,27,360001,0,user_9,838,838,6138
6149,28,360001,0,user_12,838,838,6138
6151,29,360001,0,user_15,838,838,6138
6138,30,360000,4320000,user_4,838,838,
6139,31,359999,0,user_4,838,838,6138
6140,32,359999,0,user_5,838,838,6138
6147,33,359999,0,user_10,838,838,6138
6148,34,359999,0,user_10,838,838,6138
6150,35,359999,0,user_12,838,838,6138
6153,36,350000,0,user_16,838,838,
6152,37,300000,0,user_16,838,838,
6175,38,160000,0,user_30,838,838,
6154,39,150000,42000,user_16,838,838,
6163,40,120000,0,user_21,838,838,
6189,41,120000,0,user_48,838,838,
6172,42,98000,0,user_29,838,838,
6156,43,87000,0,user_17,838,838,
6183,44,83000,0,user_38,838,838,
6186,45,82000,49100,user_44,838,838,
6167,46,80000,19700,user_23,838,838,
6170,47,77000,0,user_26,838,838,
6180,48,73000,0,user_34,838,838,
6215,0,27000000,0,user_23,839,839,
6209,1,5000000,0,user_21,839,839,
6214,2,5000000,0,user_23,839,839,
6244,3,5000000,0,user_47,839,839,
6221,4,4200000,0,user_28,839,839,
6204,5,3200000,0,user_15,839,839,
6243,6,2500000,0,user_47,839,839,
6197,7,2300000,0,user_7,839,839,
6206,8,2000000,12300,user_18,839,839,
6208,9,1600000,0,user_20,839,839,
6234,10,1600000,0,user_39,839,839,
6237,11,1600000,0,user_43,839,839,
6193,12,1500000,0,user_1,839,839,
6202,13,1400000,0,user_13,839,839,
6231,14,1400000,0,user_36,839,839,
6210,15,1300000,0,user_22,839,839,
6203,16,1200000,0,user_14,839,839,
6212,17,1100000,0,user_23,839,839,
6226,18,1100000,215000,user_33,839,839,
6217,19,1000000,0,user_24,839,839,
6200,20,970000,0,user_12,839,839,
6241,21,630000,0,user_47,839,839,
6222,22,600000,350000,user_29,839,839,
6191,23,420000,0,user_0,839,839,
6207,24,420000,0,user_19,839,839,
6220,25,420000,256000,user_27,839,839,
6224,26,420000,0,user_31,839,839,
6228,27,420000,0,user_34,839,839,
6229,28,370000,0,user_34,839,839,
6232,29,370000,0,user_37,839,839,
6236,30,370000,0,user_42,839,839,
6213,31,350000,6390,user_23,839,839,
6194,32,320000,0,user_5,839,839,
6205,33,310000,0,user_17,839,839,
6227,34,310000,0,user_33,839,839,
6238,35,260000,0,user_45,839,839,
6223,36,240000,0,user_30,839,839,
6196,37,220000,0,user_6,839,839,
6201,38,220000,0,user_12,839,839,
6219,39,220000,0,user_26,839,839,
6192,40,160000,0,user_0,839,839,
6233,41,160000,0,user_38,839,839,
6195,42,150000,0,user_6,839,839,
6216,43,110000,0,user_24,839,839,
6239,44,110000,0,user_46,839,839,
6242,45,98000,0,user_47,839,839,
6218,46,87000,0,user_25,839,839,
6225,47,84000,0,user_31,839,839,
6245,48,84000,34700,user_49,839,839,
6211,49,80000,0,user_23,839,839,
6240,50,79000,0,user_46,839,839,
6235,51,73000,0,user_41,839,839,
6277,0,43000000,0,user_33,840,840,
6272,1,5000000,0,user_26,840,840,
6274,2,3600000,0,user_29,840,840,
6248,3,2600000,0,user_1,840,840,
6275,4,2500000,0,user_30,840,840,
6276,5,2400000,0,user_32,840,840,
6289,6,2400000,49100,user_46,840,840,
6255,7,2300001,0,user_7,840,840,6254
6256,8,2300001,0,user_8,840,840,6254
6257,9,2300001,0,user_9,840,840,6254
6258,10,2300001,0,user_12,840,840,6254
6254,11,2300000,146000,user_7,840,840,
6283,12,2300000,0,user_39,840,840,
6259,13,2299999,0,user_14,840,840,6254
6260,14,2299999,0,user_15,840,840,6254
6261,15,2299999,0,user_15,840,840,6254
6246,16,1800000,0,user_0,840,840,
6270,17,1700000,0,user_24,840,840,
6263,18,1400000,1100000,user_17,840,840,
6264,19,1400000,18600,user_18,840,840,
6262,20,1100000,0,user_16,840,840,
6247,21,1000000,0,user_0,840,840,
6279,22,1000000,285000,user_35,840,840,
6269,23,870000,0,user_24,840,840,
6267,24,670000,0,user_22,840,840,
6284,25,600000,17000,user_39,840,840,
6290,26,530000,0,user_46,840,840,
6281,27,460000,0,user_36,840,840,
6288,28,460000,67900,user_45,840,840,
6253,29,340000,0,user_7,840,840,
6286,30,220000,0,user_40,840,840,
6278,31,160000,10700,user_34,840,840,
6285,32,160000,0,user_39,840,840,
6266,33,150000,0,user_21,840,840,
6287,34,150000,0,user_44,840,840,
6250,35,130000,0,user_3,840,840,
6249,36,110000,0,user_2,840,840,
6273,37,110000,0,user_28,840,840,
6280,38,110000,0,user_36,840,840,
6282,39,87000,0,user_37,840,840,
6268,40,84000,0,user_23,840,840,
6291,41,79000,0,user_49,840,840,
6271,42,70000,0,user_26,840,840,
6318,0,6100000,0,user_26,841,841,
6329,1,5000000,35100,user_34,841,841,
6312,2,4200000,0,user_21,841,841,
6319,3,4200000,0,user_28,841,841,
6309,4,3500000,0,user_18,841,841,
6311,5,2500000,0,user_20,841,841,
6315,6,2500000,0,user_24,841,841,
6316,7,2400000,0,user_25,841,841,
6323,8,2400000,0,user_29,841,841,
6336,9,2400000,30200,user_46,841,841,
6330,10,2300000,0,user_37,841,841,
6324,11,2000000,0,user_29,841,841,
6307,12,1600000,0,user_16,841,841,
6314,13,1600000,0,user_24,841,841,
6317,14,1400000,0,user_25,841,841,
6338,15,1400000,0,user_47,841,841,
6332,16,1300000,0,user_42,841,841,
6333,17,1200000,0,user_43,841,841,
6294,18,1100000,0,user_4,841,841,
6337,19,910000,0,user_47,841,841,
6339,20,910000,0,user_48,841,841,
6320,21,870000,0,user_28,841,841,
6295,22,670000,0,user_4,841,841,
6292,23,650000,0,user_2,841,841,
6310,24,460000,15300,user_19,841,841,
6328,25,460000,0,user_33,841,841,
6327,26,420000,100000,user_32,841,841,
6326,27,370000,0,user_32,841,841,
6299,28,350001,0,user_7,841,841,6298
6306,29,350001,0,user_15,841,841,6298
6298,30,350000,13800,user_7,841,841,
6300,31,349999,0,user_8,841,841,6298
6302,32,349999,0,user_10,841,841,6298
6304,33,349999,0,user_12,841,841,6298
6305,34,349999,0,user_13,841,841,6298
6297,35,240000,0,user_6,841,841,
6340,36,220000,0,user_48,841,841,
6296,37,170000,0,user_5,841,841,
6334,38,170000,0,user_44,841,841,
6325,39,160000,17700000,user_31,841,841,
6293,40,150000,0,user_3,841,841,
6313,41,130000,0,user_23,841,841,
6321,42,130000,121000,user_29,841,841,
6308,43,120000,0,user_17,841,841,
6322,44,100000,0,user_29,841,841,
6335,45,82000,0,user_46,841,841,
6341,46,79000,0,user_49,841,841,
6392,0,43000000,0,user_43,842,842,
6343,1,19000001,0,user_3,842,842,6342
6345,2,19000001,0,user_3,842,842,6342
6346,3,19000001,0,user_5,842,842,6342
6349,4,19000001,0,user_6,842,842,6342
6351,5,19000001,0,user_8,842,842,6342
6353,6,19000001,0,user_11,842,842,6342
6344,7,18999999,0,user_3,842,842,6342
6347,8,18999999,0,user_5,842,842,6342
6348,9,18999999,0,user_6,842,842,6342
6350,10,18999999,0,user_7,842,842,6342
6352,11,18999999,0,user_9,842,842,6342
6354,12,18999999,0,user_11,842,842,6342
6355,13,18999999,0,user_12,842,842,6342
6356,14,18999999,0,user_14,842,842,6342
6357,15,18999999,0,user_15,842,842,6342
6367,16,3200000,0,user_20,842,842,
6390,17,3200000,67500,user_41,842,842,
6388,18,2400000,0,user_39,842,842,
6364,19,2100000,7190000,user_18,842,842,
6370,20,2000000,71800,user_22,842,842,
6369,21,1900000,0,user_22,842,842,
6396,22,1800000,0,user_48,842,842,
6380,23,1500000,0,user_31,842,842,
6361,24,1100000,594000,user_17,842,842,
6387,25,1000000,0,user_39,842,842,
6372,26,870000,0,user_24,842,842,
6373,27,670000,769000,user_25,842,842,
6365,28,650000,0,user_19,842,842,
6386,29,630000,0,user_38,842,842,
6397,30,470000,23500,user_49,842,842,
6381,31,460000,0,user_31,842,842,
6393,32,420000,0,user_44,842,842,
6377,33,370000,0,user_28,842,842,
6374,34,360000,0,user_25,842,842,
6378,35,350000,0,user_29,842,842,
6371,36,340000,0,user_23,842,842,
6383,37,320000,0,user_33,842,842,
6358,38,260000,0,user_16,842,842,
6391,39,220000,0,user_42,842,842,
6363,40,160000,0,user_17,842,842,
6366,41,160000,84800,user_20,842,842,
6389,42,120000,0,user_40,842,842,
6360,43,110000,3130,user_17,842,842,
6362,44,110000,0,user_17,842,842,
6368,45,110000,21800,user_21,842,842,
6384,46,110000,0,user_33,842,842,
6359,47,85000,8520,user_17,842,842,
6375,48,80000,0,user_25,842,842,
6379,49,80000,0,user_29,842,842,
6424,0,43000000,30200,user_32,843,843,
6415,1,4500000,0,user_19,843,843,
6421,2,4200000,0,user_27,843,843,
6423,3,3600000,0,user_30,843,843,
6422,4,3500000,0,user_30,843,843,
6413,5,2600000,17000,user_18,843,843,
6430,6,2000000,64600,user_42,843,843,
6437,7,2000000,0,user_49,843,843,
6432,8,1500000,0,user_45,843,843,
6417,9,1400000,0,user_20,843,843,
6414,10,1000000,0,user_18,843,843,
6435,11,870000,0,user_48,843,843,
6433,12,470000,0,user_46,843,843,
6412,13,320000,0,user_16,843,843,
6418,14,320000,0,user_21,843,843,
6425,15,260000,0,user_33,843,843,
6420,16,170000,11200,user_26,843,843,
6431,17,170000,73100,user_44,843,843,
6419,18,120000,0,user_25,843,843,
6434,19,120000,0,user_47,843,843,
6416,20,110000,0,user_19,843,843,
6429,21,110000,0,user_41,843,843,
6436,22,110000,0,user_49,843,843,
6402,23,84001,0,user_8,843,843,6399
6404,24,84001,0,user_12,843,843,6399
6405,25,84001,0,user_12,843,843,6399
6407,26,84001,0,user_13,843,843,6399
6408,27,84001,0,user_14,843,843,6399
6411,28,84001,0,user_14,843,843,6399
6399,29,84000,155000,user_3,843,843,
6400,30,83999,0,user_7,843,843,6399
6401,31,83999,0,user_7,843,843,6399
6403,32,83999,0,user_10,843,843,6399
6406,33,83999,0,user_13,843,843,6399
6409,34,83999,0,user_14,843,843,6399
6410,35,83999,0,user_14,843,843,6399
6398,36,79000,0,user_1,843,843,
6458,0,43000000,0,user_30,844,844,
6449,1,5200000,0,user_18,844,844,
6456,2,2400000,0,user_26,844,844,
6454,3,2100000,0,user_21,844,844,
6455,4,2000000,0,user_22,844,844,
6439,5,1600001,0,user_1,844,844,6438
6440,6,1600001,0,user_3,844,844,6438
6443,7,1600001,0,user_7,844,844,6438
6444,8,1600001,0,user_8,844,844,6438
6446,9,1600001,0,user_10,844,844,6438
6447,10,1600001,0,user_14,844,844,6438
6438,11,1600000,769000,user_0,844,844,
6451,12,1600000,0,user_18,844,844,
6457,13,1600000,0,user_27,844,844,
6441,14,1599999,0,user_5,844,844,6438
6442,15,1599999,0,user_6,844,844,6438
6466,16,1100000,0,user_41,844,844,
6450,17,220000,0,user_18,844,844,
6460,18,160000,0,user_33,844,844,
6459,19,150000,0,user_32,844,844,
6467,20,150000,7190000,user_48,844,844,
6453,21,130000,0,user_20,844,844,
6452,22,120000,0,user_18,844,844,
6461,23,120000,21800,user_34,844,844,
6448,24,82000,0,user_16,844,844,
6464,25,70000,0,user_38,844,844,
6513,0,43000000,5640,user_36,845,845,
6496,1,30000000,0,user_28,845,845,
6510,2,27000000,0,user_34,845,845,
6532,3,19000000,0,user_49,845,845,
6521,4,6300000,0,user_43,845,845,
6517,5,5000000,0,user_38,845,845,
6507,6,4500000,0,user_34,845,845,
6518,7,4200000,0,user_39,845,845,
6528,8,3600000,0,user_47,845,845,
6529,9,3600000,0,user_47,845,845,
6514,10,3500000,0,user_37,845,845,
6522,11,3500000,0,user_43,845,845,
6498,12,2500000,0,user_30,845,845,
6488,13,2400000,0,user_21,845,845,
6495,14,2400000,0,user_25,845,845,
6492,15,2000000,73100,user_23,845,845,
6486,16,1800000,0,user_19,845,845,
6499,17,1600000,47700,user_31,845,845,
6516,18,1600000,0,user_38,845,845,
6525,19,1600000,0,user_44,845,845,
6505,20,1500000,0,user_33,845,845,
6489,21,1400000,0,user_22,845,845,
6503,22,1200000,0,user_32,845,845,
6469,23,1000000,0,user_0,845,845,
6483,24,1000000,0,user_17,845,845,
6515,25,1000000,0,user_37,845,845,
6502,26,910000,0,user_32,845,845,
6519,27,600000,0,user_41,845,845,
6490,28,460000,0,user_22,845,845,
6491,29,460000,0,user_23,845,845,
6530,30,350000,0,user_48,845,845,
6487,31,310000,0,user_20,845,845,
6494,32,310000,0,user_24,845,845,
6531,33,310000,0,user_49,845,845,
6506,34,240000,24700,user_34,845,845,
6504,35,220000,0,user_33,845,845,
6508,36,170000,0,user_34,845,845,
6523,37,170000,0,user_43,845,845,
6526,38,170000,0,user_44,845,845,
6484,39,160000,0,user_18,845,845,
6501,40,160000,155000,user_32,845,845,
6473,41,150001,0,user_6,845,845,6470
6474,42,150001,0,user_7,845,845,6470
6477,43,150001,0,user_10,845,845,6470
6480,44,150001,0,user_12,845,845,6470
6481,45,150001,0,user_14,845,845,6470
6470,46,150000,5180,user_1,845,845,
6482,47,150000,0,user_16,845,845,
6485,48,150000,0,user_18,845,845,
6471,49,149999,0,user_2,845,845,6470
6472,50,149999,0,user_3,845,845,6470
6478,51,149999,0,user_11,845,845,6470
6479,52,149999,0,user_12,845,845,6470
6500,53,130000,0,user_32,845,845,
6527,54,120000,0,user_47,845,845,
6493,55,110000,350000,user_24,845,845,
6497,56,110000,0,user_29,845,845,
6509,57,84000,594000,user_34,845,845,
6520,58,83000,0,user_42,845,845,
6524,59,79000,0,user_43,845,845,
6468,60,73000,0,user_0,845,845,
6562,0,43000000,128000,user_19,846,846,
6567,1,30000000,121000,user_23,846,846,
6561,2,5000000,0,user_18,846,846,
6569,3,5000000,0,user_24,846,846,
6576,4,5000000,0,user_33,846,846,
6574,5,3500000,181000,user_29,846,846,
6581,6,3500000,195000,user_36,846,846,
6587,7,3500000,0,user_41,846,846,
6589,8,3500000,0,user_42,846,846,
6580,9,2400000,0,user_35,846,846,
6560,10,2000000,0,user_17,846,846,
6595,11,1500000,0,user_49,846,846,
6592,12,1400000,10700,user_46,846,846,
6566,13,1100000,0,user_22,846,846,
6584,14,1000000,0,user_38,846,846,
6577,15,660000,0,user_33,846,846,
6578,16,650000,0,user_33,846,846,
6593,17,650000,0,user_47,846,846,
6564,18,600000,0,user_19,846,846,
6558,19,470000,10700,user_16,846,846,
6565,20,470000,350000,user_20,846,846,
6568,21,460000,0,user_24,846,846,
6588,22,360000,0,user_41,846,846,
6537,23,350001,0,user_5,846,846,6533
6541,24,350001,0,user_9,846,846,6533
6542,25,350001,0,user_9,846,846,6533
6543,26,350001,0,user_11,846,846,6533
6544,27,350001,0,user_11,846,846,6533
6545,28,350001,0,user_11,846,846,6533
6547,29,350001,0,user_11,846,846,6533
6551,30,350001,0,user_13,846,846,6533
6552,31,350001,0,user_13,846,846,6533
6555,32,350001,0,user_15,846,846,6533
6534,33,349999,0,user_1,846,846,6533
6535,34,349999,0,user_4,846,846,6533
6536,35,349999,0,user_5,846,846,6533
6538,36,349999,0,user_5,846,846,6533
6539,37,349999,0,user_6,846,846,6533
6540,38,349999,0,user_9,846,846,6533
6546,39,349999,0,user_11,846,846,6533
6548,40,349999,0,user_12,846,846,6533
6549,41,349999,0,user_13,846,846,6533
6550,42,349999,0,user_13,846,846,6533
6554,43,349999,0,user_15,846,846,6533
6556,44,310000,13900,user_16,846,846,
6579,45,300000,0,user_34,846,846,
6559,46,220000,128000,user_16,846,846,
6575,47,220000,0,user_33,846,846,
6557,48,160000,0,user_16,846,846,
6583,49,160000,0,user_37,846,846,
6590,50,150000,0,user_44,846,846,
6573,51,110000,381000,user_28,846,846,
6586,52,110000,0,user_40,846,846,
6591,53,110000,39400,user_45,846,846,
6563,54,77000,0,user_19,846,846,
6582,55,70000,0,user_37,846,846,
6634,0,30000000,0,user_37,847,847,
6617,1,19000000,0,user_22,847,847,
6630,2,19000000,0,user_36,847,847,
6602,3,5000000,0,user_6,847,847,
6621,4,3500000,0,user_29,847,847,
6636,5,3500000,0,user_37,847,847,
6600,6,2600000,0,user_6,847,847,
6605,7,2600000,0,user_8,847,847,
6610,8,2600000,0,user_17,847,847,
6646,9,2600000,34700,user_44,847,847,
6596,10,2100000,0,user_1,847,847,
6620,11,2000000,0,user_28,847,847,
6642,12,2000000,510000,user_42,847,847,
6624,13,1900000,350000,user_31,847,847,
6609,14,1800000,16400,user_15,847,847,
6632,15,1600000,0,user_37,847,847,
6626,16,1500000,0,user_33,847,847,
6653,17,1400000,33300,user_49,847,847,
6615,18,1300000,0,user_22,847,847,
6606,19,1100000,0,user_11,847,847,
6623,20,1100000,0,user_30,847,847,
6650,21,1100000,64600,user_46,847,847,
6654,22,970000,0,user_49,847,847,
6601,23,910000,0,user_6,847,847,
6613,24,910000,283000,user_22,847,847,
6647,25,910000,0,user_44,847,847,
6629,26,670000,13900,user_35,847,847,
6599,27,630000,0,user_5,847,847,
6598,28,600000,0,user_4,847,847,
6638,29,470000,0,user_38,847,847,
6639,30,460000,0,user_39,847,847,
6597,31,420000,0,user_1,847,847,
6603,32,370000,0,user_6,847,847,
6633,33,360000,0,user_37,847,847,
6648,34,260000,0,user_45,847,847,
6643,35,160000,0,user_42,847,847,
6645,36,160000,0,user_42,847,847,
6644,37,150000,0,user_42,847,847,
6649,38,150000,0,user_45,847,847,
6612,39,120000,0,user_21,847,847,
6627,40,120000,0,user_35,847,847,
6635,41,120000,16400,user_37,847,847,
6641,42,120000,0,user_41,847,847,
6651,43,120000,0,user_47,847,847,
6616,44,110000,0,user_22,847,847,
6622,45,110000,0,user_29,847,847,
6608,46,85000,0,user_15,847,847,
6618,47,85000,0,user_23,847,847,
6614,48,84000,0,user_22,847,847,
6619,49,84000,0,user_28,847,847,
6611,50,83000,0,user_20,847,847,
6637,51,83000,5630,user_38,847,847,
6631,52,82000,0,user_36,847,847,
6607,53,77000,0,user_14,847,847,
6628,54,73000,0,user_35,847,847,
6677,0,43000000,13900,user_23,848,848,
6678,1,19000000,0,user_24,848,848,
6695,2,5200000,0,user_34,848,848,
6699,3,5200000,0,user_38,848,848,
6681,4,3500000,0,user_25,848,848,
6657,5,3200001,0,user_1,848,848,6656
6658,6,3200001,0,user_1,848,848,6656
6661,7,3200001,0,user_2,848,848,6656
6665,8,3200001,0,user_5,848,848,6656
6669,9,3200001,0,user_14,848,848,6656
6656,10,3200000,31700,user_0,848,848,
6659,11,3199999,0,user_1,848,848,6656
6660,12,3199999,0,user_1,848,848,6656
6662,13,3199999,0,user_3,848,848,6656
6663,14,3199999,0,user_4,848,848,6656
6664,15,3199999,0,user_5,848,848,6656
6666,16,3199999,0,user_10,848,848,6656
6667,17,3199999,0,user_11,848,848,6656
6668,18,3199999,0,user_13,848,848,6656
6687,19,2500000,0,user_27,848,848,
6691,20,2300000,0,user_31,848,848,
6655,21,2000000,0,user_0,848,848,
6686,22,2000000,0,user_27,848,848,
6673,23,1900000,0,user_18,848,848,
6682,24,1800000,0,user_26,848,848,
6693,25,1800000,0,user_32,848,848,
6685,26,1600000,0,user_27,848,848,
6670,27,1200000,0,user_16,848,848,
6705,28,1100000,0,user_49,848,848,
6675,29,1000000,0,user_21,848,848,
6683,30,670000,0,user_26,848,848,
6680,31,600000,0,user_25,848,848,
6704,32,470000,0,user_49,848,848,
6688,33,320000,0,user_28,848,848,
6690,34,310000,0,user_29,848,848,
6684,35,260000,0,user_27,848,848,
6689,36,260000,0,user_28,848,848,
6692,37,260000,0,user_31,848,848,
6702,38,260000,0,user_44,848,848,
6679,39,150000,0,user_24,848,848,
6671,40,130000,0,user_17,848,848,
6703,41,130000,0,user_45,848,848,
6700,42,110000,0,user_39,848,848,
6701,43,98000,0,user_42,848,848,
6676,44,87000,0,user_22,848,848,
6698,45,84000,0,user_37,848,848,
6672,46,83000,322000,user_17,848,848,
6674,47,79000,39400,user_18,848,848,
6694,48,77000,11200,user_32,848,848,
6710,0,6300000,0,user_3,849,849,
6725,1,6300000,283000,user_20,849,849,
6733,2,6300000,0,user_26,849,849,
6734,3,5200000,0,user_30,849,849,
6754,4,5200000,0,user_47,849,849,
6737,5,2600000,0,user_32,849,849,
6728,6,2400000,15700,user_23,849,849,
6749,7,2100000,0,user_42,849,849,
6723,8,2000000,0,user_18,849,849,
6741,9,2000000,13900,user_34,849,849,
6745,10,2000000,0,user_38,849,849,
6735,11,1500000,0,user_31,849,849,
6736,12,1500000,7840,user_32,849,849,
6726,13,1400000,0,user_21,849,849,
6713,14,1300001,0,user_8,849,849,6712
6715,15,1300001,0,user_10,849,849,6712
6712,16,1300000,13800,user_7,849,849,
6714,17,1299999,0,user_9,849,849,6712
6716,18,1299999,0,user_10,849,849,6712
6717,19,1299999,0,user_12,849,849,6712
6718,20,1299999,0,user_13,849,849,6712
6719,21,1299999,0,user_13,849,849,6712
6720,22,1299999,0,user_15,849,849,6712
6707,23,1100000,0,user_1,849,849,
6706,24,870000,0,user_0,849,849,
6727,25,670000,5180,user_22,849,849,
6729,26,630000,11200,user_23,849,849,
6724,27,530000,17000,user_20,849,849,
6722,28,470000,49100,user_17,849,849,
6739,29,460000,0,user_33,849,849,
6753,30,460000,0,user_46,849,849,
6730,31,420000,0,user_24,849,849,
6708,32,300000,0,user_1,849,849,
6738,33,240000,0,user_32,849,849,
6748,34,220000,0,user_42,849,849,
6751,35,220000,0,user_45,849,849,
6721,36,170000,0,user_16,849,849,
6744,37,150000,0,user_37,849,849,
6746,38,130000,0,user_39,849,849,
6743,39,120000,0,user_36,849,849,
6752,40,120000,0,user_46,849,849,
6709,41,110000,0,user_2,849,849,
6732,42,110000,0,user_26,849,849,
6740,43,110000,0,user_34,849,849,
6750,44,110000,0,user_44,849,849,
6742,45,85000,0,user_35,849,849,
6755,46,82000,0,user_49,849,849,
6747,47,73000,0,user_39,849,849,
6789,0,30000000,0,user_30,850,850,
6779,1,27000000,35600,user_21,850,850,
6798,2,27000000,0,user_38,850,850,
6794,3,6100000,0,user_33,850,850,
6758,4,4200001,0,user_2,850,850,6757
6761,5,4200001,0,user_4,850,850,6757
6762,6,4200001,0,user_6,850,850,6757
6769,7,4200001,0,user_10,850,850,6757
6771,8,4200001,0,user_10,850,850,6757
6775,9,4200001,0,user_15,850,850,6757
6757,10,4200000,108000,user_1,850,850,
6759,11,4199999,0,user_2,850,850,6757
6760,12,4199999,0,user_2,850,850,6757
6764,13,4199999,0,user_8,850,850,6757
6765,14,4199999,0,user_9,850,850,6757
6766,15,4199999,0,user_9,850,850,6757
6767,16,4199999,0,user_10,850,850,6757
6768,17,4199999,0,user_10,850,850,6757
6770,18,4199999,0,user_10,850,850,6757
6772,19,4199999,0,user_13,850,850,6757
6773,20,4199999,0,user_14,850,850,6757
6774,21,4199999,0,user_14,850,850,6757
6795,22,3200000,0,user_35,850,850,
6796,23,2000000,0,user_36,850,850,
6804,24,1900000,0,user_45,850,850,
6790,25,1300000,0,user_30,850,850,
6803,26,1300000,0,user_44,850,850,
6782,27,1100000,15700,user_22,850,850,
6801,28,1100000,0,user_42,850,850,
6807,29,630000,0,user_49,850,850,
6780,30,420000,13900,user_21,850,850,
6793,31,420000,0,user_33,850,850,
6778,32,300000,0,user_20,850,850,
6787,33,260000,0,user_28,850,850,
6806,34,260000,0,user_49,850,850,
6783,35,170000,0,user_23,850,850,
6786,36,170000,0,user_27,850,850,
6791,37,150000,0,user_30,850,850,
6756,38,120000,0,user_0,850,850,
6788,39,120000,0,user_29,850,850,
6797,40,120000,0,user_37,850,850,
6802,41,100000,0,user_43,850,850,
6781,42,98000,67900,user_21,850,850,
6785,43,98000,0,user_27,850,850,
6800,44,85000,0,user_41,850,850,
6776,45,80000,0,user_16,850,850,
6777,46,80000,0,user_18,850,850,
6832,0,6300000,66100,user_24,851,851,
6834,1,6100000,0,user_26,851,851,
6849,2,5200000,0,user_44,851,851,
6850,3,2400000,30200,user_45,851,851,
6842,4,2000000,0,user_34,851,851,
6838,5,1900000,139000,user_30,851,851,
6808,6,1700000,0,user_0,851,851,
6845,7,1500000,0,user_37,851,851,
6810,8,1400000,0,user_3,851,851,
6825,9,1400000,594000,user_19,851,851,
6840,10,1000000,164000,user_33,851,851,
6823,11,870000,30200,user_17,851,851,
6835,12,670000,0,user_26,851,851,
6824,13,460000,0,user_18,851,851,
6844,14,420000,24700,user_36,851,851,
6841,15,370000,0,user_33,851,851,
6830,16,360000,0,user_23,851,851,
6812,17,350001,0,user_5,851,851,6811
6813,18,350001,0,user_5,851,851,6811
6815,19,350001,0,user_7,851,851,6811
6818,20,350001,0,user_11,851,851,6811
6819,21,350001,0,user_12,851,851,6811
6820,22,350001,0,user_13,851,851,6811
6811,23,350000,195000,user_4,851,851,
6814,24,349999,0,user_6,851,851,6811
6817,25,349999,0,user_11,851,851,6811
6821,26,349999,0,user_15,851,851,6811
6822,27,349999,0,user_15,851,851,6811
6831,28,310000,0,user_24,851,851,
6839,29,220000,0,user_31,851,851,
6851,30,220000,0,user_46,851,851,
6836,31,160000,0,user_27,851,851,
6846,32,160000,7840,user_39,851,851,
6852,33,150000,0,user_49,851,851,
6837,34,130000,0,user_29,851,851,
6827,35,110000,0,user_21,851,851,
6828,36,110000,0,user_22,851,851,
6826,37,85000,0,user_20,851,851,
6809,38,79000,0,user_1,851,851,
6829,39,77000,0,user_23,851,851,
6833,40,73000,0,user_25,851,851,
6848,41,73000,12300,user_43,851,851,
6893,0,43000000,0,user_35,852,852,
6885,1,6300000,0,user_26,852,852,
6881,2,6100000,0,user_23,852,852,
6882,3,4500000,0,user_24,852,852,
6891,4,3600000,0,user_35,852,852,
6876,5,2300000,21800,user_19,852,852,
6890,6,2100000,0,user_35,852,852,
6895,7,2000000,0,user_36,852,852,
6887,8,1800000,34700,user_31,852,852,
6875,9,1000000,0,user_19,852,852,
6892,10,1000000,0,user_35,852,852,
6896,11,1000000,215000,user_36,852,852,
6897,12,910000,0,user_37,852,852,
6883,13,870000,0,user_26,852,852,
6889,14,420000,0,user_33,852,852,
6873,15,300000,0,user_18,852,852,
6901,16,300000,16400,user_41,852,852,
6902,17,300000,0,user_43,852,852,
6878,18,240000,0,user_21,852,852,
6898,19,240000,0,user_38,852,852,
6900,20,240000,0,user_40,852,852,
6880,21,220000,0,user_22,852,852,
6899,22,220000,0,user_39,852,852,
6877,23,190000,0,user_20,852,852,
6884,24,160000,0,user_26,852,852,
6886,25,150000,35600,user_29,852,852,
6879,26,110000,13900,user_22,852,852,
6894,27,110000,0,user_35,852,852,
6857,28,98001,0,user_5,852,852,6855
6860,29,98001,0,user_7,852,852,6855
6861,30,98001,0,user_8,852,852,6855
6863,31,98001,0,user_10,852,852,6855
6864,32,98001,0,user_11,852,852,6855
6865,33,98001,0,user_11,852,852,6855
6867,34,98001,0,user_14,852,852,6855
6869,35,98001,0,user_14,852,852,6855
6855,36,98000,510000,user_3,852,852,
6856,37,97999,0,user_4,852,852,6855
6858,38,97999,0,user_5,852,852,6855
6859,39,97999,0,user_6,852,852,6855
6862,40,97999,0,user_9,852,852,6855
6868,41,97999,0,user_14,852,852,6855
6870,42,97999,0,user_14,852,852,6855
6871,43,97999,0,user_15,852,852,6855
6903,44,85000,0,user_43,852,852,
6872,45,79000,0,user_16,852,852,
6874,46,73000,0,user_19,852,852,
6911,0,19000000,0,user_6,853,853,
6914,1,6300000,0,user_9,853,853,
6918,2,6300000,0,user_13,853,853,
6910,3,5200000,0,user_5,853,853,
6937,4,5200000,0,user_30,853,853,
6913,5,5000000,0,user_8,853,853,
6919,6,5000000,0,user_15,853,853,
6920,7,4500000,0,user_16,853,853,
6940,8,4200000,0,user_33,853,853,
6943,9,3600000,0,user_35,853,853,
6957,10,2600000,0,user_45,853,853,
6955,11,2100000,322000,user_43,853,853,
6926,12,2000000,0,user_21,853,853,
6954,13,1800000,0,user_42,853,853,
6908,14,1500000,0,user_4,853,853,
6949,15,1500000,0,user_38,853,853,
6942,16,1400000,0,user_34,853,853,
6934,17,1200000,16400,user_27,853,853,
6933,18,1000000,0,user_25,853,853,
6948,19,1000000,0,user_37,853,853,
6961,20,870000,34700,user_49,853,853,
6958,21,670000,0,user_47,853,853,
6953,22,660000,5630,user_42,853,853,
6959,23,660000,0,user_47,853,853,
6941,24,650000,0,user_33,853,853,
6906,25,530000,0,user_1,853,853,
6909,26,370000,0,user_5,853,853,
6925,27,340000,0,user_18,853,853,
6950,28,320000,0,user_38,853,853,
6915,29,310000,0,user_11,853,853,
6921,30,260000,161000,user_16,853,853,
6952,31,260000,0,user_39,853,853,
6931,32,220000,0,user_25,853,853,
6956,33,170000,0,user_44,853,853,
6907,34,150000,0,user_3,853,853,
6930,35,150000,42000,user_25,853,853,
6935,36,150000,0,user_28,853,853,
6923,37,130000,0,user_17,853,853,
6945,38,120000,0,user_37,853,853,
6924,39,110000,60700,user_18,853,853,
6932,40,110000,0,user_25,853,853,
6929,41,98000,0,user_25,853,853,
6922,42,87000,12300,user_16,853,853,
6944,43,87000,0,user_35,853,853,
6936,44,84000,0,user_29,853,853,
6946,45,83000,0,user_37,853,853,
6951,46,83000,0,user_39,853,853,
6947,47,77000,0,user_37,853,853,
6912,48,70000,0,user_8,853,853,
6988,0,27000000,0,user_30,854,854,
6993,1,5000000,60700,user_31,854,854,
6962,2,4200000,0,user_0,854,854,
7003,3,3200000,0,user_42,854,854,
6992,4,2300000,24700,user_31,854,854,
7008,5,2300000,0,user_45,854,854,
6995,6,2000000,0,user_33,854,854,
6997,7,1900000,0,user_36,854,854,
6967,8,1700000,0,user_3,854,854,
6982,9,1700000,0,user_28,854,854,
6990,10,1700000,0,user_31,854,854,
6979,11,1600000,0,user_23,854,854,
6963,12,1500000,0,user_0,854,854,
6980,13,1500000,195000,user_26,854,854,
7000,14,1500000,18600,user_39,854,854,
6987,15,1100000,0,user_29,854,854,
6996,16,1000000,0,user_34,854,854,
7001,17,1000000,0,user_40,854,854,
6966,18,970000,0,user_2,854,854,
6994,19,630000,0,user_32,854,854,
6964,20,470000,0,user_1,854,854,
6977,21,370000,73100,user_21,854,854,
6975,22,350000,0,user_17,854,854,
6983,23,310000,0,user_29,854,854,
6965,24,300000,0,user_1,854,854,
6986,25,220000,15100,user_29,854,854,
7002,26,220000,19700,user_40,854,854,
7004,27,220000,0,user_42,854,854,
6985,28,160000,0,user_29,854,854,
6998,29,160000,350000,user_37,854,854,
6976,30,150000,0,user_18,854,854,
6999,31,150000,0,user_38,854,854,
7009,32,120000,1100000,user_46,854,854,
6978,33,110000,0,user_23,854,854,
7005,34,110000,0,user_45,854,854,
7006,35,110000,46500,user_45,854,854,
7007,36,87000,0,user_45,854,854,
6981,37,83000,5630,user_27,854,854,
6984,38,83000,779000,user_29,854,854,
6989,39,83000,0,user_31,854,854,
6991,40,82000,0,user_31,854,854,
6971,41,77001,0,user_10,854,854,6968
6973,42,77001,0,user_14,854,854,6968
6974,43,76999,0,user_15,854,854,6968
7034,0,27000000,0,user_19,855,855,
7048,1,6100000,0,user_37,855,855,
7033,2,5000000,0,user_19,855,855,
7029,3,3600000,23500,user_18,855,855,
7011,4,2600000,0,user_0,855,855,
7050,5,2100000,0,user_38,855,855,
7055,6,2000000,0,user_44,855,855,
7063,7,2000000,0,user_49,855,855,
7056,8,1900000,0,user_45,855,855,
7053,9,1800000,43600,user_42,855,855,
7038,10,1500000,0,user_27,855,855,
7039,11,1500000,12800,user_28,855,855,
7059,12,1500000,0,user_48,855,855,
7054,13,1400000,0,user_43,855,855,
7040,14,1300000,3130,user_29,855,855,
7030,15,1200000,0,user_19,855,855,
7012,16,1100000,0,user_2,855,855,
7026,17,1100000,0,user_16,855,855,
7058,18,1100000,164000,user_47,855,855,
7060,19,1000000,0,user_48,855,855,
7061,20,970000,0,user_48,855,855,
7018,21,660001,0,user_10,855,855,7013
7019,22,660001,0,user_10,855,855,7013
7020,23,660001,0,user_12,855,855,7013
7021,24,660001,0,user_12,855,855,7013
7022,25,660001,0,user_12,855,855,7013
7024,26,660001,0,user_14,855,855,7013
7013,27,660000,11200,user_3,855,855,
7014,28,659999,0,user_4,855,855,7013
7015,29,659999,0,user_5,855,855,7013
7016,30,659999,0,user_6,855,855,7013
7023,31,659999,0,user_12,855,855,7013
7025,32,659999,0,user_15,855,855,7013
7047,33,370000,12300,user_36,855,855,
7046,34,350000,322000,user_36,855,855,
7057,35,340000,0,user_47,855,855,
7037,36,320000,0,user_22,855,855,
7042,37,310000,0,user_31,855,855,
7027,38,260000,67500,user_16,855,855,
7031,39,260000,128000,user_19,855,855,
7036,40,240000,0,user_20,855,855,
7051,41,150000,0,user_41,855,855,
7035,42,130000,0,user_20,855,855,
7028,43,120000,31700,user_17,855,855,
7032,44,120000,0,user_19,855,855,
7043,45,120000,0,user_33,855,855,
7052,46,120000,0,user_42,855,855,
7049,47,100000,0,user_37,855,855,
7010,48,83000,0,user_0,855,855,
7041,49,83000,0,user_30,855,855,
7062,50,73000,10700,user_48,855,855,
7070,0,27000000,0,user_5,856,856,
7072,1,6100000,0,user_6,856,856,
7107,2,6100000,31700,user_40,856,856,
7084,3,5200000,0,user_18,856,856,
7092,4,5200000,0,user_25,856,856,
7105,5,4500000,43600,user_35,856,856,
7114,6,3200000,10700,user_46,856,856,
7089,7,2300000,17700000,user_22,856,856,
7086,8,2000000,0,user_20,856,856,
7099,9,2000000,67900,user_29,856,856,
7093,10,1900000,56200,user_25,856,856,
7104,11,1600000,0,user_34,856,856,
7083,12,1500000,0,user_16,856,856,
7095,13,1500000,0,user_26,856,856,
7091,14,1400000,0,user_24,856,856,
7094,15,1300000,33100,user_26,856,856,
7066,16,1200000,0,user_0,856,856,
7101,17,1000000,13800,user_31,856,856,
7069,18,970000,0,user_5,856,856,
7106,19,970000,0,user_38,856,856,
7096,20,910000,0,user_27,856,856,
7102,21,910000,43600,user_32,856,856,
7097,22,670000,49100,user_27,856,856,
7098,23,630000,0,user_28,856,856,
7112,24,630000,0,user_44,856,856,
7090,25,460000,322000,user_23,856,856,
7113,26,420000,0,user_45,856,856,
7108,27,310000,0,user_42,856,856,
7075,28,260001,0,user_9,856,856,7074
7082,29,260001,0,user_15,856,856,7074
7074,30,260000,35600,user_7,856,856,
7076,31,259999,0,user_11,856,856,7074
7077,32,259999,0,user_13,856,856,7074
7078,33,259999,0,user_13,856,856,7074
7079,34,259999,0,user_13,856,856,7074
7080,35,259999,0,user_13,856,856,7074
7081,36,259999,0,user_14,856,856,7074
7065,37,160000,0,user_0,856,856,
7071,38,150000,0,user_6,856,856,
7085,39,150000,0,user_19,856,856,
7111,40,120000,0,user_44,856,856,
7088,41,110000,0,user_22,856,856,
7073,42,100000,0,user_7,856,856,
7068,43,85000,0,user_2,856,856,
7064,44,84000,0,user_0,856,856,
7155,0,43000000,13800,user_39,857,857,
7159,1,19000000,0,user_42,857,857,
7152,2,6300000,0,user_35,857,857,
7151,3,5200000,0,user_31,857,857,
7123,4,5000000,0,user_8,857,857,
7167,5,4500000,0,user_48,857,857,
7145,6,4200000,0,user_28,857,857,
7117,7,3600000,0,user_1,857,857,
7121,8,2300000,0,user_6,857,857,
7157,9,2000000,10700,user_41,857,857,
7164,10,1900000,32900,user_45,857,857,
7154,11,1800000,0,user_37,857,857,
7163,12,1800000,71800,user_45,857,857,
7119,13,1600000,0,user_3,857,857,
7156,14,1600000,71800,user_40,857,857,
7146,15,1400000,0,user_28,857,857,
7160,16,1400000,15300,user_43,857,857,
7144,17,1100000,0,user_28,857,857,
7162,18,1000000,0,user_44,857,857,
7165,19,1000000,0,user_47,857,857,
7141,20,870000,0,user_25,857,857,
7161,21,670000,195000,user_44,857,857,
7148,22,650000,0,user_29,857,857,
7129,23,630001,0,user_13,857,857,7125
7131,24,630001,0,user_14,857,857,7125
7125,25,630000,5630,user_10,857,857,
7127,26,629999,0,user_12,857,857,7125
7128,27,629999,0,user_12,857,857,7125
7130,28,629999,0,user_13,857,857,7125
7132,29,629999,0,user_14,857,857,7125
7153,30,420000,75000,user_36,857,857,
7137,31,360000,0,user_21,857,857,
7134,32,350000,13900,user_19,857,857,
7136,33,320000,19700,user_20,857,857,
7140,34,310000,0,user_24,857,857,
7168,35,310000,0,user_49,857,857,
7166,36,160000,0,user_47,857,857,
7120,37,150000,0,user_4,857,857,
7135,38,150000,64600,user_19,857,857,
7124,39,120000,0,user_8,857,857,
7143,40,120000,0,user_27,857,857,
7147,41,120000,0,user_28,857,857,
7122,42,110000,0,user_6,857,857,
7142,43,100000,16400,user_26,857,857,
7118,44,82000,0,user_3,857,857,
7158,45,79000,0,user_41,857,857,
7222,0,43000000,0,user_37,858,858,
7175,1,30000000,0,user_6,858,858,
7213,2,30000000,0,user_27,858,858,
7229,3,5200000,0,user_45,858,858,
7228,4,4500000,0,user_40,858,858,
7232,5,4500000,56200,user_49,858,858,
7177,6,3600000,0,user_6,858,858,
7196,7,2600000,0,user_16,858,858,
7203,8,2600000,24700,user_18,858,858,
7223,9,2600000,231000,user_37,858,858,
7199,10,2500000,0,user_17,858,858,
7226,11,2500000,0,user_39,858,858,
7174,12,2400000,0,user_5,858,858,
7204,13,1900000,0,user_18,858,858,
7216,14,1900000,0,user_30,858,858,
7201,15,1700000,0,user_17,858,858,
7180,16,1500001,0,user_9,858,858,7179
7183,17,1500001,0,user_9,858,858,7179
7184,18,1500001,0,user_9,858,858,7179
7187,19,1500001,0,user_13,858,858,7179
7188,20,1500001,0,user_13,858,858,7179
7190,21,1500001,0,user_13,858,858,7179
7193,22,1500001,0,user_15,858,858,7179
7194,23,1500001,0,user_15,858,858,7179
7179,24,1500000,146000,user_8,858,858,
7205,25,1500000,231000,user_19,858,858,
7210,26,1500000,0,user_26,858,858,
7220,27,1500000,0,user_35,858,858,
7181,28,1499999,0,user_9,858,858,7179
7182,29,1499999,0,user_9,858,858,7179
7186,30,1499999,0,user_12,858,858,7179
7189,31,1499999,0,user_13,858,858,7179
7191,32,1499999,0,user_13,858,858,7179
7195,33,1499999,0,user_15,858,858,7179
7171,34,1400000,0,user_3,858,858,
7197,35,1000000,0,user_16,858,858,
7217,36,870000,0,user_30,858,858,
7225,37,870000,0,user_38,858,858,
7207,38,650000,0,user_23,858,858,
7176,39,530000,0,user_6,858,858,
7227,40,370000,0,user_40,858,858,
7221,41,360000,0,user_36,858,858,
7206,42,350000,0,user_21,858,858,
7208,43,350000,0,user_23,858,858,
7231,44,320000,959000,user_48,858,858,
7224,45,300000,71800,user_38,858,858,
7212,46,170000,0,user_26,858,858,
7169,47,160000,0,user_0,858,858,
7198,48,160000,0,user_17,858,858,
7209,49,160000,0,user_25,858,858,
7211,50,160000,0,user_26,858,858,
7178,51,120000,0,user_7,858,858,
7218,52,110000,0,user_33,858,858,
7172,53,79000,0,user_3,858,858,
7219,54,79000,0,user_34,858,858,
7202,55,77000,0,user_17,858,858,
7200,56,73000,0,user_17,858,858,
7284,0,43000000,0,user_34,859,859,
7290,1,27000000,0,user_40,859,859,
7294,2,27000000,769000,user_44,859,859,
7272,3,3600000,0,user_25,859,859,
7297,4,2500000,23500,user_48,859,859,
7263,5,2400000,0,user_20,859,859,
7237,6,2300001,0,user_4,859,859,7235
7241,7,2300001,0,user_7,859,859,7235
7242,8,2300001,0,user_8,859,859,7235
7243,9,2300001,0,user_9,859,859,7235
7244,10,2300001,0,user_9,859,859,7235
7246,11,2300001,0,user_10,859,859,7235
7247,12,2300001,0,user_10,859,859,7235
7248,13,2300001,0,user_10,859,859,7235
7254,14,2300001,0,user_15,859,859,7235
7235,15,2300000,14200,user_2,859,859,
7238,16,2299999,0,user_4,859,859,7235
7239,17,2299999,0,user_5,859,859,7235
7240,18,2299999,0,user_6,859,859,7235
7245,19,2299999,0,user_10,859,859,7235
7249,20,2299999,0,user_10,859,859,7235
7250,21,2299999,0,user_13,859,859,7235
7251,22,2299999,0,user_13,859,859,7235
7252,23,2299999,0,user_13,859,859,7235
7253,24,2299999,0,user_13,859,859,7235
7255,25,2299999,0,user_15,859,859,7235
7289,26,2000000,256000,user_39,859,859,
7277,27,1900000,0,user_29,859,859,
7288,28,1900000,0,user_38,859,859,
7268,29,1700000,139000,user_22,859,859,
7270,30,1600000,0,user_24,859,859,
7280,31,1600000,67500,user_29,859,859,
7279,32,1400000,0,user_29,859,859,
7273,33,1300000,0,user_26,859,859,
7259,34,1000000,0,user_18,859,859,
7278,35,1000000,7190000,user_29,859,859,
7256,36,910000,17000,user_16,859,859,
7267,37,910000,0,user_22,859,859,
7269,38,670000,0,user_23,859,859,
7295,39,420000,100000,user_45,859,859,
7233,40,360000,0,user_0,859,859,
7274,41,310000,0,user_28,859,859,
7276,42,310000,0,user_29,859,859,
7287,43,260000,0,user_38,859,859,
7292,44,220000,0,user_42,859,859,
7257,45,170000,369000,user_17,859,859,
7260,46,160000,0,user_19,859,859,
7285,47,150000,0,user_35,859,859,
7261,48,120000,0,user_20,859,859,
7262,49,120000,0,user_20,859,859,
7265,50,100000,21800,user_20,859,859,
7286,51,100000,0,user_37,859,859,
7275,52,82000,15700,user_28,859,859,
7264,53,80000,0,user_20,859,859,
7271,54,79000,0,user_25,859,859,
7258,55,70000,0,user_17,859,859,
7331,0,30000000,0,user_29,860,860,
7345,1,27000000,23500,user_48,860,860,
7335,2,5200000,0,user_33,860,860,
7313,3,2600000,0,user_16,860,860,
7326,4,2500000,42000,user_24,860,860,
7306,5,2400001,0,user_3,860,860,7305
7307,6,2400001,0,user_5,860,860,7305
7309,7,2400001,0,user_8,860,860,7305
7310,8,2400001,0,user_10,860,860,7305
7311,9,2400001,0,user_12,860,860,7305
7312,10,2400001,0,user_14,860,860,7305
7305,11,2400000,47700,user_2,860,860,
7330,12,2400000,0,user_28,860,860,
7308,13,2399999,0,user_6,860,860,7305
7342,14,2300000,0,user_44,860,860,
7339,15,2000000,0,user_37,860,860,
7303,16,1500000,0,user_2,860,860,
7324,17,1500000,0,user_23,860,860,
7332,18,1500000,0,user_31,860,860,
7333,19,1500000,19700,user_31,860,860,
7338,20,1500000,0,user_37,860,860,
7320,21,1300000,0,user_20,860,860,
7318,22,1100000,0,user_17,860,860,
7337,23,1000000,0,user_35,860,860,
7319,24,970000,0,user_19,860,860,
7317,25,910000,0,user_16,860,860,
7321,26,910000,0,user_20,860,860,
7322,27,910000,0,user_21,860,860,
7328,28,630000,0,user_26,860,860,
7340,29,420000,0,user_39,860,860,
7327,30,220000,0,user_26,860,860,
7301,31,170000,0,user_2,860,860,
7302,32,170000,0,user_2,860,860,
7304,33,170000,0,user_2,860,860,
7341,34,160000,0,user_41,860,860,
7316,35,110000,18600,user_16,860,860,
7323,36,110000,0,user_22,860,860,
7325,37,110000,0,user_24,860,860,
7314,38,98000,0,user_16,860,860,
7315,39,82000,410000,user_16,860,860,
7348,0,30000001,0,user_2,861,861,7347
7350,1,30000001,0,user_4,861,861,7347
7352,2,30000001,0,user_4,861,861,7347
7353,3,30000001,0,user_5,861,861,7347
7355,4,30000001,0,user_7,861,861,7347
7358,5,30000001,0,user_11,861,861,7347
7360,6,30000001,0,user_12,861,861,7347
7361,7,30000001,0,user_13,861,861,7347
7362,8,30000001,0,user_15,861,861,7347
7347,9,30000000,12300,user_1,861,861,
7377,10,30000000,0,user_24,861,861,
7349,11,29999999,0,user_4,861,861,7347
7351,12,29999999,0,user_4,861,861,7347
7354,13,29999999,0,user_6,861,861,7347
7356,14,29999999,0,user_8,861,861,7347
7357,15,29999999,0,user_9,861,861,7347
7359,16,29999999,0,user_11,861,861,7347
7368,17,19000000,0,user_20,861,861,
7391,18,6100000,0,user_34,861,861,
7372,19,5000000,296000,user_23,861,861,
7397,20,3600000,0,user_38,861,861,
7394,21,3500000,0,user_36,861,861,
7399,22,3500000,17700000,user_40,861,861,
7395,23,3200000,181000,user_36,861,861,
7373,24,2600000,0,user_23,861,861,
7378,25,2400000,0,user_24,861,861,
7406,26,2300000,0,user_49,861,861,
7371,27,1400000,49100,user_23,861,861,
7393,28,1200000,0,user_36,861,861,
7385,29,970000,0,user_28,861,861,
7364,30,910000,0,user_17,861,861,
7369,31,870000,0,user_21,861,861,
7390,32,870000,0,user_32,861,861,
7367,33,660000,0,user_19,861,861,
7403,34,660000,0,user_46,861,861,
7379,35,320000,8520,user_24,861,861,
7404,36,320000,0,user_46,861,861,
7392,37,310000,0,user_35,861,861,
7402,38,310000,0,user_45,861,861,
7363,39,220000,0,user_17,861,861,
7396,40,220000,0,user_37,861,861,
7374,41,170000,0,user_23,861,861,
7400,42,170000,0,user_43,861,861,
7376,43,160000,0,user_24,861,861,
7366,44,130000,0,user_17,861,861,
7375,45,87000,0,user_23,861,861,
7401,46,87000,71800,user_44,861,861,
7365,47,84000,215000,user_17,861,861,
7370,48,77000,0,user_22,861,861,
7469,0,6300000,0,user_47,862,862,
7443,1,5200000,0,user_28,862,862,
7453,2,5200000,0,user_32,862,862,
7433,3,5000000,0,user_18,862,862,
7434,4,5000000,0,user_19,862,862,
7441,5,5000000,0,user_26,862,862,
7440,6,3500000,66100,user_25,862,862,
7456,7,3500000,0,user_34,862,862,
7432,8,2500000,510000,user_17,862,862,
7444,9,2300000,49100,user_28,862,862,
7446,10,2100000,769000,user_29,862,862,
7467,11,2000000,0,user_44,862,862,
7439,12,1900000,0,user_23,862,862,
7462,13,1800000,0,user_37,862,862,
7448,14,1600000,0,user_29,862,862,
7414,15,1400001,0,user_3,862,862,7411
7415,16,1400001,0,user_4,862,862,7411
7416,17,1400001,0,user_4,862,862,7411
7417,18,1400001,0,user_5,862,862,7411
7420,19,1400001,0,user_6,862,862,7411
7421,20,1400001,0,user_7,862,862,7411
7424,21,1400001,0,user_10,862,862,7411
7425,22,1400001,0,user_11,862,862,7411
7428,23,1400001,0,user_14,862,862,7411
7430,24,1400001,0,user_15,862,862,7411
7411,25,1400000,32900,user_1,862,862,
7412,26,1399999,0,user_1,862,862,7411
7413,27,1399999,0,user_2,862,862,7411
7418,28,1399999,0,user_5,862,862,7411
7419,29,1399999,0,user_6,862,862,7411
7426,30,1399999,0,user_12,862,862,7411
7427,31,1399999,0,user_14,862,862,7411
7429,32,1399999,0,user_15,862,862,7411
7468,33,1100000,12800,user_46,862,862,
7463,34,1000000,0,user_38,862,862,
7450,35,420000,0,user_30,862,862,
7431,36,370000,0,user_16,862,862,
7438,37,370000,0,user_23,862,862,
7408,38,360000,0,user_0,862,862,
7454,39,310000,0,user_33,862,862,
7459,40,310000,0,user_36,862,862,
7461,41,310000,23500,user_37,862,862,
7460,42,300000,0,user_36,862,862,
7464,43,300000,0,user_42,862,862,
7435,44,220000,0,user_20,862,862,
7447,45,220000,0,user_29,862,862,
7465,46,220000,0,user_42,862,862,
7445,47,170000,0,user_29,862,862,
7452,48,160000,0,user_31,862,862,
7436,49,150000,0,user_21,862,862,
7437,50,150000,68100,user_21,862,862,
7458,51,150000,0,user_34,862,862,
7470,52,120000,0,user_49,862,862,
7455,53,110000,0,user_34,862,862,
7466,54,110000,0,user_44,862,862,
7407,55,98000,0,user_0,862,862,
7410,56,98000,0,user_0,862,862,
7449,57,85000,71800,user_29,862,862,
7451,58,80000,0,user_30,862,862,
7457,59,79000,0,user_34,862,862,
7409,60,77000,0,user_0,862,862,
7442,61,77000,256000,user_26,862,862,
7496,0,19000000,0,user_32,863,863,
7498,1,6100000,15300,user_35,863,863,
7492,2,5200000,0,user_27,863,863,
7485,3,5000000,0,user_17,863,863,
7488,4,2500000,0,user_21,863,863,
7489,5,2300000,0,user_22,863,863,
7493,6,2100000,0,user_28,863,863,
7504,7,1900000,4320000,user_44,863,863,
7486,8,1300000,0,user_18,863,863,
7499,9,1100000,0,user_36,863,863,
7503,10,870000,46500,user_43,863,863,
7490,11,630000,0,user_25,863,863,
7502,12,460000,0,user_40,863,863,
7487,13,350000,0,user_21,863,863,
7495,14,220000,0,user_31,863,863,
7497,15,190000,0,user_34,863,863,
7501,16,150000,42000,user_39,863,863,
7505,17,130000,0,user_45,863,863,
7473,18,120001,0,user_1,863,863,7471
7474,19,120001,0,user_2,863,863,7471
7475,20,120001,0,user_3,863,863,7471
7476,21,120001,0,user_6,863,863,7471
7479,22,120001,0,user_10,863,863,7471
7480,23,120001,0,user_11,863,863,7471
7481,24,120001,0,user_11,863,863,7471
7482,25,120001,0,user_14,863,863,7471
7483,26,120001,0,user_14,863,863,7471
7471,27,120000,17000,user_0,863,863,
7472,28,119999,0,user_1,863,863,7471
7478,29,119999,0,user_10,863,863,7471
7484,30,119999,0,user_15,863,863,7471
7506,31,110000,0,user_46,863,863,
7494,32,77000,0,user_30,863,863,
5590,0,4200001,0,user_5,864,864,5587
5591,1,4200001,0,user_6,864,864,5587
5596,2,4200001,0,user_12,864,864,5587
5597,3,4200001,0,user_13,864,864,5587
5598,4,4200001,0,user_13,864,864,5587
5599,5,4200001,0,user_14,864,864,5587
5587,6,4200000,322000,user_1,864,864,
5625,7,4200000,0,user_48,864,864,
5626,8,4200000,0,user_49,864,864,
5588,9,4199999,0,user_2,864,864,5587
5589,10,4199999,0,user_4,864,864,5587
5592,11,4199999,0,user_7,864,864,5587
5593,12,4199999,0,user_8,864,864,5587
5594,13,4199999,0,user_9,864,864,5587
5595,14,4199999,0,user_11,864,864,5587
5600,15,4199999,0,user_15,864,864,5587
5612,16,3200000,0,user_35,864,864,
5607,17,2500000,0,user_26,864,864,
5611,18,2000000,0,user_35,864,864,
5604,19,1600000,0,user_22,864,864,
5601,20,1500000,0,user_18,864,864,
5602,21,1200000,0,user_19,864,864,
5615,22,1200000,0,user_39,864,864,
5608,23,1100000,0,user_26,864,864,
5620,24,530000,0,user_43,864,864,
5603,25,340000,283000,user_22,864,864,
5614,26,220000,0,user_37,864,864,
5617,27,220000,0,user_41,864,864,
5613,28,170000,0,user_36,864,864,
5627,29,160000,0,user_49,864,864,
5619,30,150000,0,user_43,864,864,
5624,31,150000,0,user_47,864,864,
5622,32,120000,350000,user_43,864,864,
5610,33,110000,161000,user_33,864,864,
5621,34,110000,0,user_43,864,864,
5616,35,80000,0,user_40,864,864,
5629,0,5000000,0,user_1,865,865,
5656,1,5000000,0,user_26,865,865,
5661,2,5000000,410000,user_27,865,865,
5680,3,5000000,0,user_48,865,865,
5647,4,4500000,0,user_16,865,865,
5637,5,4200001,0,user_10,865,865,5635
5639,6,4200001,0,user_12,865,865,5635
5640,7,4200001,0,user_12,865,865,5635
5641,8,4200001,0,user_12,865,865,5635
5643,9,4200001,0,user_13,865,865,5635
5644,10,4200001,0,user_13,865,865,5635
5635,11,4200000,350000,user_10,865,865,
5636,12,4199999,0,user_10,865,865,5635
5638,13,4199999,0,user_12,865,865,5635
5642,14,4199999,0,user_12,865,865,5635
5645,15,4199999,0,user_14,865,865,5635
5676,16,3600000,0,user_43,865,865,
5653,17,3200000,0,user_23,865,865,
5663,18,2300000,73100,user_28,865,865,
5670,19,2300000,0,user_36,865,865,
5681,20,1900000,0,user_48,865,865,
5673,21,1500000,5640,user_40,865,865,
5679,22,1400000,0,user_48,865,865,
5684,23,970000,11200,user_49,865,865,
5660,24,910000,0,user_27,865,865,
5628,25,670000,0,user_0,865,865,
5665,26,660000,0,user_30,865,865,
5668,27,630000,0,user_34,865,865,
5658,28,530000,0,user_26,865,865,
5678,29,470000,0,user_47,865,865,
5683,30,350000,0,user_49,865,865,
5659,31,320000,0,user_26,865,865,
5648,32,310000,0,user_18,865,865,
5652,33,300000,0,user_23,865,865,
5682,34,260000,0,user_48,865,865,
5646,35,220000,0,user_16,865,865,
5672,36,170000,0,user_40,865,865,
5655,37,160000,0,user_26,865,865,
5657,38,160000,0,user_26,865,865,
5650,39,150000,0,user_21,865,865,
5671,40,150000,0,user_39,865,865,
5634,41,110000,0,user_9,865,865,
5666,42,110000,0,user_31,865,865,
5669,43,110000,0,user_35,865,865,
5667,44,100000,0,user_33,865,865,
5651,45,87000,0,user_22,865,865,
5664,46,84000,0,user_29,865,865,
5677,47,84000,0,user_46,865,865,
5662,48,82000,0,user_28,865,865,
5630,49,79000,0,user_2,865,865,
5633,50,79000,0,user_8,865,865,
5674,51,79000,0,user_40,865,865,
5632,52,70000,0,user_7,865,865,
5714,0,19000000,0,user_28,866,866,
5722,1,3600000,0,user_36,866,866,
5732,2,3600000,0,user_41,866,866,
5704,3,3200000,0,user_18,866,866,
5735,4,3200000,256000,user_47,866,866,
5703,5,1500000,0,user_17,866,866,
5717,6,1500000,0,user_32,866,866,
5715,7,1400000,0,user_31,866,866,
5724,8,1400000,0,user_37,866,866,
5730,9,1400000,0,user_39,866,866,
5720,10,1300000,0,user_36,866,866,
5723,11,1200000,0,user_36,866,866,
5706,12,1100000,146000,user_19,866,866,
5737,13,1100000,0,user_49,866,866,
5721,14,1000000,60700,user_36,866,866,
5725,15,1000000,0,user_38,866,866,
5707,16,650000,0,user_21,866,866,
5708,17,340000,0,user_21,866,866,
5727,18,340000,0,user_39,866,866,
5712,19,320000,33300,user_26,866,866,
5713,20,260000,0,user_26,866,866,
5726,21,220000,0,user_38,866,866,
5734,22,220000,769000,user_46,866,866,
5702,23,170000,0,user_16,866,866,
5687,24,160001,0,user_2,866,866,5685
5690,25,160001,0,user_4,866,866,5685
5691,26,160001,0,user_5,866,866,5685
5693,27,160001,0,user_7,866,866,5685
5694,28,160001,0,user_7,866,866,5685
5700,29,160001,0,user_12,866,866,5685
5685,30,160000,49100,user_0,866,866,
5686,31,159999,0,user_0,866,866,5685
5688,32,159999,0,user_2,866,866,5685
5689,33,159999,0,user_3,866,866,5685
5692,34,159999,0,user_6,866,866,5685
5697,35,159999,0,user_10,866,866,5685
5698,36,159999,0,user_10,866,866,5685
5699,37,159999,0,user_11,866,866,5685
5701,38,159999,0,user_14,866,866,5685
5709,39,150000,0,user_22,866,866,
5710,40,120000,0,user_23,866,866,
5705,41,110000,0,user_18,866,866,
5729,42,110000,0,user_39,866,866,
5733,43,110000,0,user_43,866,866,
5716,44,98000,381000,user_31,866,866,
5711,45,85000,0,user_24,866,866,
5736,46,84000,0,user_47,866,866,
5718,47,82000,0,user_33,866,866,
5731,48,73000,146000,user_39,866,866,
5728,49,70000,0,user_39,866,866,
5782,0,43000000,0,user_44,867,867,
5777,1,6300000,0,user_42,867,867,
5758,2,5200000,0,user_20,867,867,
5760,3,5000000,0,user_23,867,867,
5779,4,4200000,0,user_43,867,867,
5771,5,3200000,0,user_37,867,867,
5784,6,2600000,0,user_46,867,867,
5742,7,2400001,0,user_2,867,867,5739
5744,8,2400001,0,user_5,867,867,5739
5745,9,2400001,0,user_7,867,867,5739
5746,10,2400001,0,user_7,867,867,5739
5752,11,2400001,0,user_11,867,867,5739
5753,12,2400001,0,user_13,867,867,5739
5739,13,2400000,1100000,user_0,867,867,
5769,14,2400000,0,user_36,867,867,
5792,15,2400000,35100,user_49,867,867,
5740,16,2399999,0,user_1,867,867,5739
5741,17,2399999,0,user_1,867,867,5739
5743,18,2399999,0,user_3,867,867,5739
5747,19,2399999,0,user_7,867,867,5739
5748,20,2399999,0,user_7,867,867,5739
5750,21,2399999,0,user_10,867,867,5739
5751,22,2399999,0,user_11,867,867,5739
5754,23,2399999,0,user_14,867,867,5739
5755,24,2399999,0,user_15,867,867,5739
5765,25,2000000,0,user_33,867,867,
5770,26,2000000,0,user_37,867,867,
5764,27,1900000,12800,user_32,867,867,
5785,28,1700000,0,user_47,867,867,
5774,29,1500000,0,user_41,867,867,
5766,30,1100000,11200,user_33,867,867,
5738,31,1000000,0,user_0,867,867,
5763,32,1000000,0,user_30,867,867,
5778,33,670000,0,user_43,867,867,
5786,34,670000,0,user_47,867,867,
5787,35,660000,0,user_48,867,867,
5772,36,350000,0,user_38,867,867,
5776,37,310000,0,user_41,867,867,
5775,38,300000,0,user_41,867,867,
5761,39,220000,256000,user_26,867,867,
5762,40,220000,594000,user_29,867,867,
5781,41,220000,5640,user_44,867,867,
5767,42,190000,0,user_34,867,867,
5783,43,170000,0,user_45,867,867,
5780,44,160000,0,user_43,867,867,
5759,45,150000,0,user_21,867,867,
5768,46,150000,11200,user_36,867,867,
5756,47,120000,0,user_16,867,867,
5757,48,120000,0,user_17,867,867,
5790,49,120000,0,user_48,867,867,
5789,50,83000,0,user_48,867,867,
5788,51,80000,0,user_48,867,867,
5791,52,77000,0,user_48,867,867,
5838,0,30000000,0,user_45,868,868,
5822,1,19000000,0,user_24,868,868,
5823,2,19000000,0,user_25,868,868,
5836,3,5200000,121000,user_43,868,868,
5827,4,2000000,0,user_30,868,868,
5828,5,1500000,0,user_30,868,868,
5818,6,1400000,0,user_20,868,868,
5809,7,1100000,0,user_17,868,868,
5837,8,910000,0,user_43,868,868,
5821,9,870000,0,user_22,868,868,
5820,10,600000,0,user_22,868,868,
5826,11,460000,121000,user_27,868,868,
5817,12,340000,0,user_20,868,868,
5815,13,320000,769000,user_20,868,868,
5819,14,310000,0,user_21,868,868,
5835,15,260000,0,user_41,868,868,
5812,16,240000,0,user_19,868,868,
5829,17,240000,0,user_30,868,868,
5806,18,220001,0,user_15,868,868,5793
5793,19,220000,155000,user_0,868,868,
5810,20,220000,0,user_18,868,868,
5794,21,219999,0,user_3,868,868,5793
5795,22,219999,0,user_4,868,868,5793
5796,23,219999,0,user_6,868,868,5793
5797,24,219999,0,user_7,868,868,5793
5801,25,219999,0,user_10,868,868,5793
5802,26,219999,0,user_11,868,868,5793
5803,27,219999,0,user_12,868,868,5793
5804,28,219999,0,user_13,868,868,5793
5805,29,219999,0,user_15,868,868,5793
5807,30,190000,0,user_16,868,868,
5813,31,170000,0,user_19,868,868,
5839,32,170000,0,user_47,868,868,
5832,33,150000,0,user_37,868,868,
5811,34,120000,21800,user_19,868,868,
5825,35,120000,0,user_27,868,868,
5840,36,120000,0,user_49,868,868,
5816,37,110000,0,user_20,868,868,
5833,38,110000,0,user_38,868,868,
5831,39,100000,0,user_36,868,868,
5808,40,85000,0,user_16,868,868,
5824,41,83000,0,user_26,868,868,
5814,42,77000,0,user_20,868,868,
5830,43,73000,0,user_31,868,868,
5877,0,5200000,0,user_22,869,869,
5878,1,4200000,0,user_22,869,869,
5881,2,3500000,0,user_28,869,869,
5841,3,2500000,0,user_0,869,869,
5843,4,2400000,0,user_3,869,869,
5876,5,2100000,0,user_21,869,869,
5880,6,2000000,0,user_27,869,869,
5884,7,2000000,0,user_31,869,869,
5893,8,1700000,0,user_41,869,869,
5900,9,1400000,0,user_48,869,869,
5888,10,1000000,16400,user_38,869,869,
5842,11,670000,0,user_1,869,869,
5896,12,660000,0,user_43,869,869,
5883,13,600000,0,user_29,869,869,
5895,14,600000,0,user_42,869,869,
5882,15,470000,0,user_28,869,869,
5846,16,460001,0,user_5,869,869,5844
5850,17,460001,0,user_6,869,869,5844
5851,18,460001,0,user_7,869,869,5844
5852,19,460001,0,user_7,869,869,5844
5855,20,460001,0,user_10,869,869,5844
5856,21,460001,0,user_11,869,869,5844
5857,22,460001,0,user_11,869,869,5844
5859,23,460001,0,user_11,869,869,5844
5860,24,460001,0,user_11,869,869,5844
5866,25,460001,0,user_13,869,869,5844
5867,26,460001,0,user_13,869,869,5844
5870,27,460001,0,user_13,869,869,5844
5844,28,460000,24700,user_4,869,869,
5845,29,459999,0,user_5,869,869,5844
5847,30,459999,0,user_5,869,869,5844
5848,31,459999,0,user_5,869,869,5844
5849,32,459999,0,user_6,869,869,5844
5858,33,459999,0,user_11,869,869,5844
5861,34,459999,0,user_12,869,869,5844
5862,35,459999,0,user_12,869,869,5844
5863,36,459999,0,user_12,869,869,5844
5864,37,459999,0,user_12,869,869,5844
5865,38,459999,0,user_12,869,869,5844
5868,39,459999,0,user_13,869,869,5844
5869,40,459999,0,user_13,869,869,5844
5871,41,459999,0,user_14,869,869,5844
5872,42,459999,0,user_14,869,869,5844
5873,43,459999,0,user_15,869,869,5844
5894,44,320000,0,user_42,869,869,
5898,45,260000,0,user_47,869,869,
5897,46,240000,0,user_44,869,869,
5885,47,220000,121000,user_34,869,869,
5875,48,160000,0,user_20,869,869,
5879,49,150000,0,user_26,869,869,
5874,50,120000,18600,user_17,869,869,
5899,51,110000,0,user_47,869,869,
5887,52,100000,0,user_37,869,869,
5901,53,84000,0,user_49,869,869,
5905,0,19000000,0,user_4,870,870,
5933,1,6300000,0,user_27,870,870,
5949,2,5000000,0,user_36,870,870,
5950,3,4500000,0,user_38,870,870,
5962,4,4500000,0,user_48,870,870,
5927,5,2300000,0,user_20,870,870,
5946,6,2300000,0,user_34,870,870,
5932,7,2100000,0,user_27,870,870,
5952,8,2000000,0,user_41,870,870,
5902,9,1900000,0,user_0,870,870,
5907,10,1500001,0,user_7,870,870,5906
5908,11,1500001,0,user_8,870,870,5906
5909,12,1500001,0,user_8,870,870,5906
5914,13,1500001,0,user_13,870,870,5906
5918,14,1500001,0,user_14,870,870,5906
5919,15,1500001,0,user_14,870,870,5906
5906,16,1500000,769000,user_6,870,870,
5925,17,1500000,0,user_18,870,870,
5910,18,1499999,0,user_8,870,870,5906
5911,19,1499999,0,user_8,870,870,5906
5912,20,1499999,0,user_9,870,870,5906
5915,21,1499999,0,user_14,870,870,5906
5916,22,1499999,0,user_14,870,870,5906
5917,23,1499999,0,user_14,870,870,5906
5929,24,1400000,128000,user_24,870,870,
5930,25,1100000,0,user_25,870,870,
5903,26,970000,0,user_1,870,870,
5947,27,910000,0,user_36,870,870,
5956,28,910000,0,user_44,870,870,
5920,29,670000,0,user_17,870,870,
5944,30,660000,0,user_33,870,870,
5943,31,530000,0,user_32,870,870,
5948,32,460000,0,user_36,870,870,
5954,33,360000,0,user_43,870,870,
5936,34,320000,283000,user_27,870,870,
5938,35,320000,0,user_29,870,870,
5955,36,320000,0,user_43,870,870,
5924,37,310000,0,user_18,870,870,
5931,38,300000,0,user_26,870,870,
5923,39,260000,0,user_18,870,870,
5959,40,220000,64600,user_48,870,870,
5960,41,170000,66100,user_48,870,870,
5921,42,160000,0,user_18,870,870,
5937,43,160000,0,user_28,870,870,
5939,44,160000,0,user_29,870,870,
5953,45,160000,0,user_43,870,870,
5904,46,150000,0,user_4,870,870,
5934,47,150000,0,user_27,870,870,
5935,48,110000,64600,user_27,870,870,
5958,49,98000,0,user_48,870,870,
5961,50,83000,5630,user_48,870,870,
5922,51,80000,5180,user_18,870,870,
5945,52,73000,32900,user_34,870,870,
5963,0,6300000,0,user_0,871,871,
5993,1,5200000,0,user_35,871,871,
5965,2,4500000,0,user_2,871,871,
6000,3,4500000,0,user_39,871,871,
5980,4,4200000,0,user_17,871,871,
5986,5,3500000,0,user_24,871,871,
6007,6,3200000,0,user_46,871,871,
5964,7,2600000,0,user_1,871,871,
5998,8,2400000,0,user_38,871,871,
6003,9,2000000,0,user_40,871,871,
6006,10,1500000,0,user_46,871,871,
6004,11,1400000,0,user_42,871,871,
6014,12,1400000,0,user_49,871,871,
6005,13,1300000,100000,user_45,871,871,
5990,14,1100000,0,user_30,871,871,
5979,15,1000000,68100,user_17,871,871,
5999,16,970000,0,user_39,871,871,
5988,17,870000,0,user_27,871,871,
5989,18,870000,0,user_30,871,871,
6012,19,870000,0,user_48,871,871,
5983,20,670000,0,user_21,871,871,
5992,21,600000,0,user_33,871,871,
6013,22,530000,0,user_48,871,871,
5995,23,350000,15300,user_36,871,871,
5981,24,310000,0,user_18,871,871,
6008,25,260000,0,user_47,871,871,
6015,26,260000,0,user_49,871,871,
5978,27,220000,0,user_16,871,871,
5985,28,170000,0,user_22,871,871,
6002,29,170000,0,user_39,871,871,
5996,30,160000,0,user_37,871,871,
5997,31,120000,0,user_37,871,871,
6001,32,120000,0,user_39,871,871,
6009,33,110000,0,user_47,871,871,
6010,34,110000,0,user_48,871,871,
6011,35,110000,0,user_48,871,871,
5968,36,87001,0,user_7,871,871,5967
5970,37,87001,0,user_8,871,871,5967
5971,38,87001,0,user_9,871,871,5967
5973,39,87001,0,user_10,871,871,5967
5974,40,87001,0,user_10,871,871,5967
5987,41,87000,0,user_26,871,871,
5969,42,86999,0,user_8,871,871,5967
5972,43,86999,0,user_9,871,871,5967
5976,44,86999,0,user_12,871,871,5967
5977,45,86999,0,user_13,871,871,5967
5994,46,85000,0,user_35,871,871,
5966,47,83000,0,user_2,871,871,
5984,48,83000,0,user_21,871,871,
5991,49,82000,0,user_32,871,871,
6056,0,6300000,0,user_33,872,872,
6052,1,5000000,100000,user_30,872,872,
6063,2,5000000,0,user_37,872,872,
6064,3,5000000,0,user_38,872,872,
6069,4,4500000,0,user_41,872,872,
6044,5,4200000,0,user_23,872,872,
6065,6,4200000,0,user_38,872,872,
6040,7,3200000,0,user_23,872,872,
6045,8,2500000,779000,user_25,872,872,
6071,9,2500000,0,user_42,872,872,
6078,10,2300000,0,user_47,872,872,
6021,11,2100000,0,user_6,872,872,
6061,12,2000000,0,user_36,872,872,
6035,13,1900000,0,user_18,872,872,
6038,14,1900000,0,user_20,872,872,
6024,15,1500001,0,user_6,872,872,6023
6028,16,1500001,0,user_12,872,872,6023
6029,17,1500001,0,user_13,872,872,6023
6030,18,1500001,0,user_13,872,872,6023
6032,19,1500001,0,user_13,872,872,6023
6023,20,1500000,510000,user_6,872,872,
6027,21,1499999,0,user_12,872,872,6023
6031,22,1499999,0,user_13,872,872,6023
6033,23,1499999,0,user_13,872,872,6023
6073,24,1400000,16400,user_44,872,872,
6077,25,1100000,0,user_47,872,872,
6054,26,970000,0,user_32,872,872,
6047,27,870000,0,user_25,872,872,
6017,28,670000,0,user_1,872,872,
6049,29,660000,0,user_25,872,872,
6062,30,630000,0,user_36,872,872,
6076,31,600000,0,user_46,872,872,
6075,32,470000,64600,user_44,872,872,
6079,33,470000,0,user_48,872,872,
6018,34,460000,0,user_2,872,872,
6020,35,460000,0,user_6,872,872,
6046,36,420000,42000,user_25,872,872,
6034,37,360000,0,user_16,872,872,
6037,38,350000,0,user_19,872,872,
6019,39,300000,0,user_5,872,872,
6022,40,220000,0,user_6,872,872,
6050,41,220000,0,user_27,872,872,
6051,42,220000,0,user_28,872,872,
6055,43,220000,0,user_32,872,872,
6036,44,190000,0,user_19,872,872,
6053,45,170000,0,user_30,872,872,
6059,46,170000,0,user_36,872,872,
6068,47,170000,0,user_41,872,872,
6041,48,160000,0,user_23,872,872,
6016,49,130000,0,user_0,872,872,
6042,50,120000,0,user_23,872,872,
6043,51,120000,0,user_23,872,872,
6058,52,120000,0,user_36,872,872,
6060,53,120000,0,user_36,872,872,
6070,54,120000,0,user_42,872,872,
6039,55,110000,0,user_22,872,872,
6048,56,110000,594000,user_25,872,872,
6074,57,110000,959000,user_44,872,872,
6072,58,85000,0,user_43,872,872,
6080,59,80000,0,user_49,872,872,
6057,60,77000,0,user_34,872,872,
6067,61,70000,0,user_41,872,872,
6099,0,27000000,0,user_18,873,873,
6098,1,6100000,0,user_17,873,873,
6109,2,5000000,0,user_26,873,873,
6113,3,5000000,146000,user_34,873,873,
6124,4,5000000,164000,user_44,873,873,
6081,5,4500000,0,user_0,873,873,
6111,6,3500000,0,user_30,873,873,
6133,7,2500000,0,user_49,873,873,
6105,8,2000000,0,user_22,873,873,
6119,9,2000000,0,user_38,873,873,
6101,10,1900000,0,user_18,873,873,
6122,11,1700000,0,user_41,873,873,
6127,12,1700000,0,user_45,873,873,
6103,13,1500000,0,user_19,873,873,
6135,14,1200000,0,user_49,873,873,
6123,15,1000000,5640,user_43,873,873,
6128,16,1000000,18600,user_45,873,873,
6120,17,910000,139000,user_39,873,873,
6083,18,670000,0,user_2,873,873,
6117,19,650000,0,user_37,873,873,
6116,20,630000,0,user_37,873,873,
6097,21,460000,0,user_16,873,873,
6108,22,460000,0,user_24,873,873,
6129,23,420000,0,user_45,873,873,
6112,24,350000,0,user_33,873,873,
6131,25,350000,0,user_48,873,873,
6130,26,320000,0,user_47,873,873,
6096,27,310000,0,user_16,873,873,
6110,28,260000,0,user_27,873,873,
6125,29,260000,0,user_45,873,873,
6102,30,220000,0,user_18,873,873,
6132,31,190000,0,user_49,873,873,
6088,32,170001,0,user_3,873,873,6085
6090,33,170001,0,user_5,873,873,6085
6094,34,170001,0,user_11,873,873,6085
6095,35,170001,0,user_12,873,873,6085
6085,36,170000,195000,user_3,873,873,
6134,37,170000,285000,user_49,873,873,
6086,38,169999,0,user_3,873,873,6085
6087,39,169999,0,user_3,873,873,6085
6089,40,169999,0,user_5,873,873,6085
6100,41,150000,0,user_18,873,873,
6115,42,150000,769000,user_36,873,873,
6118,43,150000,0,user_37,873,873,
6084,44,120000,0,user_3,873,873,
6082,45,110000,0,user_1,873,873,
6107,46,87000,0,user_22,873,873,
6106,47,84000,0,user_22,873,873,
6126,48,83000,0,user_45,873,873,
6104,49,73000,0,user_22,873,873,
6158,0,30000000,0,user_19,874,874,
6157,1,5000000,0,user_18,874,874,
6160,2,5000000,0,user_21,874,874,
6169,3,5000000,0,user_25,874,874,
6171,4,5000000,67500,user_26,874,874,
6155,5,3600000,0,user_16,874,874,
6182,6,3600000,0,user_38,874,874,
6162,7,3200000,256000,user_21,874,874,
6166,8,3200000,0,user_22,874,874,
6165,9,2400000,0,user_22,874,874,
6177,10,2000000,195000,user_32,874,874,
6179,11,2000000,0,user_33,874,874,
6176,12,1700000,0,user_32,874,874,
6174,13,1600000,0,user_30,874,874,
6137,14,1500000,0,user_3,874,874,
6178,15,1300000,30200,user_33,874,874,
6181,16,1300000,0,user_35,874,874,
6136,17,1000000,0,user_0,874,874,
6184,18,1000000,0,user_41,874,874,
6173,19,970000,0,user_29,874,874,
6188,20,970000,0,user_47,874,874,
6161,21,630000,0,user_21,874,874,
6185,22,630000,0,user_41,874,874,
6164,23,600000,0,user_21,874,874,
6143,24,360001,0,user_9,874,874,6138
6144,25,360001,0,user_9,874,874,6138
6145,26,360001,0,user_9,874,874,6138
6146,27,360001,0,user_9,874,874,6138
6149,28,360001,0,user_12,874,874,6138
6151,29,360001,0,user_15,874,874,6138
6138,30,360000,4320000,user_4,874,874,
6139,31,359999,0,user_4,874,874,6138
6140,32,359999,0,user_5,874,874,6138
6147,33,359999,0,user_10,874,874,6138
6148,34,359999,0,user_10,874,874,6138
6150,35,359999,0,user_12,874,874,6138
6153,36,350000,0,user_16,874,874,
6152,37,300000,0,user_16,874,874,
6175,38,160000,0,user_30,874,874,
6154,39,150000,42000,user_16,874,874,
6163,40,120000,0,user_21,874,874,
6189,41,120000,0,user_48,874,874,
6172,42,98000,0,user_29,874,874,
6156,43,87000,0,user_17,874,874,
6183,44,83000,0,user_38,874,874,
6186,45,82000,49100,user_44,874,874,
6167,46,80000,19700,user_23,874,874,
6170,47,77000,0,user_26,874,874,
6180,48,73000,0,user_34,874,874,
6215,0,27000000,0,user_23,875,875,
6209,1,5000000,0,user_21,875,875,
6214,2,5000000,0,user_23,875,875,
6244,3,5000000,0,user_47,875,875,
6221,4,4200000,0,user_28,875,875,
6204,5,3200000,0,user_15,875,875,
6243,6,2500000,0,user_47,875,875,
6197,7,2300000,0,user_7,875,875,
6206,8,2000000,12300,user_18,875,875,
6208,9,1600000,0,user_20,875,875,
6234,10,1600000,0,user_39,875,875,
6237,11,1600000,0,user_43,875,875,
6193,12,1500000,0,user_1,875,875,
6202,13,1400000,0,user_13,875,875,
6231,14,1400000,0,user_36,875,875,
6210,15,1300000,0,user_22,875,875,
6203,16,1200000,0,user_14,875,875,
6212,17,1100000,0,user_23,875,875,
6226,18,1100000,215000,user_33,875,875,
6217,19,1000000,0,user_24,875,875,
6200,20,970000,0,user_12,875,875,
6241,21,630000,0,user_47,875,875,
6222,22,600000,350000,user_29,875,875,
6191,23,420000,0,user_0,875,875,
6207,24,420000,0,user_19,875,875,
6220,25,420000,256000,user_27,875,875,
6224,26,420000,0,user_31,875,875,
6228,27,420000,0,user_34,875,875,
6229,28,370000,0,user_34,875,875,
6232,29,370000,0,user_37,875,875,
6236,30,370000,0,user_42,875,875,
6213,31,350000,6390,user_23,875,875,
6194,32,320000,0,user_5,875,875,
6205,33,310000,0,user_17,875,875,
6227,34,310000,0,user_33,875,875,
6238,35,260000,0,user_45,875,875,
6223,36,240000,0,user_30,875,875,
6196,37,220000,0,user_6,875,875,
6201,38,220000,0,user_12,875,875,
6219,39,220000,0,user_26,875,875,
6192,40,160000,0,user_0,875,875,
6233,41,160000,0,user_38,875,875,
6195,42,150000,0,user_6,875,875,
6216,43,110000,0,user_24,875,875,
6239,44,110000,0,user_46,875,875,
6242,45,98000,0,user_47,875,875,
6218,46,87000,0,user_25,875,875,
6225,47,84000,0,user_31,875,875,
6245,48,84000,34700,user_49,875,875,
6211,49,80000,0,user_23,875,875,
6240,50,79000,0,user_46,875,875,
6235,51,73000,0,user_41,875,875,
6277,0,43000000,0,user_33,876,876,
6272,1,5000000,0,user_26,876,876,
6274,2,3600000,0,user_29,876,876,
6248,3,2600000,0,user_1,876,876,
6275,4,2500000,0,user_30,876,876,
6276,5,2400000,0,user_32,876,876,
6289,6,2400000,49100,user_46,876,876,
6255,7,2300001,0,user_7,876,876,6254
6256,8,2300001,0,user_8,876,876,6254
6257,9,2300001,0,user_9,876,876,6254
6258,10,2300001,0,user_12,876,876,6254
6254,11,2300000,146000,user_7,876,876,
6283,12,2300000,0,user_39,876,876,
6259,13,2299999,0,user_14,876,876,6254
6260,14,2299999,0,user_15,876,876,6254
6261,15,2299999,0,user_15,876,876,6254
6246,16,1800000,0,user_0,876,876,
6270,17,1700000,0,user_24,876,876,
6263,18,1400000,1100000,user_17,876,876,
6264,19,1400000,18600,user_18,876,876,
6262,20,1100000,0,user_16,876,876,
6247,21,1000000,0,user_0,876,876,
6279,22,1000000,285000,user_35,876,876,
6269,23,870000,0,user_24,876,876,
6267,24,670000,0,user_22,876,876,
6284,25,600000,17000,user_39,876,876,
6290,26,530000,0,user_46,876,876,
6281,27,460000,0,user_36,876,876,
6288,28,460000,67900,user_45,876,876,
6253,29,340000,0,user_7,876,876,
6286,30,220000,0,user_40,876,876,
6278,31,160000,10700,user_34,876,876,
6285,32,160000,0,user_39,876,876,
6266,33,150000,0,user_21,876,876,
6287,34,150000,0,user_44,876,876,
6250,35,130000,0,user_3,876,876,
6249,36,110000,0,user_2,876,876,
6273,37,110000,0,user_28,876,876,
6280,38,110000,0,user_36,876,876,
6282,39,87000,0,user_37,876,876,
6268,40,84000,0,user_23,876,876,
6291,41,79000,0,user_49,876,876,
6271,42,70000,0,user_26,876,876,
6318,0,6100000,0,user_26,877,877,
6329,1,5000000,35100,user_34,877,877,
6312,2,4200000,0,user_21,877,877,
6319,3,4200000,0,user_28,877,877,
6309,4,3500000,0,user_18,877,877,
6311,5,2500000,0,user_20,877,877,
6315,6,2500000,0,user_24,877,877,
6316,7,2400000,0,user_25,877,877,
6323,8,2400000,0,user_29,877,877,
6336,9,2400000,30200,user_46,877,877,
6330,10,2300000,0,user_37,877,877,
6324,11,2000000,0,user_29,877,877,
6307,12,1600000,0,user_16,877,877,
6314,13,1600000,0,user_24,877,877,
6317,14,1400000,0,user_25,877,877,
6338,15,1400000,0,user_47,877,877,
6332,16,1300000,0,user_42,877,877,
6333,17,1200000,0,user_43,877,877,
6294,18,1100000,0,user_4,877,877,
6337,19,910000,0,user_47,877,877,
6339,20,910000,0,user_48,877,877,
6320,21,870000,0,user_28,877,877,
6295,22,670000,0,user_4,877,877,
6292,23,650000,0,user_2,877,877,
6310,24,460000,15300,user_19,877,877,
6328,25,460000,0,user_33,877,877,
6327,26,420000,100000,user_32,877,877,
6326,27,370000,0,user_32,877,877,
6299,28,350001,0,user_7,877,877,6298
6306,29,350001,0,user_15,877,877,6298
6298,30,350000,13800,user_7,877,877,
6300,31,349999,0,user_8,877,877,6298
6302,32,349999,0,user_10,877,877,6298
6304,33,349999,0,user_12,877,877,6298
6305,34,349999,0,user_13,877,877,6298
6297,35,240000,0,user_6,877,877,
6340,36,220000,0,user_48,877,877,
6296,37,170000,0,user_5,877,877,
6334,38,170000,0,user_44,877,877,
6325,39,160000,17700000,user_31,877,877,
6293,40,150000,0,user_3,877,877,
6313,41,130000,0,user_23,877,877,
6321,42,130000,121000,user_29,877,877,
6308,43,120000,0,user_17,877,877,
6322,44,100000,0,user_29,877,877,
6335,45,82000,0,user_46,877,877,
6341,46,79000,0,user_49,877,877,
6392,0,43000000,0,user_43,878,878,
6343,1,19000001,0,user_3,878,878,6342
6345,2,19000001,0,user_3,878,878,6342
6346,3,19000001,0,user_5,878,878,6342
6349,4,19000001,0,user_6,878,878,6342
6351,5,19000001,0,user_8,878,878,6342
6353,6,19000001,0,user_11,878,878,6342
6344,7,18999999,0,user_3,878,878,6342
6347,8,18999999,0,user_5,878,878,6342
6348,9,18999999,0,user_6,878,878,6342
6350,10,18999999,0,user_7,878,878,6342
6352,11,18999999,0,user_9,878,878,6342
6354,12,18999999,0,user_11,878,878,6342
6355,13,18999999,0,user_12,878,878,6342
6356,14,18999999,0,user_14,878,878,6342
6357,15,18999999,0,user_15,878,878,6342
6367,16,3200000,0,user_20,878,878,
6390,17,3200000,67500,user_41,878,878,
6388,18,2400000,0,user_39,878,878,
6364,19,2100000,7190000,user_18,878,878,
6370,20,2000000,71800,user_22,878,878,
6369,21,1900000,0,user_22,878,878,
6396,22,1800000,0,user_48,878,878,
6380,23,1500000,0,user_31,878,878,
6361,24,1100000,594000,user_17,878,878,
6387,25,1000000,0,user_39,878,878,
6372,26,870000,0,user_24,878,878,
6373,27,670000,769000,user_25,878,878,
6365,28,650000,0,user_19,878,878,
6386,29,630000,0,user_38,878,878,
6397,30,470000,23500,user_49,878,878,
6381,31,460000,0,user_31,878,878,
6393,32,420000,0,user_44,878,878,
6377,33,370000,0,user_28,878,878,
6374,34,360000,0,user_25,878,878,
6378,35,350000,0,user_29,878,878,
6371,36,340000,0,user_23,878,878,
6383,37,320000,0,user_33,878,878,
6358,38,260000,0,user_16,878,878,
6391,39,220000,0,user_42,878,878,
6363,40,160000,0,user_17,878,878,
6366,41,160000,84800,user_20,878,878,
6389,42,120000,0,user_40,878,878,
6360,43,110000,3130,user_17,878,878,
6362,44,110000,0,user_17,878,878,
6368,45,110000,21800,user_21,878,878,
6384,46,110000,0,user_33,878,878,
6359,47,85000,8520,user_17,878,878,
6375,48,80000,0,user_25,878,878,
6379,49,80000,0,user_29,878,878,
6424,0,43000000,30200,user_32,879,879,
6415,1,4500000,0,user_19,879,879,
6421,2,4200000,0,user_27,879,879,
6423,3,3600000,0,user_30,879,879,
6422,4,3500000,0,user_30,879,879,
6413,5,2600000,17000,user_18,879,879,
6430,6,2000000,64600,user_42,879,879,
6437,7,2000000,0,user_49,879,879,
6432,8,1500000,0,user_45,879,879,
6417,9,1400000,0,user_20,879,879,
6414,10,1000000,0,user_18,879,879,
6435,11,870000,0,user_48,879,879,
6433,12,470000,0,user_46,879,879,
6412,13,320000,0,user_16,879,879,
6418,14,320000,0,user_21,879,879,
6425,15,260000,0,user_33,879,879,
6420,16,170000,11200,user_26,879,879,
6431,17,170000,73100,user_44,879,879,
6419,18,120000,0,user_25,879,879,
6434,19,120000,0,user_47,879,879,
6416,20,110000,0,user_19,879,879,
6429,21,110000,0,user_41,879,879,
6436,22,110000,0,user_49,879,879,
6402,23,84001,0,user_8,879,879,6399
6404,24,84001,0,user_12,879,879,6399
6405,25,84001,0,user_12,879,879,6399
6407,26,84001,0,user_13,879,879,6399
6408,27,84001,0,user_14,879,879,6399
6411,28,84001,0,user_14,879,879,6399
6399,29,84000,155000,user_3,879,879,
6400,30,83999,0,user_7,879,879,6399
6401,31,83999,0,user_7,879,879,6399
6403,32,83999,0,user_10,879,879,6399
6406,33,83999,0,user_13,879,879,6399
6409,34,83999,0,user_14,879,879,6399
6410,35,83999,0,user_14,879,879,6399
6398,36,79000,0,user_1,879,879,
6458,0,43000000,0,user_30,880,880,
6449,1,5200000,0,user_18,880,880,
6456,2,2400000,0,user_26,880,880,
6454,3,2100000,0,user_21,880,880,
6455,4,2000000,0,user_22,880,880,
6439,5,1600001,0,user_1,880,880,6438
6440,6,1600001,0,user_3,880,880,6438
6443,7,1600001,0,user_7,880,880,6438
6444,8,1600001,0,user_8,880,880,6438
6446,9,1600001,0,user_10,880,880,6438
6447,10,1600001,0,user_14,880,880,6438
6438,11,1600000,769000,user_0,880,880,
6451,12,1600000,0,user_18,880,880,
6457,13,1600000,0,user_27,880,880,
6441,14,1599999,0,user_5,880,880,6438
6442,15,1599999,0,user_6,880,880,6438
6466,16,1100000,0,user_41,880,880,
6450,17,220000,0,user_18,880,880,
6460,18,160000,0,user_33,880,880,
6459,19,150000,0,user_32,880,880,
6467,20,150000,7190000,user_48,880,880,
6453,21,130000,0,user_20,880,880,
6452,22,120000,0,user_18,880,880,
6461,23,120000,21800,user_34,880,880,
6448,24,82000,0,user_16,880,880,
6464,25,70000,0,user_38,880,880,
6513,0,43000000,5640,user_36,881,881,
6496,1,30000000,0,user_28,881,881,
6510,2,27000000,0,user_34,881,881,
6532,3,19000000,0,user_49,881,881,
6521,4,6300000,0,user_43,881,881,
6517,5,5000000,0,user_38,881,881,
6507,6,4500000,0,user_34,881,881,
6518,7,4200000,0,user_39,881,881,
6528,8,3600000,0,user_47,881,881,
6529,9,3600000,0,user_47,881,881,
6514,10,3500000,0,user_37,881,881,
6522,11,3500000,0,user_43,881,881,
6498,12,2500000,0,user_30,881,881,
6488,13,2400000,0,user_21,881,881,
6495,14,2400000,0,user_25,881,881,
6492,15,2000000,73100,user_23,881,881,
6486,16,1800000,0,user_19,881,881,
6499,17,1600000,47700,user_31,881,881,
6516,18,1600000,0,user_38,881,881,
6525,19,1600000,0,user_44,881,881,
6505,20,1500000,0,user_33,881,881,
6489,21,1400000,0,user_22,881,881,
6503,22,1200000,0,user_32,881,881,
6469,23,1000000,0,user_0,881,881,
6483,24,1000000,0,user_17,881,881,
6515,25,1000000,0,user_37,881,881,
6502,26,910000,0,user_32,881,881,
6519,27,600000,0,user_41,881,881,
6490,28,460000,0,user_22,881,881,
6491,29,460000,0,user_23,881,881,
6530,30,350000,0,user_48,881,881,
6487,31,310000,0,user_20,881,881,
6494,32,310000,0,user_24,881,881,
6531,33,310000,0,user_49,881,881,
6506,34,240000,24700,user_34,881,881,
6504,35,220000,0,user_33,881,881,
6508,36,170000,0,user_34,881,881,
6523,37,170000,0,user_43,881,881,
6526,38,170000,0,user_44,881,881,
6484,39,160000,0,user_18,881,881,
6501,40,160000,155000,user_32,881,881,
6473,41,150001,0,user_6,881,881,6470
6474,42,150001,0,user_7,881,881,6470
6477,43,150001,0,user_10,881,881,6470
6480,44,150001,0,user_12,881,881,6470
6481,45,150001,0,user_14,881,881,6470
6470,46,150000,5180,user_1,881,881,
6482,47,150000,0,user_16,881,881,
6485,48,150000,0,user_18,881,881,
6471,49,149999,0,user_2,881,881,6470
6472,50,149999,0,user_3,881,881,6470
6478,51,149999,0,user_11,881,881,6470
6479,52,149999,0,user_12,881,881,6470
6500,53,130000,0,user_32,881,881,
6527,54,120000,0,user_47,881,881,
6493,55,110000,350000,user_24,881,881,
6497,56,110000,0,user_29,881,881,
6509,57,84000,594000,user_34,881,881,
6520,58,83000,0,user_42,881,881,
6524,59,79000,0,user_43,881,881,
6468,60,73000,0,user_0,881,881,
6562,0,43000000,128000,user_19,882,882,
6567,1,30000000,121000,user_23,882,882,
6561,2,5000000,0,user_18,882,882,
6569,3,5000000,0,user_24,882,882,
6576,4,5000000,0,user_33,882,882,
6574,5,3500000,181000,user_29,882,882,
6581,6,3500000,195000,user_36,882,882,
6587,7,3500000,0,user_41,882,882,
6589,8,3500000,0,user_42,882,882,
6580,9,2400000,0,user_35,882,882,
6560,10,2000000,0,user_17,882,882,
6595,11,1500000,0,user_49,882,882,
6592,12,1400000,10700,user_46,882,882,
6566,13,1100000,0,user_22,882,882,
6584,14,1000000,0,user_38,882,882,
6577,15,660000,0,user_33,882,882,
6578,16,650000,0,user_33,882,882,
6593,17,650000,0,user_47,882,882,
6564,18,600000,0,user_19,882,882,
6558,19,470000,10700,user_16,882,882,
6565,20,470000,350000,user_20,882,882,
6568,21,460000,0,user_24,882,882,
6588,22,360000,0,user_41,882,882,
6537,23,350001,0,user_5,882,882,6533
6541,24,350001,0,user_9,882,882,6533
6542,25,350001,0,user_9,882,882,6533
6543,26,350001,0,user_11,882,882,6533
6544,27,350001,0,user_11,882,882,6533
6545,28,350001,0,user_11,882,882,6533
6547,29,350001,0,user_11,882,882,6533
6551,30,350001,0,user_13,882,882,6533
6552,31,350001,0,user_13,882,882,6533
6555,32,350001,0,user_15,882,882,6533
6534,33,349999,0,user_1,882,882,6533
6535,34,349999,0,user_4,882,882,6533
6536,35,349999,0,user_5,882,882,6533
6538,36,349999,0,user_5,882,882,6533
6539,37,349999,0,user_6,882,882,6533
6540,38,349999,0,user_9,882,882,6533
6546,39,349999,0,user_11,882,882,6533
6548,40,349999,0,user_12,882,882,6533
6549,41,349999,0,user_13,882,882,6533
6550,42,349999,0,user_13,882,882,6533
6554,43,349999,0,user_15,882,882,6533
6556,44,310000,13900,user_16,882,882,
6579,45,300000,0,user_34,882,882,
6559,46,220000,128000,user_16,882,882,
6575,47,220000,0,user_33,882,882,
6557,48,160000,0,user_16,882,882,
6583,49,160000,0,user_37,882,882,
6590,50,150000,0,user_44,882,882,
6573,51,110000,381000,user_28,882,882,
6586,52,110000,0,user_40,882,882,
6591,53,110000,39400,user_45,882,882,
6563,54,77000,0,user_19,882,882,
6582,55,70000,0,user_37,882,882,
6634,0,30000000,0,user_37,883,883,
6617,1,19000000,0,user_22,883,883,
6630,2,19000000,0,user_36,883,883,
6602,3,5000000,0,user_6,883,883,
6621,4,3500000,0,user_29,883,883,
6636,5,3500000,0,user_37,883,883,
6600,6,2600000,0,user_6,883,883,
6605,7,2600000,0,user_8,883,883,
6610,8,2600000,0,user_17,883,883,
6646,9,2600000,34700,user_44,883,883,
6596,10,2100000,0,user_1,883,883,
6620,11,2000000,0,user_28,883,883,
6642,12,2000000,510000,user_42,883,883,
6624,13,1900000,350000,user_31,883,883,
6609,14,1800000,16400,user_15,883,883,
6632,15,1600000,0,user_37,883,883,
6626,16,1500000,0,user_33,883,883,
6653,17,1400000,33300,user_49,883,883,
6615,18,1300000,0,user_22,883,883,
6606,19,1100000,0,user_11,883,883,
6623,20,1100000,0,user_30,883,883,
6650,21,1100000,64600,user_46,883,883,
6654,22,970000,0,user_49,883,883,
6601,23,910000,0,user_6,883,883,
6613,24,910000,283000,user_22,883,883,
6647,25,910000,0,user_44,883,883,
6629,26,670000,13900,user_35,883,883,
6599,27,630000,0,user_5,883,883,
6598,28,600000,0,user_4,883,883,
6638,29,470000,0,user_38,883,883,
6639,30,460000,0,user_39,883,883,
6597,31,420000,0,user_1,883,883,
6603,32,370000,0,user_6,883,883,
6633,33,360000,0,user_37,883,883,
6648,34,260000,0,user_45,883,883,
6643,35,160000,0,user_42,883,883,
6645,36,160000,0,user_42,883,883,
6644,37,150000,0,user_42,883,883,
6649,38,150000,0,user_45,883,883,
6612,39,120000,0,user_21,883,883,
6627,40,120000,0,user_35,883,883,
6635,41,120000,16400,user_37,883,883,
6641,42,120000,0,user_41,883,883,
6651,43,120000,0,user_47,883,883,
6616,44,110000,0,user_22,883,883,
6622,45,110000,0,user_29,883,883,
6608,46,85000,0,user_15,883,883,
6618,47,85000,0,user_23,883,883,
6614,48,84000,0,user_22,883,883,
6619,49,84000,0,user_28,883,883,
6611,50,83000,0,user_20,883,883,
6637,51,83000,5630,user_38,883,883,
6631,52,82000,0,user_36,883,883,
6607,53,77000,0,user_14,883,883,
6628,54,73000,0,user_35,883,883,
6677,0,43000000,13900,user_23,884,884,
6678,1,19000000,0,user_24,884,884,
6695,2,5200000,0,user_34,884,884,
6699,3,5200000,0,user_38,884,884,
6681,4,3500000,0,user_25,884,884,
6657,5,3200001,0,user_1,884,884,6656
6658,6,3200001,0,user_1,884,884,6656
6661,7,3200001,0,user_2,884,884,6656
6665,8,3200001,0,user_5,884,884,6656
6669,9,3200001,0,user_14,884,884,6656
6656,10,3200000,31700,user_0,884,884,
6659,11,3199999,0,user_1,884,884,6656
6660,12,3199999,0,user_1,884,884,6656
6662,13,3199999,0,user_3,884,884,6656
6663,14,3199999,0,user_4,884,884,6656
6664,15,3199999,0,user_5,884,884,6656
6666,16,3199999,0,user_10,884,884,6656
6667,17,3199999,0,user_11,884,884,6656
6668,18,3199999,0,user_13,884,884,6656
6687,19,2500000,0,user_27,884,884,
6691,20,2300000,0,user_31,884,884,
6655,21,2000000,0,user_0,884,884,
6686,22,2000000,0,user_27,884,884,
6673,23,1900000,0,user_18,884,884,
6682,24,1800000,0,user_26,884,884,
6693,25,1800000,0,user_32,884,884,
6685,26,1600000,0,user_27,884,884,
6670,27,1200000,0,user_16,884,884,
6705,28,1100000,0,user_49,884,884,
6675,29,1000000,0,user_21,884,884,
6683,30,670000,0,user_26,884,884,
6680,31,600000,0,user_25,884,884,
6704,32,470000,0,user_49,884,884,
6688,33,320000,0,user_28,884,884,
6690,34,310000,0,user_29,884,884,
6684,35,260000,0,user_27,884,884,
6689,36,260000,0,user_28,884,884,
6692,37,260000,0,user_31,884,884,
6702,38,260000,0,user_44,884,884,
6679,39,150000,0,user_24,884,884,
6671,40,130000,0,user_17,884,884,
6703,41,130000,0,user_45,884,884,
6700,42,110000,0,user_39,884,884,
6701,43,98000,0,user_42,884,884,
6676,44,87000,0,user_22,884,884,
6698,45,84000,0,user_37,884,884,
6672,46,83000,322000,user_17,884,884,
6674,47,79000,39400,user_18,884,884,
6694,48,77000,11200,user_32,884,884,
6710,0,6300000,0,user_3,885,885,
6725,1,6300000,283000,user_20,885,885,
6733,2,6300000,0,user_26,885,885,
6734,3,5200000,0,user_30,885,885,
6754,4,5200000,0,user_47,885,885,
6737,5,2600000,0,user_32,885,885,
6728,6,2400000,15700,user_23,885,885,
6749,7,2100000,0,user_42,885,885,
6723,8,2000000,0,user_18,885,885,
6741,9,2000000,13900,user_34,885,885,
6745,10,2000000,0,user_38,885,885,
6735,11,1500000,0,user_31,885,885,
6736,12,1500000,7840,user_32,885,885,
6726,13,1400000,0,user_21,885,885,
6713,14,1300001,0,user_8,885,885,6712
6715,15,1300001,0,user_10,885,885,6712
6712,16,1300000,13800,user_7,885,885,
6714,17,1299999,0,user_9,885,885,6712
6716,18,1299999,0,user_10,885,885,6712
6717,19,1299999,0,user_12,885,885,6712
6718,20,1299999,0,user_13,885,885,6712
6719,21,1299999,0,user_13,885,885,6712
6720,22,1299999,0,user_15,885,885,6712
6707,23,1100000,0,user_1,885,885,
6706,24,870000,0,user_0,885,885,
6727,25,670000,5180,user_22,885,885,
6729,26,630000,11200,user_23,885,885,
6724,27,530000,17000,user_20,885,885,
6722,28,470000,49100,user_17,885,885,
6739,29,460000,0,user_33,885,885,
6753,30,460000,0,user_46,885,885,
6730,31,420000,0,user_24,885,885,
6708,32,300000,0,user_1,885,885,
6738,33,240000,0,user_32,885,885,
6748,34,220000,0,user_42,885,885,
6751,35,220000,0,user_45,885,885,
6721,36,170000,0,user_16,885,885,
6744,37,150000,0,user_37,885,885,
6746,38,130000,0,user_39,885,885,
6743,39,120000,0,user_36,885,885,
6752,40,120000,0,user_46,885,885,
6709,41,110000,0,user_2,885,885,
6732,42,110000,0,user_26,885,885,
6740,43,110000,0,user_34,885,885,
6750,44,110000,0,user_44,885,885,
6742,45,85000,0,user_35,885,885,
6755,46,82000,0,user_49,885,885,
6747,47,73000,0,user_39,885,885,
6789,0,30000000,0,user_30,886,886,
6779,1,27000000,35600,user_21,886,886,
6798,2,27000000,0,user_38,886,886,
6794,3,6100000,0,user_33,886,886,
6758,4,4200001,0,user_2,886,886,6757
6761,5,4200001,0,user_4,886,886,6757
6762,6,4200001,0,user_6,886,886,6757
6769,7,4200001,0,user_10,886,886,6757
6771,8,4200001,0,user_10,886,886,6757
6775,9,4200001,0,user_15,886,886,6757
6757,10,4200000,108000,user_1,886,886,
6759,11,4199999,0,user_2,886,886,6757
6760,12,4199999,0,user_2,886,886,6757
6764,13,4199999,0,user_8,886,886,6757
6765,14,4199999,0,user_9,886,886,6757
6766,15,4199999,0,user_9,886,886,6757
6767,16,4199999,0,user_10,886,886,6757
6768,17,4199999,0,user_10,886,886,6757
6770,18,4199999,0,user_10,886,886,6757
6772,19,4199999,0,user_13,886,886,6757
6773,20,4199999,0,user_14,886,886,6757
6774,21,4199999,0,user_14,886,886,6757
6795,22,3200000,0,user_35,886,886,
6796,23,2000000,0,user_36,886,886,
6804,24,1900000,0,user_45,886,886,
6790,25,1300000,0,user_30,886,886,
6803,26,1300000,0,user_44,886,886,
6782,27,1100000,15700,user_22,886,886,
6801,28,1100000,0,user_42,886,886,
6807,29,630000,0,user_49,886,886,
6780,30,420000,13900,user_21,886,886,
6793,31,420000,0,user_33,886,886,
6778,32,300000,0,user_20,886,886,
6787,33,260000,0,user_28,886,886,
6806,34,260000,0,user_49,886,886,
6783,35,170000,0,user_23,886,886,
6786,36,170000,0,user_27,886,886,
6791,37,150000,0,user_30,886,886,
6756,38,120000,0,user_0,886,886,
6788,39,120000,0,user_29,886,886,
6797,40,120000,0,user_37,886,886,
6802,41,100000,0,user_43,886,886,
6781,42,98000,67900,user_21,886,886,
6785,43,98000,0,user_27,886,886,
6800,44,85000,0,user_41,886,886,
6776,45,80000,0,user_16,886,886,
6777,46,80000,0,user_18,886,886,
6832,0,6300000,66100,user_24,887,887,
6834,1,6100000,0,user_26,887,887,
6849,2,5200000,0,user_44,887,887,
6850,3,2400000,30200,user_45,887,887,
6842,4,2000000,0,user_34,887,887,
6838,5,1900000,139000,user_30,887,887,
6808,6,1700000,0,user_0,887,887,
6845,7,1500000,0,user_37,887,887,
6810,8,1400000,0,user_3,887,887,
6825,9,1400000,594000,user_19,887,887,
6840,10,1000000,164000,user_33,887,887,
6823,11,870000,30200,user_17,887,887,
6835,12,670000,0,user_26,887,887,
6824,13,460000,0,user_18,887,887,
6844,14,420000,24700,user_36,887,887,
6841,15,370000,0,user_33,887,887,
6830,16,360000,0,user_23,887,887,
6812,17,350001,0,user_5,887,887,6811
6813,18,350001,0,user_5,887,887,6811
6815,19,350001,0,user_7,887,887,6811
6818,20,350001,0,user_11,887,887,6811
6819,21,350001,0,user_12,887,887,6811
6820,22,350001,0,user_13,887,887,6811
6811,23,350000,195000,user_4,887,887,
6814,24,349999,0,user_6,887,887,6811
6817,25,349999,0,user_11,887,887,6811
6821,26,349999,0,user_15,887,887,6811
6822,27,349999,0,user_15,887,887,6811
6831,28,310000,0,user_24,887,887,
6839,29,220000,0,user_31,887,887,
6851,30,220000,0,user_46,887,887,
6836,31,160000,0,user_27,887,887,
6846,32,160000,7840,user_39,887,887,
6852,33,150000,0,user_49,887,887,
6837,34,130000,0,user_29,887,887,
6827,35,110000,0,user_21,887,887,
6828,36,110000,0,user_22,887,887,
6826,37,85000,0,user_20,887,887,
6809,38,79000,0,user_1,887,887,
6829,39,77000,0,user_23,887,887,
6833,40,73000,0,user_25,887,887,
6848,41,73000,12300,user_43,887,887,
6893,0,43000000,0,user_35,888,888,
6885,1,6300000,0,user_26,888,888,
6881,2,6100000,0,user_23,888,888,
6882,3,4500000,0,user_24,888,888,
6891,4,3600000,0,user_35,888,888,
6876,5,2300000,21800,user_19,888,888,
6890,6,2100000,0,user_35,888,888,
6895,7,2000000,0,user_36,888,888,
6887,8,1800000,34700,user_31,888,888,
6875,9,1000000,0,user_19,888,888,
6892,10,1000000,0,user_35,888,888,
6896,11,1000000,215000,user_36,888,888,
6897,12,910000,0,user_37,888,888,
6883,13,870000,0,user_26,888,888,
6889,14,420000,0,user_33,888,888,
6873,15,300000,0,user_18,888,888,
6901,16,300000,16400,user_41,888,888,
6902,17,300000,0,user_43,888,888,
6878,18,240000,0,user_21,888,888,
6898,19,240000,0,user_38,888,888,
6900,20,240000,0,user_40,888,888,
6880,21,220000,0,user_22,888,888,
6899,22,220000,0,user_39,888,888,
6877,23,190000,0,user_20,888,888,
6884,24,160000,0,user_26,888,888,
6886,25,150000,35600,user_29,888,888,
6879,26,110000,13900,user_22,888,888,
6894,27,110000,0,user_35,888,888,
6857,28,98001,0,user_5,888,888,6855
6860,29,98001,0,user_7,888,888,6855
6861,30,98001,0,user_8,888,888,6855
6863,31,98001,0,user_10,888,888,6855
6864,32,98001,0,user_11,888,888,6855
6865,33,98001,0,user_11,888,888,6855
6867,34,98001,0,user_14,888,888,6855
6869,35,98001,0,user_14,888,888,6855
6855,36,98000,510000,user_3,888,888,
6856,37,97999,0,user_4,888,888,6855
6858,38,97999,0,user_5,888,888,6855
6859,39,97999,0,user_6,888,888,6855
6862,40,97999,0,user_9,888,888,6855
6868,41,97999,0,user_14,888,888,6855
6870,42,97999,0,user_14,888,888,6855
6871,43,97999,0,user_15,888,888,6855
6903,44,85000,0,user_43,888,888,
6872,45,79000,0,user_16,888,888,
6874,46,73000,0,user_19,888,888,
6911,0,19000000,0,user_6,889,889,
6914,1,6300000,0,user_9,889,889,
6918,2,6300000,0,user_13,889,889,
6910,3,5200000,0,user_5,889,889,
6937,4,5200000,0,user_30,889,889,
6913,5,5000000,0,user_8,889,889,
6919,6,5000000,0,user_15,889,889,
6920,7,4500000,0,user_16,889,889,
6940,8,4200000,0,user_33,889,889,
6943,9,3600000,0,user_35,889,889,
6957,10,2600000,0,user_45,889,889,
6955,11,2100000,322000,user_43,889,889,
6926,12,2000000,0,user_21,889,889,
6954,13,1800000,0,user_42,889,889,
6908,14,1500000,0,user_4,889,889,
6949,15,1500000,0,user_38,889,889,
6942,16,1400000,0,user_34,889,889,
6934,17,1200000,16400,user_27,889,889,
6933,18,1000000,0,user_25,889,889,
6948,19,1000000,0,user_37,889,889,
6961,20,870000,34700,user_49,889,889,
6958,21,670000,0,user_47,889,889,
6953,22,660000,5630,user_42,889,889,
6959,23,660000,0,user_47,889,889,
6941,24,650000,0,user_33,889,889,
6906,25,530000,0,user_1,889,889,
6909,26,370000,0,user_5,889,889,
6925,27,340000,0,user_18,889,889,
6950,28,320000,0,user_38,889,889,
6915,29,310000,0,user_11,889,889,
6921,30,260000,161000,user_16,889,889,
6952,31,260000,0,user_39,889,889,
6931,32,220000,0,user_25,889,889,
6956,33,170000,0,user_44,889,889,
6907,34,150000,0,user_3,889,889,
6930,35,150000,42000,user_25,889,889,
6935,36,150000,0,user_28,889,889,
6923,37,130000,0,user_17,889,889,
6945,38,120000,0,user_37,889,889,
6924,39,110000,60700,user_18,889,889,
6932,40,110000,0,user_25,889,889,
6929,41,98000,0,user_25,889,889,
6922,42,87000,12300,user_16,889,889,
6944,43,87000,0,user_35,889,889,
6936,44,84000,0,user_29,889,889,
6946,45,83000,0,user_37,889,889,
6951,46,83000,0,user_39,889,889,
6947,47,77000,0,user_37,889,889,
6912,48,70000,0,user_8,889,889,
6988,0,27000000,0,user_30,890,890,
6993,1,5000000,60700,user_31,890,890,
6962,2,4200000,0,user_0,890,890,
7003,3,3200000,0,user_42,890,890,
6992,4,2300000,24700,user_31,890,890,
7008,5,2300000,0,user_45,890,890,
6995,6,2000000,0,user_33,890,890,
6997,7,1900000,0,user_36,890,890,
6967,8,1700000,0,user_3,890,890,
6982,9,1700000,0,user_28,890,890,
6990,10,1700000,0,user_31,890,890,
6979,11,1600000,0,user_23,890,890,
6963,12,1500000,0,user_0,890,890,
6980,13,1500000,195000,user_26,890,890,
7000,14,1500000,18600,user_39,890,890,
6987,15,1100000,0,user_29,890,890,
6996,16,1000000,0,user_34,890,890,
7001,17,1000000,0,user_40,890,890,
6966,18,970000,0,user_2,890,890,
6994,19,630000,0,user_32,890,890,
6964,20,470000,0,user_1,890,890,
6977,21,370000,73100,user_21,890,890,
6975,22,350000,0,user_17,890,890,
6983,23,310000,0,user_29,890,890,
6965,24,300000,0,user_1,890,890,
6986,25,220000,15100,user_29,890,890,
7002,26,220000,19700,user_40,890,890,
7004,27,220000,0,user_42,890,890,
6985,28,160000,0,user_29,890,890,
6998,29,160000,350000,user_37,890,890,
6976,30,150000,0,user_18,890,890,
6999,31,150000,0,user_38,890,890,
7009,32,120000,1100000,user_46,890,890,
6978,33,110000,0,user_23,890,890,
7005,34,110000,0,user_45,890,890,
7006,35,110000,46500,user_45,890,890,
7007,36,87000,0,user_45,890,890,
6981,37,83000,5630,user_27,890,890,
6984,38,83000,779000,user_29,890,890,
6989,39,83000,0,user_31,890,890,
6991,40,82000,0,user_31,890,890,
6971,41,77001,0,user_10,890,890,6968
6973,42,77001,0,user_14,890,890,6968
6974,43,76999,0,user_15,890,890,6968
7034,0,27000000,0,user_19,891,891,
7048,1,6100000,0,user_37,891,891,
7033,2,5000000,0,user_19,891,891,
7029,3,3600000,23500,user_18,891,891,
7011,4,2600000,0,user_0,891,891,
7050,5,2100000,0,user_38,891,891,
7055,6,2000000,0,user_44,891,891,
7063,7,2000000,0,user_49,891,891,
7056,8,1900000,0,user_45,891,891,
7053,9,1800000,43600,user_42,891,891,
7038,10,1500000,0,user_27,891,891,
7039,11,1500000,12800,user_28,891,891,
7059,12,1500000,0,user_48,891,891,
7054,13,1400000,0,user_43,891,891,
7040,14,1300000,3130,user_29,891,891,
7030,15,1200000,0,user_19,891,891,
7012,16,1100000,0,user_2,891,891,
7026,17,1100000,0,user_16,891,891,
7058,18,1100000,164000,user_47,891,891,
7060,19,1000000,0,user_48,891,891,
7061,20,970000,0,user_48,891,891,
7018,21,660001,0,user_10,891,891,7013
7019,22,660001,0,user_10,891,891,7013
7020,23,660001,0,user_12,891,891,7013
7021,24,660001,0,user_12,891,891,7013
7022,25,660001,0,user_12,891,891,7013
7024,26,660001,0,user_14,891,891,7013
7013,27,660000,11200,user_3,891,891,
7014,28,659999,0,user_4,891,891,7013
7015,29,659999,0,user_5,891,891,7013
7016,30,659999,0,user_6,891,891,7013
7023,31,659999,0,user_12,891,891,7013
7025,32,659999,0,user_15,891,891,7013
7047,33,370000,12300,user_36,891,891,
7046,34,350000,322000,user_36,891,891,
7057,35,340000,0,user_47,891,891,
7037,36,320000,0,user_22,891,891,
7042,37,310000,0,user_31,891,891,
7027,38,260000,67500,user_16,891,891,
7031,39,260000,128000,user_19,891,891,
7036,40,240000,0,user_20,891,891,
7051,41,150000,0,user_41,891,891,
7035,42,130000,0,user_20,891,891,
7028,43,120000,31700,user_17,891,891,
7032,44,120000,0,user_19,891,891,
7043,45,120000,0,user_33,891,891,
7052,46,120000,0,user_42,891,891,
7049,47,100000,0,user_37,891,891,
7010,48,83000,0,user_0,891,891,
7041,49,83000,0,user_30,891,891,
7062,50,73000,10700,user_48,891,891,
7070,0,27000000,0,user_5,892,892,
7072,1,6100000,0,user_6,892,892,
7107,2,6100000,31700,user_40,892,892,
7084,3,5200000,0,user_18,892,892,
7092,4,5200000,0,user_25,892,892,
7105,5,4500000,43600,user_35,892,892,
7114,6,3200000,10700,user_46,892,892,
7089,7,2300000,17700000,user_22,892,892,
7086,8,2000000,0,user_20,892,892,
7099,9,2000000,67900,user_29,892,892,
7093,10,1900000,56200,user_25,892,892,
7104,11,1600000,0,user_34,892,892,
7083,12,1500000,0,user_16,892,892,
7095,13,1500000,0,user_26,892,892,
7091,14,1400000,0,user_24,892,892,
7094,15,1300000,33100,user_26,892,892,
7066,16,1200000,0,user_0,892,892,
7101,17,1000000,13800,user_31,892,892,
7069,18,970000,0,user_5,892,892,
7106,19,970000,0,user_38,892,892,
7096,20,910000,0,user_27,892,892,
7102,21,910000,43600,user_32,892,892,
7097,22,670000,49100,user_27,892,892,
7098,23,630000,0,user_28,892,892,
7112,24,630000,0,user_44,892,892,
7090,25,460000,322000,user_23,892,892,
7113,26,420000,0,user_45,892,892,
7108,27,310000,0,user_42,892,892,
7075,28,260001,0,user_9,892,892,7074
7082,29,260001,0,user_15,892,892,7074
7074,30,260000,35600,user_7,892,892,
7076,31,259999,0,user_11,892,892,7074
7077,32,259999,0,user_13,892,892,7074
7078,33,259999,0,user_13,892,892,7074
7079,34,259999,0,user_13,892,892,7074
7080,35,259999,0,user_13,892,892,7074
7081,36,259999,0,user_14,892,892,7074
7065,37,160000,0,user_0,892,892,
7071,38,150000,0,user_6,892,892,
7085,39,150000,0,user_19,892,892,
7111,40,120000,0,user_44,892,892,
7088,41,110000,0,user_22,892,892,
7073,42,100000,0,user_7,892,892,
7068,43,85000,0,user_2,892,892,
7064,44,84000,0,user_0,892,892,
7155,0,43000000,13800,user_39,893,893,
7159,1,19000000,0,user_42,893,893,
7152,2,6300000,0,user_35,893,893,
7151,3,5200000,0,user_31,893,893,
7123,4,5000000,0,user_8,893,893,
7167,5,4500000,0,user_48,893,893,
7145,6,4200000,0,user_28,893,893,
7117,7,3600000,0,user_1,893,893,
7121,8,2300000,0,user_6,893,893,
7157,9,2000000,10700,user_41,893,893,
7164,10,1900000,32900,user_45,893,893,
7154,11,1800000,0,user_37,893,893,
7163,12,1800000,71800,user_45,893,893,
7119,13,1600000,0,user_3,893,893,
7156,14,1600000,71800,user_40,893,893,
7146,15,1400000,0,user_28,893,893,
7160,16,1400000,15300,user_43,893,893,
7144,17,1100000,0,user_28,893,893,
7162,18,1000000,0,user_44,893,893,
7165,19,1000000,0,user_47,893,893,
7141,20,870000,0,user_25,893,893,
7161,21,670000,195000,user_44,893,893,
7148,22,650000,0,user_29,893,893,
7129,23,630001,0,user_13,893,893,7125
7131,24,630001,0,user_14,893,893,7125
7125,25,630000,5630,user_10,893,893,
7127,26,629999,0,user_12,893,893,7125
7128,27,629999,0,user_12,893,893,7125
7130,28,629999,0,user_13,893,893,7125
7132,29,629999,0,user_14,893,893,7125
7153,30,420000,75000,user_36,893,893,
7137,31,360000,0,user_21,893,893,
7134,32,350000,13900,user_19,893,893,
7136,33,320000,19700,user_20,893,893,
7140,34,310000,0,user_24,893,893,
7168,35,310000,0,user_49,893,893,
7166,36,160000,0,user_47,893,893,
7120,37,150000,0,user_4,893,893,
7135,38,150000,64600,user_19,893,893,
7124,39,120000,0,user_8,893,893,
7143,40,120000,0,user_27,893,893,
7147,41,120000,0,user_28,893,893,
7122,42,110000,0,user_6,893,893,
7142,43,100000,16400,user_26,893,893,
7118,44,82000,0,user_3,893,893,
7158,45,79000,0,user_41,893,893,
7222,0,43000000,0,user_37,894,894,
7175,1,30000000,0,user_6,894,894,
7213,2,30000000,0,user_27,894,894,
7229,3,5200000,0,user_45,894,894,
7228,4,4500000,0,user_40,894,894,
7232,5,4500000,56200,user_49,894,894,
7177,6,3600000,0,user_6,894,894,
7196,7,2600000,0,user_16,894,894,
7203,8,2600000,24700,user_18,894,894,
7223,9,2600000,231000,user_37,894,894,
7199,10,2500000,0,user_17,894,894,
7226,11,2500000,0,user_39,894,894,
7174,12,2400000,0,user_5,894,894,
7204,13,1900000,0,user_18,894,894,
7216,14,1900000,0,user_30,894,894,
7201,15,1700000,0,user_17,894,894,
7180,16,1500001,0,user_9,894,894,7179
7183,17,1500001,0,user_9,894,894,7179
7184,18,1500001,0,user_9,894,894,7179
7187,19,1500001,0,user_13,894,894,7179
7188,20,1500001,0,user_13,894,894,7179
7190,21,1500001,0,user_13,894,894,7179
7193,22,1500001,0,user_15,894,894,7179
7194,23,1500001,0,user_15,894,894,7179
7179,24,1500000,146000,user_8,894,894,
7205,25,1500000,231000,user_19,894,894,
7210,26,1500000,0,user_26,894,894,
7220,27,1500000,0,user_35,894,894,
7181,28,1499999,0,user_9,894,894,7179
7182,29,1499999,0,user_9,894,894,7179
7186,30,1499999,0,user_12,894,894,7179
7189,31,1499999,0,user_13,894,894,7179
7191,32,1499999,0,user_13,894,894,7179
7195,33,1499999,0,user_15,894,894,7179
7171,34,1400000,0,user_3,894,894,
7197,35,1000000,0,user_16,894,894,
7217,36,870000,0,user_30,894,894,
7225,37,870000,0,user_38,894,894,
7207,38,650000,0,user_23,894,894,
7176,39,530000,0,user_6,894,894,
7227,40,370000,0,user_40,894,894,
7221,41,360000,0,user_36,894,894,
7206,42,350000,0,user_21,894,894,
7208,43,350000,0,user_23,894,894,
7231,44,320000,959000,user_48,894,894,
7224,45,300000,71800,user_38,894,894,
7212,46,170000,0,user_26,894,894,
7169,47,160000,0,user_0,894,894,
7198,48,160000,0,user_17,894,894,
7209,49,160000,0,user_25,894,894,
7211,50,160000,0,user_26,894,894,
7178,51,120000,0,user_7,894,894,
7218,52,110000,0,user_33,894,894,
7172,53,79000,0,user_3,894,894,
7219,54,79000,0,user_34,894,894,
7202,55,77000,0,user_17,894,894,
7200,56,73000,0,user_17,894,894,
7284,0,43000000,0,user_34,895,895,
7290,1,27000000,0,user_40,895,895,
7294,2,27000000,769000,user_44,895,895,
7272,3,3600000,0,user_25,895,895,
7297,4,2500000,23500,user_48,895,895,
7263,5,2400000,0,user_20,895,895,
7237,6,2300001,0,user_4,895,895,7235
7241,7,2300001,0,user_7,895,895,7235
7242,8,2300001,0,user_8,895,895,7235
7243,9,2300001,0,user_9,895,895,7235
7244,10,2300001,0,user_9,895,895,7235
7246,11,2300001,0,user_10,895,895,7235
7247,12,2300001,0,user_10,895,895,7235
7248,13,2300001,0,user_10,895,895,7235
7254,14,2300001,0,user_15,895,895,7235
7235,15,2300000,14200,user_2,895,895,
7238,16,2299999,0,user_4,895,895,7235
7239,17,2299999,0,user_5,895,895,7235
7240,18,2299999,0,user_6,895,895,7235
7245,19,2299999,0,user_10,895,895,7235
7249,20,2299999,0,user_10,895,895,7235
7250,21,2299999,0,user_13,895,895,7235
7251,22,2299999,0,user_13,895,895,7235
7252,23,2299999,0,user_13,895,895,7235
7253,24,2299999,0,user_13,895,895,7235
7255,25,2299999,0,user_15,895,895,7235
7289,26,2000000,256000,user_39,895,895,
7277,27,1900000,0,user_29,895,895,
7288,28,1900000,0,user_38,895,895,
7268,29,1700000,139000,user_22,895,895,
7270,30,1600000,0,user_24,895,895,
7280,31,1600000,67500,user_29,895,895,
7279,32,1400000,0,user_29,895,895,
7273,33,1300000,0,user_26,895,895,
7259,34,1000000,0,user_18,895,895,
7278,35,1000000,7190000,user_29,895,895,
7256,36,910000,17000,user_16,895,895,
7267,37,910000,0,user_22,895,895,
7269,38,670000,0,user_23,895,895,
7295,39,420000,100000,user_45,895,895,
7233,40,360000,0,user_0,895,895,
7274,41,310000,0,user_28,895,895,
7276,42,310000,0,user_29,895,895,
7287,43,260000,0,user_38,895,895,
7292,44,220000,0,user_42,895,895,
7257,45,170000,369000,user_17,895,895,
7260,46,160000,0,user_19,895,895,
7285,47,150000,0,user_35,895,895,
7261,48,120000,0,user_20,895,895,
7262,49,120000,0,user_20,895,895,
7265,50,100000,21800,user_20,895,895,
7286,51,100000,0,user_37,895,895,
7275,52,82000,15700,user_28,895,895,
7264,53,80000,0,user_20,895,895,
7271,54,79000,0,user_25,895,895,
7258,55,70000,0,user_17,895,895,
7331,0,30000000,0,user_29,896,896,
7345,1,27000000,23500,user_48,896,896,
7335,2,5200000,0,user_33,896,896,
7313,3,2600000,0,user_16,896,896,
7326,4,2500000,42000,user_24,896,896,
7306,5,2400001,0,user_3,896,896,7305
7307,6,2400001,0,user_5,896,896,7305
7309,7,2400001,0,user_8,896,896,7305
7310,8,2400001,0,user_10,896,896,7305
7311,9,2400001,0,user_12,896,896,7305
7312,10,2400001,0,user_14,896,896,7305
7305,11,2400000,47700,user_2,896,896,
7330,12,2400000,0,user_28,896,896,
7308,13,2399999,0,user_6,896,896,7305
7342,14,2300000,0,user_44,896,896,
7339,15,2000000,0,user_37,896,896,
7303,16,1500000,0,user_2,896,896,
7324,17,1500000,0,user_23,896,896,
7332,18,1500000,0,user_31,896,896,
7333,19,1500000,19700,user_31,896,896,
7338,20,1500000,0,user_37,896,896,
7320,21,1300000,0,user_20,896,896,
7318,22,1100000,0,user_17,896,896,
7337,23,1000000,0,user_35,896,896,
7319,24,970000,0,user_19,896,896,
7317,25,910000,0,user_16,896,896,
7321,26,910000,0,user_20,896,896,
7322,27,910000,0,user_21,896,896,
7328,28,630000,0,user_26,896,896,
7340,29,420000,0,user_39,896,896,
7327,30,220000,0,user_26,896,896,
7301,31,170000,0,user_2,896,896,
7302,32,170000,0,user_2,896,896,
7304,33,170000,0,user_2,896,896,
7341,34,160000,0,user_41,896,896,
7316,35,110000,18600,user_16,896,896,
7323,36,110000,0,user_22,896,896,
7325,37,110000,0,user_24,896,896,
7314,38,98000,0,user_16,896,896,
7315,39,82000,410000,user_16,896,896,
7348,0,30000001,0,user_2,897,897,7347
7350,1,30000001,0,user_4,897,897,7347
7352,2,30000001,0,user_4,897,897,7347
7353,3,30000001,0,user_5,897,897,7347
7355,4,30000001,0,user_7,897,897,7347
7358,5,30000001,0,user_11,897,897,7347
7360,6,30000001,0,user_12,897,897,7347
7361,7,30000001,0,user_13,897,897,7347
7362,8,30000001,0,user_15,897,897,7347
7347,9,30000000,12300,user_1,897,897,
7377,10,30000000,0,user_24,897,897,
7349,11,29999999,0,user_4,897,897,7347
7351,12,29999999,0,user_4,897,897,7347
7354,13,29999999,0,user_6,897,897,7347
7356,14,29999999,0,user_8,897,897,7347
7357,15,29999999,0,user_9,897,897,7347
7359,16,29999999,0,user_11,897,897,7347
7368,17,19000000,0,user_20,897,897,
7391,18,6100000,0,user_34,897,897,
7372,19,5000000,296000,user_23,897,897,
7397,20,3600000,0,user_38,897,897,
7394,21,3500000,0,user_36,897,897,
7399,22,3500000,17700000,user_40,897,897,
7395,23,3200000,181000,user_36,897,897,
7373,24,2600000,0,user_23,897,897,
7378,25,2400000,0,user_24,897,897,
7406,26,2300000,0,user_49,897,897,
7371,27,1400000,49100,user_23,897,897,
7393,28,1200000,0,user_36,897,897,
7385,29,970000,0,user_28,897,897,
7364,30,910000,0,user_17,897,897,
7369,31,870000,0,user_21,897,897,
7390,32,870000,0,user_32,897,897,
7367,33,660000,0,user_19,897,897,
7403,34,660000,0,user_46,897,897,
7379,35,320000,8520,user_24,897,897,
7404,36,320000,0,user_46,897,897,
7392,37,310000,0,user_35,897,897,
7402,38,310000,0,user_45,897,897,
7363,39,220000,0,user_17,897,897,
7396,40,220000,0,user_37,897,897,
7374,41,170000,0,user_23,897,897,
7400,42,170000,0,user_43,897,897,
7376,43,160000,0,user_24,897,897,
7366,44,130000,0,user_17,897,897,
7375,45,87000,0,user_23,897,897,
7401,46,87000,71800,user_44,897,897,
7365,47,84000,215000,user_17,897,897,
7370,48,77000,0,user_22,897,897,
7469,0,6300000,0,user_47,898,898,
7443,1,5200000,0,user_28,898,898,
7453,2,5200000,0,user_32,898,898,
7433,3,5000000,0,user_18,898,898,
7434,4,5000000,0,user_19,898,898,
7441,5,5000000,0,user_26,898,898,
7440,6,3500000,66100,user_25,898,898,
7456,7,3500000,0,user_34,898,898,
7432,8,2500000,510000,user_17,898,898,
7444,9,2300000,49100,user_28,898,898,
7446,10,2100000,769000,user_29,898,898,
7467,11,2000000,0,user_44,898,898,
7439,12,1900000,0,user_23,898,898,
7462,13,1800000,0,user_37,898,898,
7448,14,1600000,0,user_29,898,898,
7414,15,1400001,0,user_3,898,898,7411
7415,16,1400001,0,user_4,898,898,7411
7416,17,1400001,0,user_4,898,898,7411
7417,18,1400001,0,user_5,898,898,7411
7420,19,1400001,0,user_6,898,898,7411
7421,20,1400001,0,user_7,898,898,7411
7424,21,1400001,0,user_10,898,898,7411
7425,22,1400001,0,user_11,898,898,7411
7428,23,1400001,0,user_14,898,898,7411
7430,24,1400001,0,user_15,898,898,7411
7411,25,1400000,32900,user_1,898,898,
7412,26,1399999,0,user_1,898,898,7411
7413,27,1399999,0,user_2,898,898,7411
7418,28,1399999,0,user_5,898,898,7411
7419,29,1399999,0,user_6,898,898,7411
7426,30,1399999,0,user_12,898,898,7411
7427,31,1399999,0,user_14,898,898,7411
7429,32,1399999,0,user_15,898,898,7411
7468,33,1100000,12800,user_46,898,898,
7463,34,1000000,0,user_38,898,898,
7450,35,420000,0,user_30,898,898,
7431,36,370000,0,user_16,898,898,
7438,37,370000,0,user_23,898,898,
7408,38,360000,0,user_0,898,898,
7454,39,310000,0,user_33,898,898,
7459,40,310000,0,user_36,898,898,
7461,41,310000,23500,user_37,898,898,
7460,42,300000,0,user_36,898,898,
7464,43,300000,0,user_42,898,898,
7435,44,220000,0,user_20,898,898,
7447,45,220000,0,user_29,898,898,
7465,46,220000,0,user_42,898,898,
7445,47,170000,0,user_29,898,898,
7452,48,160000,0,user_31,898,898,
7436,49,150000,0,user_21,898,898,
7437,50,150000,68100,user_21,898,898,
7458,51,150000,0,user_34,898,898,
7470,52,120000,0,user_49,898,898,
7455,53,110000,0,user_34,898,898,
7466,54,110000,0,user_44,898,898,
7407,55,98000,0,user_0,898,898,
7410,56,98000,0,user_0,898,898,
7449,57,85000,71800,user_29,898,898,
7451,58,80000,0,user_30,898,898,
7457,59,79000,0,user_34,898,898,
7409,60,77000,0,user_0,898,898,
7442,61,77000,256000,user_26,898,898,
7496,0,19000000,0,user_32,899,899,
7498,1,6100000,15300,user_35,899,899,
7492,2,5200000,0,user_27,899,899,
7485,3,5000000,0,user_17,899,899,
7488,4,2500000,0,user_21,899,899,
7489,5,2300000,0,user_22,899,899,
7493,6,2100000,0,user_28,899,899,
7504,7,1900000,4320000,user_44,899,899,
7486,8,1300000,0,user_18,899,899,
7499,9,1100000,0,user_36,899,899,
7503,10,870000,46500,user_43,899,899,
7490,11,630000,0,user_25,899,899,
7502,12,460000,0,user_40,899,899,
7487,13,350000,0,user_21,899,899,
7495,14,220000,0,user_31,899,899,
7497,15,190000,0,user_34,899,899,
7501,16,150000,42000,user_39,899,899,
7505,17,130000,0,user_45,899,899,
7473,18,120001,0,user_1,899,899,7471
7474,19,120001,0,user_2,899,899,7471
7475,20,120001,0,user_3,899,899,7471
7476,21,120001,0,user_6,899,899,7471
7479,22,120001,0,user_10,899,899,7471
7480,23,120001,0,user_11,899,899,7471
7481,24,120001,0,user_11,899,899,7471
7482,25,120001,0,user_14,899,899,7471
7483,26,120001,0,user_14,899,899,7471
7471,27,120000,17000,user_0,899,899,
7472,28,119999,0,user_1,899,899,7471
7478,29,119999,0,user_10,899,899,7471
7484,30,119999,0,user_15,899,899,7471
7506,31,110000,0,user_46,899,899,
7494,32,77000,0,user_30,899,899,
5590,0,4200001,0,user_5,900,900,5587
5591,1,4200001,0,user_6,900,900,5587
5596,2,4200001,0,user_12,900,900,5587
5597,3,4200001,0,user_13,900,900,5587
5598,4,4200001,0,user_13,900,900,5587
5599,5,4200001,0,user_14,900,900,5587
5587,6,4200000,322000,user_1,900,900,
5625,7,4200000,0,user_48,900,900,
5626,8,4200000,0,user_49,900,900,
5588,9,4199999,0,user_2,900,900,5587
5589,10,4199999,0,user_4,900,900,5587
5592,11,4199999,0,user_7,900,900,5587
5593,12,4199999,0,user_8,900,900,5587
5594,13,4199999,0,user_9,900,900,5587
5595,14,4199999,0,user_11,900,900,5587
5600,15,4199999,0,user_15,900,900,5587
5612,16,3200000,0,user_35,900,900,
5607,17,2500000,0,user_26,900,900,
5611,18,2000000,0,user_35,900,900,
5604,19,1600000,0,user_22,900,900,
5601,20,1500000,0,user_18,900,900,
5602,21,1200000,0,user_19,900,900,
5615,22,1200000,0,user_39,900,900,
5608,23,1100000,0,user_26,900,900,
5620,24,530000,0,user_43,900,900,
5603,25,340000,283000,user_22,900,900,
5614,26,220000,0,user_37,900,900,
5617,27,220000,0,user_41,900,900,
5613,28,170000,0,user_36,900,900,
5627,29,160000,0,user_49,900,900,
5619,30,150000,0,user_43,900,900,
5624,31,150000,0,user_47,900,900,
5622,32,120000,350000,user_43,900,900,
5610,33,110000,161000,user_33,900,900,
5621,34,110000,0,user_43,900,900,
5616,35,80000,0,user_40,900,900,
5629,0,5000000,0,user_1,901,901,
5656,1,5000000,0,user_26,901,901,
5661,2,5000000,410000,user_27,901,901,
5680,3,5000000,0,user_48,901,901,
5647,4,4500000,0,user_16,901,901,
5637,5,4200001,0,user_10,901,901,5635
5639,6,4200001,0,user_12,901,901,5635
5640,7,4200001,0,user_12,901,901,5635
5641,8,4200001,0,user_12,901,901,5635
5643,9,4200001,0,user_13,901,901,5635
5644,10,4200001,0,user_13,901,901,5635
5635,11,4200000,350000,user_10,901,901,
5636,12,4199999,0,user_10,901,901,5635
5638,13,4199999,0,user_12,901,901,5635
5642,14,4199999,0,user_12,901,901,5635
5645,15,4199999,0,user_14,901,901,5635
5676,16,3600000,0,user_43,901,901,
5653,17,3200000,0,user_23,901,901,
5663,18,2300000,73100,user_28,901,901,
5670,19,2300000,0,user_36,901,901,
5681,20,1900000,0,user_48,901,901,
5673,21,1500000,5640,user_40,901,901,
5679,22,1400000,0,user_48,901,901,
5684,23,970000,11200,user_49,901,901,
5660,24,910000,0,user_27,901,901,
5628,25,670000,0,user_0,901,901,
5665,26,660000,0,user_30,901,901,
5668,27,630000,0,user_34,901,901,
5658,28,530000,0,user_26,901,901,
5678,29,470000,0,user_47,901,901,
5683,30,350000,0,user_49,901,901,
5659,31,320000,0,user_26,901,901,
5648,32,310000,0,user_18,901,901,
5652,33,300000,0,user_23,901,901,
5682,34,260000,0,user_48,901,901,
5646,35,220000,0,user_16,901,901,
5672,36,170000,0,user_40,901,901,
5655,37,160000,0,user_26,901,901,
5657,38,160000,0,user_26,901,901,
5650,39,150000,0,user_21,901,901,
5671,40,150000,0,user_39,901,901,
5634,41,110000,0,user_9,901,901,
5666,42,110000,0,user_31,901,901,
5669,43,110000,0,user_35,901,901,
5667,44,100000,0,user_33,901,901,
5651,45,87000,0,user_22,901,901,
5664,46,84000,0,user_29,901,901,
5677,47,84000,0,user_46,901,901,
5662,48,82000,0,user_28,901,901,
5630,49,79000,0,user_2,901,901,
5633,50,79000,0,user_8,901,901,
5674,51,79000,0,user_40,901,901,
5632,52,70000,0,user_7,901,901,
5714,0,19000000,0,user_28,902,902,
5722,1,3600000,0,user_36,902,902,
5732,2,3600000,0,user_41,902,902,
5704,3,3200000,0,user_18,902,902,
5735,4,3200000,256000,user_47,902,902,
5703,5,1500000,0,user_17,902,902,
5717,6,1500000,0,user_32,902,902,
5715,7,1400000,0,user_31,902,902,
5724,8,1400000,0,user_37,902,902,
5730,9,1400000,0,user_39,902,902,
5720,10,1300000,0,user_36,902,902,
5723,11,1200000,0,user_36,902,902,
5706,12,1100000,146000,user_19,902,902,
5737,13,1100000,0,user_49,902,902,
5721,14,1000000,60700,user_36,902,902,
5725,15,1000000,0,user_38,902,902,
5707,16,650000,0,user_21,902,902,
5708,17,340000,0,user_21,902,902,
5727,18,340000,0,user_39,902,902,
5712,19,320000,33300,user_26,902,902,
5713,20,260000,0,user_26,902,902,
5726,21,220000,0,user_38,902,902,
5734,22,220000,769000,user_46,902,902,
5702,23,170000,0,user_16,902,902,
5687,24,160001,0,user_2,902,902,5685
5690,25,160001,0,user_4,902,902,5685
5691,26,160001,0,user_5,902,902,5685
5693,27,160001,0,user_7,902,902,5685
5694,28,160001,0,user_7,902,902,5685
5700,29,160001,0,user_12,902,902,5685
5685,30,160000,49100,user_0,902,902,
5686,31,159999,0,user_0,902,902,5685
5688,32,159999,0,user_2,902,902,5685
5689,33,159999,0,user_3,902,902,5685
5692,34,159999,0,user_6,902,902,5685
5697,35,159999,0,user_10,902,902,5685
5698,36,159999,0,user_10,902,902,5685
5699,37,159999,0,user_11,902,902,5685
5701,38,159999,0,user_14,902,902,5685
5709,39,150000,0,user_22,902,902,
5710,40,120000,0,user_23,902,902,
5705,41,110000,0,user_18,902,902,
5729,42,110000,0,user_39,902,902,
5733,43,110000,0,user_43,902,902,
5716,44,98000,381000,user_31,902,902,
5711,45,85000,0,user_24,902,902,
5736,46,84000,0,user_47,902,902,
5718,47,82000,0,user_33,902,902,
5731,48,73000,146000,user_39,902,902,
5728,49,70000,0,user_39,902,902,
5782,0,43000000,0,user_44,903,903,
5777,1,6300000,0,user_42,903,903,
5758,2,5200000,0,user_20,903,903,
5760,3,5000000,0,user_23,903,903,
5779,4,4200000,0,user_43,903,903,
5771,5,3200000,0,user_37,903,903,
5784,6,2600000,0,user_46,903,903,
5742,7,2400001,0,user_2,903,903,5739
5744,8,2400001,0,user_5,903,903,5739
5745,9,2400001,0,user_7,903,903,5739
5746,10,2400001,0,user_7,903,903,5739
5752,11,2400001,0,user_11,903,903,5739
5753,12,2400001,0,user_13,903,903,5739
5739,13,2400000,1100000,user_0,903,903,
5769,14,2400000,0,user_36,903,903,
5792,15,2400000,35100,user_49,903,903,
5740,16,2399999,0,user_1,903,903,5739
5741,17,2399999,0,user_1,903,903,5739
5743,18,2399999,0,user_3,903,903,5739
5747,19,2399999,0,user_7,903,903,5739
5748,20,2399999,0,user_7,903,903,5739
5750,21,2399999,0,user_10,903,903,5739
5751,22,2399999,0,user_11,903,903,5739
5754,23,2399999,0,user_14,903,903,5739
5755,24,2399999,0,user_15,903,903,5739
5765,25,2000000,0,user_33,903,903,
5770,26,2000000,0,user_37,903,903,
5764,27,1900000,12800,user_32,903,903,
5785,28,1700000,0,user_47,903,903,
5774,29,1500000,0,user_41,903,903,
5766,30,1100000,11200,user_33,903,903,
5738,31,1000000,0,user_0,903,903,
5763,32,1000000,0,user_30,903,903,
5778,33,670000,0,user_43,903,903,
5786,34,670000,0,user_47,903,903,
5787,35,660000,0,user_48,903,903,
5772,36,350000,0,user_38,903,903,
5776,37,310000,0,user_41,903,903,
5775,38,300000,0,user_41,903,903,
5761,39,220000,256000,user_26,903,903,
5762,40,220000,594000,user_29,903,903,
5781,41,220000,5640,user_44,903,903,
5767,42,190000,0,user_34,903,903,
5783,43,170000,0,user_45,903,903,
5780,44,160000,0,user_43,903,903,
5759,45,150000,0,user_21,903,903,
5768,46,150000,11200,user_36,903,903,
5756,47,120000,0,user_16,903,903,
5757,48,120000,0,user_17,903,903,
5790,49,120000,0,user_48,903,903,
5789,50,83000,0,user_48,903,903,
5788,51,80000,0,user_48,903,903,
5791,52,77000,0,user_48,903,903,
5838,0,30000000,0,user_45,904,904,
5822,1,19000000,0,user_24,904,904,
5823,2,19000000,0,user_25,904,904,
5836,3,5200000,121000,user_43,904,904,
5827,4,2000000,0,user_30,904,904,
5828,5,1500000,0,user_30,904,904,
5818,6,1400000,0,user_20,904,904,
5809,7,1100000,0,user_17,904,904,
5837,8,910000,0,user_43,904,904,
5821,9,870000,0,user_22,904,904,
5820,10,600000,0,user_22,904,904,
5826,11,460000,121000,user_27,904,904,
5817,12,340000,0,user_20,904,904,
5815,13,320000,769000,user_20,904,904,
5819,14,310000,0,user_21,904,904,
5835,15,260000,0,user_41,904,904,
5812,16,240000,0,user_19,904,904,
5829,17,240000,0,user_30,904,904,
5806,18,220001,0,user_15,904,904,5793
5793,19,220000,155000,user_0,904,904,
5810,20,220000,0,user_18,904,904,
5794,21,219999,0,user_3,904,904,5793
5795,22,219999,0,user_4,904,904,5793
5796,23,219999,0,user_6,904,904,5793
5797,24,219999,0,user_7,904,904,5793
5801,25,219999,0,user_10,904,904,5793
5802,26,219999,0,user_11,904,904,5793
5803,27,219999,0,user_12,904,904,5793
5804,28,219999,0,user_13,904,904,5793
5805,29,219999,0,user_15,904,904,5793
5807,30,190000,0,user_16,904,904,
5813,31,170000,0,user_19,904,904,
5839,32,170000,0,user_47,904,904,
5832,33,150000,0,user_37,904,904,
5811,34,120000,21800,user_19,904,904,
5825,35,120000,0,user_27,904,904,
5840,36,120000,0,user_49,904,904,
5816,37,110000,0,user_20,904,904,
5833,38,110000,0,user_38,904,904,
5831,39,100000,0,user_36,904,904,
5808,40,85000,0,user_16,904,904,
5824,41,83000,0,user_26,904,904,
5814,42,77000,0,user_20,904,904,
5830,43,73000,0,user_31,904,904,
5877,0,5200000,0,user_22,905,905,
5878,1,4200000,0,user_22,905,905,
5881,2,3500000,0,user_28,905,905,
5841,3,2500000,0,user_0,905,905,
5843,4,2400000,0,user_3,905,905,
5876,5,2100000,0,user_21,905,905,
5880,6,2000000,0,user_27,905,905,
5884,7,2000000,0,user_31,905,905,
5893,8,1700000,0,user_41,905,905,
5900,9,1400000,0,user_48,905,905,
5888,10,1000000,16400,user_38,905,905,
5842,11,670000,0,user_1,905,905,
5896,12,660000,0,user_43,905,905,
5883,13,600000,0,user_29,905,905,
5895,14,600000,0,user_42,905,905,
5882,15,470000,0,user_28,905,905,
5846,16,460001,0,user_5,905,905,5844
5850,17,460001,0,user_6,905,905,5844
5851,18,460001,0,user_7,905,905,5844
5852,19,460001,0,user_7,905,905,5844
5855,20,460001,0,user_10,905,905,5844
5856,21,460001,0,user_11,905,905,5844
5857,22,460001,0,user_11,905,905,5844
5859,23,460001,0,user_11,905,905,5844
5860,24,460001,0,user_11,905,905,5844
5866,25,460001,0,user_13,905,905,5844
5867,26,460001,0,user_13,905,905,5844
5870,27,460001,0,user_13,905,905,5844
5844,28,460000,24700,user_4,905,905,
5845,29,459999,0,user_5,905,905,5844
5847,30,459999,0,user_5,905,905,5844
5848,31,459999,0,user_5,905,905,5844
5849,32,459999,0,user_6,905,905,5844
5858,33,459999,0,user_11,905,905,5844
5861,34,459999,0,user_12,905,905,5844
5862,35,459999,0,user_12,905,905,5844
5863,36,459999,0,user_12,905,905,5844
5864,37,459999,0,user_12,905,905,5844
5865,38,459999,0,user_12,905,905,5844
5868,39,459999,0,user_13,905,905,5844
5869,40,459999,0,user_13,905,905,5844
5871,41,459999,0,user_14,905,905,5844
5872,42,459999,0,user_14,905,905,5844
5873,43,459999,0,user_15,905,905,5844
5894,44,320000,0,user_42,905,905,
5898,45,260000,0,user_47,905,905,
5897,46,240000,0,user_44,905,905,
5885,47,220000,121000,user_34,905,905,
5875,48,160000,0,user_20,905,905,
5879,49,150000,0,user_26,905,905,
5874,50,120000,18600,user_17,905,905,
5899,51,110000,0,user_47,905,905,
5887,52,100000,0,user_37,905,905,
5901,53,84000,0,user_49,905,905,
5905,0,19000000,0,user_4,906,906,
5933,1,6300000,0,user_27,906,906,
5949,2,5000000,0,user_36,906,906,
5950,3,4500000,0,user_38,906,906,
5962,4,4500000,0,user_48,906,906,
5927,5,2300000,0,user_20,906,906,
5946,6,2300000,0,user_34,906,906,
5932,7,2100000,0,user_27,906,906,
5952,8,2000000,0,user_41,906,906,
5902,9,1900000,0,user_0,906,906,
5907,10,1500001,0,user_7,906,906,5906
5908,11,1500001,0,user_8,906,906,5906
5909,12,1500001,0,user_8,906,906,5906
5914,13,1500001,0,user_13,906,906,5906
5918,14,1500001,0,user_14,906,906,5906
5919,15,1500001,0,user_14,906,906,5906
5906,16,1500000,769000,user_6,906,906,
5925,17,1500000,0,user_18,906,906,
5910,18,1499999,0,user_8,906,906,5906
5911,19,1499999,0,user_8,906,906,5906
5912,20,1499999,0,user_9,906,906,5906
5915,21,1499999,0,user_14,906,906,5906
5916,22,1499999,0,user_14,906,906,5906
5917,23,1499999,0,user_14,906,906,5906
5929,24,1400000,128000,user_24,906,906,
5930,25,1100000,0,user_25,906,906,
5903,26,970000,0,user_1,906,906,
5947,27,910000,0,user_36,906,906,
5956,28,910000,0,user_44,906,906,
5920,29,670000,0,user_17,906,906,
5944,30,660000,0,user_33,906,906,
5943,31,530000,0,user_32,906,906,
5948,32,460000,0,user_36,906,906,
5954,33,360000,0,user_43,906,906,
5936,34,320000,283000,user_27,906,906,
5938,35,320000,0,user_29,906,906,
5955,36,320000,0,user_43,906,906,
5924,37,310000,0,user_18,906,906,
5931,38,300000,0,user_26,906,906,
5923,39,260000,0,user_18,906,906,
5959,40,220000,64600,user_48,906,906,
5960,41,170000,66100,user_48,906,906,
5921,42,160000,0,user_18,906,906,
5937,43,160000,0,user_28,906,906,
5939,44,160000,0,user_29,906,906,
5953,45,160000,0,user_43,906,906,
5904,46,150000,0,user_4,906,906,
5934,47,150000,0,user_27,906,906,
5935,48,110000,64600,user_27,906,906,
5958,49,98000,0,user_48,906,906,
5961,50,83000,5630,user_48,906,906,
5922,51,80000,5180,user_18,906,906,
5945,52,73000,32900,user_34,906,906,
5963,0,6300000,0,user_0,907,907,
5993,1,5200000,0,user_35,907,907,
5965,2,4500000,0,user_2,907,907,
6000,3,4500000,0,user_39,907,907,
5980,4,4200000,0,user_17,907,907,
5986,5,3500000,0,user_24,907,907,
6007,6,3200000,0,user_46,907,907,
5964,7,2600000,0,user_1,907,907,
5998,8,2400000,0,user_38,907,907,
6003,9,2000000,0,user_40,907,907,
6006,10,1500000,0,user_46,907,907,
6004,11,1400000,0,user_42,907,907,
6014,12,1400000,0,user_49,907,907,
6005,13,1300000,100000,user_45,907,907,
5990,14,1100000,0,user_30,907,907,
5979,15,1000000,68100,user_17,907,907,
5999,16,970000,0,user_39,907,907,
5988,17,870000,0,user_27,907,907,
5989,18,870000,0,user_30,907,907,
6012,19,870000,0,user_48,907,907,
5983,20,670000,0,user_21,907,907,
5992,21,600000,0,user_33,907,907,
6013,22,530000,0,user_48,907,907,
5995,23,350000,15300,user_36,907,907,
5981,24,310000,0,user_18,907,907,
6008,25,260000,0,user_47,907,907,
6015,26,260000,0,user_49,907,907,
5978,27,220000,0,user_16,907,907,
5985,28,170000,0,user_22,907,907,
6002,29,170000,0,user_39,907,907,
5996,30,160000,0,user_37,907,907,
5997,31,120000,0,user_37,907,907,
6001,32,120000,0,user_39,907,907,
6009,33,110000,0,user_47,907,907,
6010,34,110000,0,user_48,907,907,
6011,35,110000,0,user_48,907,907,
5968,36,87001,0,user_7,907,907,5967
5970,37,87001,0,user_8,907,907,5967
5971,38,87001,0,user_9,907,907,5967
5973,39,87001,0,user_10,907,907,5967
5974,40,87001,0,user_10,907,907,5967
5987,41,87000,0,user_26,907,907,
5969,42,86999,0,user_8,907,907,5967
5972,43,86999,0,user_9,907,907,5967
5976,44,86999,0,user_12,907,907,5967
5977,45,86999,0,user_13,907,907,5967
5994,46,85000,0,user_35,907,907,
5966,47,83000,0,user_2,907,907,
5984,48,83000,0,user_21,907,907,
5991,49,82000,0,user_32,907,907,
6056,0,6300000,0,user_33,908,908,
6052,1,5000000,100000,user_30,908,908,
6063,2,5000000,0,user_37,908,908,
6064,3,5000000,0,user_38,908,908,
6069,4,4500000,0,user_41,908,908,
6044,5,4200000,0,user_23,908,908,
6065,6,4200000,0,user_38,908,908,
6040,7,3200000,0,user_23,908,908,
6045,8,2500000,779000,user_25,908,908,
6071,9,2500000,0,user_42,908,908,
6078,10,2300000,0,user_47,908,908,
6021,11,2100000,0,user_6,908,908,
6061,12,2000000,0,user_36,908,908,
6035,13,1900000,0,user_18,908,908,
6038,14,1900000,0,user_20,908,908,
6024,15,1500001,0,user_6,908,908,6023
6028,16,1500001,0,user_12,908,908,6023
6029,17,1500001,0,user_13,908,908,6023
6030,18,1500001,0,user_13,908,908,6023
6032,19,1500001,0,user_13,908,908,6023
6023,20,1500000,510000,user_6,908,908,
6027,21,1499999,0,user_12,908,908,6023
6031,22,1499999,0,user_13,908,908,6023
6033,23,1499999,0,user_13,908,908,6023
6073,24,1400000,16400,user_44,908,908,
6077,25,1100000,0,user_47,908,908,
6054,26,970000,0,user_32,908,908,
6047,27,870000,0,user_25,908,908,
6017,28,670000,0,user_1,908,908,
6049,29,660000,0,user_25,908,908,
6062,30,630000,0,user_36,908,908,
6076,31,600000,0,user_46,908,908,
6075,32,470000,64600,user_44,908,908,
6079,33,470000,0,user_48,908,908,
6018,34,460000,0,user_2,908,908,
6020,35,460000,0,user_6,908,908,
6046,36,420000,42000,user_25,908,908,
6034,37,360000,0,user_16,908,908,
6037,38,350000,0,user_19,908,908,
6019,39,300000,0,user_5,908,908,
6022,40,220000,0,user_6,908,908,
6050,41,220000,0,user_27,908,908,
6051,42,220000,0,user_28,908,908,
6055,43,220000,0,user_32,908,908,
6036,44,190000,0,user_19,908,908,
6053,45,170000,0,user_30,908,908,
6059,46,170000,0,user_36,908,908,
6068,47,170000,0,user_41,908,908,
6041,48,160000,0,user_23,908,908,
6016,49,130000,0,user_0,908,908,
6042,50,120000,0,user_23,908,908,
6043,51,120000,0,user_23,908,908,
6058,52,120000,0,user_36,908,908,
6060,53,120000,0,user_36,908,908,
6070,54,120000,0,user_42,908,908,
6039,55,110000,0,user_22,908,908,
6048,56,110000,594000,user_25,908,908,
6074,57,110000,959000,user_44,908,908,
6072,58,85000,0,user_43,908,908,
6080,59,80000,0,user_49,908,908,
6057,60,77000,0,user_34,908,908,
6067,61,70000,0,user_41,908,908,
6099,0,27000000,0,user_18,909,909,
6098,1,6100000,0,user_17,909,909,
6109,2,5000000,0,user_26,909,909,
6113,3,5000000,146000,user_34,909,909,
6124,4,5000000,164000,user_44,909,909,
6081,5,4500000,0,user_0,909,909,
6111,6,3500000,0,user_30,909,909,
6133,7,2500000,0,user_49,909,909,
6105,8,2000000,0,user_22,909,909,
6119,9,2000000,0,user_38,909,909,
6101,10,1900000,0,user_18,909,909,
6122,11,1700000,0,user_41,909,909,
6127,12,1700000,0,user_45,909,909,
6103,13,1500000,0,user_19,909,909,
6135,14,1200000,0,user_49,909,909,
6123,15,1000000,5640,user_43,909,909,
6128,16,1000000,18600,user_45,909,909,
6120,17,910000,139000,user_39,909,909,
6083,18,670000,0,user_2,909,909,
6117,19,650000,0,user_37,909,909,
6116,20,630000,0,user_37,909,909,
6097,21,460000,0,user_16,909,909,
6108,22,460000,0,user_24,909,909,
6129,23,420000,0,user_45,909,909,
6112,24,350000,0,user_33,909,909,
6131,25,350000,0,user_48,909,909,
6130,26,320000,0,user_47,909,909,
6096,27,310000,0,user_16,909,909,
6110,28,260000,0,user_27,909,909,
6125,29,260000,0,user_45,909,909,
6102,30,220000,0,user_18,909,909,
6132,31,190000,0,user_49,909,909,
6088,32,170001,0,user_3,909,909,6085
6090,33,170001,0,user_5,909,909,6085
6094,34,170001,0,user_11,909,909,6085
6095,35,170001,0,user_12,909,909,6085
6085,36,170000,195000,user_3,909,909,
6134,37,170000,285000,user_49,909,909,
6086,38,169999,0,user_3,909,909,6085
6087,39,169999,0,user_3,909,909,6085
6089,40,169999,0,user_5,909,909,6085
6100,41,150000,0,user_18,909,909,
6115,42,150000,769000,user_36,909,909,
6118,43,150000,0,user_37,909,909,
6084,44,120000,0,user_3,909,909,
6082,45,110000,0,user_1,909,909,
6107,46,87000,0,user_22,909,909,
6106,47,84000,0,user_22,909,909,
6126,48,83000,0,user_45,909,909,
6104,49,73000,0,user_22,909,909,
6158,0,30000000,0,user_19,910,910,
6157,1,5000000,0,user_18,910,910,
6160,2,5000000,0,user_21,910,910,
6169,3,5000000,0,user_25,910,910,
6171,4,5000000,67500,user_26,910,910,
6155,5,3600000,0,user_16,910,910,
6182,6,3600000,0,user_38,910,910,
6162,7,3200000,256000,user_21,910,910,
6166,8,3200000,0,user_22,910,910,
6165,9,2400000,0,user_22,910,910,
6177,10,2000000,195000,user_32,910,910,
6179,11,2000000,0,user_33,910,910,
6176,12,1700000,0,user_32,910,910,
6174,13,1600000,0,user_30,910,910,
6137,14,1500000,0,user_3,910,910,
6178,15,1300000,30200,user_33,910,910,
6181,16,1300000,0,user_35,910,910,
6136,17,1000000,0,user_0,910,910,
6184,18,1000000,0,user_41,910,910,
6173,19,970000,0,user_29,910,910,
6188,20,970000,0,user_47,910,910,
6161,21,630000,0,user_21,910,910,
6185,22,630000,0,user_41,910,910,
6164,23,600000,0,user_21,910,910,
6143,24,360001,0,user_9,910,910,6138
6144,25,360001,0,user_9,910,910,6138
6145,26,360001,0,user_9,910,910,6138
6146,27,360001,0,user_9,910,910,6138
6149,28,360001,0,user_12,910,910,6138
6151,29,360001,0,user_15,910,910,6138
6138,30,360000,4320000,user_4,910,910,
6139,31,359999,0,user_4,910,910,6138
6140,32,359999,0,user_5,910,910,6138
6147,33,359999,0,user_10,910,910,6138
6148,34,359999,0,user_10,910,910,6138
6150,35,359999,0,user_12,910,910,6138
6153,36,350000,0,user_16,910,910,
6152,37,300000,0,user_16,910,910,
6175,38,160000,0,user_30,910,910,
6154,39,150000,42000,user_16,910,910,
6163,40,120000,0,user_21,910,910,
6189,41,120000,0,user_48,910,910,
6172,42,98000,0,user_29,910,910,
6156,43,87000,0,user_17,910,910,
6183,44,83000,0,user_38,910,910,
6186,45,82000,49100,user_44,910,910,
6167,46,80000,19700,user_23,910,910,
6170,47,77000,0,user_26,910,910,
6180,48,73000,0,user_34,910,910,
6215,0,27000000,0,user_23,911,911,
6209,1,5000000,0,user_21,911,911,
6214,2,5000000,0,user_23,911,911,
6244,3,5000000,0,user_47,911,911,
6221,4,4200000,0,user_28,911,911,
6204,5,3200000,0,user_15,911,911,
6243,6,2500000,0,user_47,911,911,
6197,7,2300000,0,user_7,911,911,
6206,8,2000000,12300,user_18,911,911,
6208,9,1600000,0,user_20,911,911,
6234,10,1600000,0,user_39,911,911,
6237,11,1600000,0,user_43,911,911,
6193,12,1500000,0,user_1,911,911,
6202,13,1400000,0,user_13,911,911,
6231,14,1400000,0,user_36,911,911,
6210,15,1300000,0,user_22,911,911,
6203,16,1200000,0,user_14,911,911,
6212,17,1100000,0,user_23,911,911,
6226,18,1100000,215000,user_33,911,911,
6217,19,1000000,0,user_24,911,911,
6200,20,970000,0,user_12,911,911,
6241,21,630000,0,user_47,911,911,
6222,22,600000,350000,user_29,911,911,
6191,23,420000,0,user_0,911,911,
6207,24,420000,0,user_19,911,911,
6220,25,420000,256000,user_27,911,911,
6224,26,420000,0,user_31,911,911,
6228,27,420000,0,user_34,911,911,
6229,28,370000,0,user_34,911,911,
6232,29,370000,0,user_37,911,911,
6236,30,370000,0,user_42,911,911,
6213,31,350000,6390,user_23,911,911,
6194,32,320000,0,user_5,911,911,
6205,33,310000,0,user_17,911,911,
6227,34,310000,0,user_33,911,911,
6238,35,260000,0,user_45,911,911,
6223,36,240000,0,user_30,911,911,
6196,37,220000,0,user_6,911,911,
6201,38,220000,0,user_12,911,911,
6219,39,220000,0,user_26,911,911,
6192,40,160000,0,user_0,911,911,
6233,41,160000,0,user_38,911,911,
6195,42,150000,0,user_6,911,911,
6216,43,110000,0,user_24,911,911,
6239,44,110000,0,user_46,911,911,
6242,45,98000,0,user_47,911,911,
6218,46,87000,0,user_25,911,911,
6225,47,84000,0,user_31,911,911,
6245,48,84000,34700,user_49,911,911,
6211,49,80000,0,user_23,911,911,
6240,50,79000,0,user_46,911,911,
6235,51,73000,0,user_41,911,911,
6277,0,43000000,0,user_33,912,912,
6272,1,5000000,0,user_26,912,912,
6274,2,3600000,0,user_29,912,912,
6248,3,2600000,0,user_1,912,912,
6275,4,2500000,0,user_30,912,912,
6276,5,2400000,0,user_32,912,912,
6289,6,2400000,49100,user_46,912,912,
6255,7,2300001,0,user_7,912,912,6254
6256,8,2300001,0,user_8,912,912,6254
6257,9,2300001,0,user_9,912,912,6254
6258,10,2300001,0,user_12,912,912,6254
6254,11,2300000,146000,user_7,912,912,
6283,12,2300000,0,user_39,912,912,
6259,13,2299999,0,user_14,912,912,6254
6260,14,2299999,0,user_15,912,912,6254
6261,15,2299999,0,user_15,912,912,6254
6246,16,1800000,0,user_0,912,912,
6270,17,1700000,0,user_24,912,912,
6263,18,1400000,1100000,user_17,912,912,
6264,19,1400000,18600,user_18,912,912,
6262,20,1100000,0,user_16,912,912,
6247,21,1000000,0,user_0,912,912,
6279,22,1000000,285000,user_35,912,912,
6269,23,870000,0,user_24,912,912,
6267,24,670000,0,user_22,912,912,
6284,25,600000,17000,user_39,912,912,
6290,26,530000,0,user_46,912,912,
6281,27,460000,0,user_36,912,912,
6288,28,460000,67900,user_45,912,912,
6253,29,340000,0,user_7,912,912,
6286,30,220000,0,user_40,912,912,
6278,31,160000,10700,user_34,912,912,
6285,32,160000,0,user_39,912,912,
6266,33,150000,0,user_21,912,912,
6287,34,150000,0,user_44,912,912,
6250,35,130000,0,user_3,912,912,
6249,36,110000,0,user_2,912,912,
6273,37,110000,0,user_28,912,912,
6280,38,110000,0,user_36,912,912,
6282,39,87000,0,user_37,912,912,
6268,40,84000,0,user_23,912,912,
6291,41,79000,0,user_49,912,912,
6271,42,70000,0,user_26,912,912,
6318,0,6100000,0,user_26,913,913,
6329,1,5000000,35100,user_34,913,913,
6312,2,4200000,0,user_21,913,913,
6319,3,4200000,0,user_28,913,913,
6309,4,3500000,0,user_18,913,913,
6311,5,2500000,0,user_20,913,913,
6315,6,2500000,0,user_24,913,913,
6316,7,2400000,0,user_25,913,913,
6323,8,2400000,0,user_29,913,913,
6336,9,2400000,30200,user_46,913,913,
6330,10,2300000,0,user_37,913,913,
6324,11,2000000,0,user_29,913,913,
6307,12,1600000,0,user_16,913,913,
6314,13,1600000,0,user_24,913,913,
6317,14,1400000,0,user_25,913,913,
6338,15,1400000,0,user_47,913,913,
6332,16,1300000,0,user_42,913,913,
6333,17,1200000,0,user_43,913,913,
6294,18,1100000,0,user_4,913,913,
6337,19,910000,0,user_47,913,913,
6339,20,910000,0,user_48,913,913,
6320,21,870000,0,user_28,913,913,
6295,22,670000,0,user_4,913,913,
6292,23,650000,0,user_2,913,913,
6310,24,460000,15300,user_19,913,913,
6328,25,460000,0,user_33,913,913,
6327,26,420000,100000,user_32,913,913,
6326,27,370000,0,user_32,913,913,
6299,28,350001,0,user_7,913,913,6298
6306,29,350001,0,user_15,913,913,6298
6298,30,350000,13800,user_7,913,913,
6300,31,349999,0,user_8,913,913,6298
6302,32,349999,0,user_10,913,913,6298
6304,33,349999,0,user_12,913,913,6298
6305,34,349999,0,user_13,913,913,6298
6297,35,240000,0,user_6,913,913,
6340,36,220000,0,user_48,913,913,
6296,37,170000,0,user_5,913,913,
6334,38,170000,0,user_44,913,913,
6325,39,160000,17700000,user_31,913,913,
6293,40,150000,0,user_3,913,913,
6313,41,130000,0,user_23,913,913,
6321,42,130000,121000,user_29,913,913,
6308,43,120000,0,user_17,913,913,
6322,44,100000,0,user_29,913,913,
6335,45,82000,0,user_46,913,913,
6341,46,79000,0,user_49,913,913,
6392,0,43000000,0,user_43,914,914,
6343,1,19000001,0,user_3,914,914,6342
6345,2,19000001,0,user_3,914,914,6342
6346,3,19000001,0,user_5,914,914,6342
6349,4,19000001,0,user_6,914,914,6342
6351,5,19000001,0,user_8,914,914,6342
6353,6,19000001,0,user_11,914,914,6342
6344,7,18999999,0,user_3,914,914,6342
6347,8,18999999,0,user_5,914,914,6342
6348,9,18999999,0,user_6,914,914,6342
6350,10,18999999,0,user_7,914,914,6342
6352,11,18999999,0,user_9,914,914,6342
6354,12,18999999,0,user_11,914,914,6342
6355,13,18999999,0,user_12,914,914,6342
6356,14,18999999,0,user_14,914,914,6342
6357,15,18999999,0,user_15,914,914,6342
6367,16,3200000,0,user_20,914,914,
6390,17,3200000,67500,user_41,914,914,
6388,18,2400000,0,user_39,914,914,
6364,19,2100000,7190000,user_18,914,914,
6370,20,2000000,71800,user_22,914,914,
6369,21,1900000,0,user_22,914,914,
6396,22,1800000,0,user_48,914,914,
6380,23,1500000,0,user_31,914,914,
6361,24,1100000,594000,user_17,914,914,
6387,25,1000000,0,user_39,914,914,
6372,26,870000,0,user_24,914,914,
6373,27,670000,769000,user_25,914,914,
6365,28,650000,0,user_19,914,914,
6386,29,630000,0,user_38,914,914,
6397,30,470000,23500,user_49,914,914,
6381,31,460000,0,user_31,914,914,
6393,32,420000,0,user_44,914,914,
6377,33,370000,0,user_28,914,914,
6374,34,360000,0,user_25,914,914,
6378,35,350000,0,user_29,914,914,
6371,36,340000,0,user_23,914,914,
6383,37,320000,0,user_33,914,914,
6358,38,260000,0,user_16,914,914,
6391,39,220000,0,user_42,914,914,
6363,40,160000,0,user_17,914,914,
6366,41,160000,84800,user_20,914,914,
6389,42,120000,0,user_40,914,914,
6360,43,110000,3130,user_17,914,914,
6362,44,110000,0,user_17,914,914,
6368,45,110000,21800,user_21,914,914,
6384,46,110000,0,user_33,914,914,
6359,47,85000,8520,user_17,914,914,
6375,48,80000,0,user_25,914,914,
6379,49,80000,0,user_29,914,914,
6424,0,43000000,30200,user_32,915,915,
6415,1,4500000,0,user_19,915,915,
6421,2,4200000,0,user_27,915,915,
6423,3,3600000,0,user_30,915,915,
6422,4,3500000,0,user_30,915,915,
6413,5,2600000,17000,user_18,915,915,
6430,6,2000000,64600,user_42,915,915,
6437,7,2000000,0,user_49,915,915,
6432,8,1500000,0,user_45,915,915,
6417,9,1400000,0,user_20,915,915,
6414,10,1000000,0,user_18,915,915,
6435,11,870000,0,user_48,915,915,
6433,12,470000,0,user_46,915,915,
6412,13,320000,0,user_16,915,915,
6418,14,320000,0,user_21,915,915,
6425,15,260000,0,user_33,915,915,
6420,16,170000,11200,user_26,915,915,
6431,17,170000,73100,user_44,915,915,
6419,18,120000,0,user_25,915,915,
6434,19,120000,0,user_47,915,915,
6416,20,110000,0,user_19,915,915,
6429,21,110000,0,user_41,915,915,
6436,22,110000,0,user_49,915,915,
6402,23,84001,0,user_8,915,915,6399
6404,24,84001,0,user_12,915,915,6399
6405,25,84001,0,user_12,915,915,6399
6407,26,84001,0,user_13,915,915,6399
6408,27,84001,0,user_14,915,915,6399
6411,28,84001,0,user_14,915,915,6399
6399,29,84000,155000,user_3,915,915,
6400,30,83999,0,user_7,915,915,6399
6401,31,83999,0,user_7,915,915,6399
6403,32,83999,0,user_10,915,915,6399
6406,33,83999,0,user_13,915,915,6399
6409,34,83999,0,user_14,915,915,6399
6410,35,83999,0,user_14,915,915,6399
6398,36,79000,0,user_1,915,915,
6458,0,43000000,0,user_30,916,916,
6449,1,5200000,0,user_18,916,916,
6456,2,2400000,0,user_26,916,916,
6454,3,2100000,0,user_21,916,916,
6455,4,2000000,0,user_22,916,916,
6439,5,1600001,0,user_1,916,916,6438
6440,6,1600001,0,user_3,916,916,6438
6443,7,1600001,0,user_7,916,916,6438
6444,8,1600001,0,user_8,916,916,6438
6446,9,1600001,0,user_10,916,916,6438
6447,10,1600001,0,user_14,916,916,6438
6438,11,1600000,769000,user_0,916,916,
6451,12,1600000,0,user_18,916,916,
6457,13,1600000,0,user_27,916,916,
6441,14,1599999,0,user_5,916,916,6438
6442,15,1599999,0,user_6,916,916,6438
6466,16,1100000,0,user_41,916,916,
6450,17,220000,0,user_18,916,916,
6460,18,160000,0,user_33,916,916,
6459,19,150000,0,user_32,916,916,
6467,20,150000,7190000,user_48,916,916,
6453,21,130000,0,user_20,916,916,
6452,22,120000,0,user_18,916,916,
6461,23,120000,21800,user_34,916,916,
6448,24,82000,0,user_16,916,916,
6464,25,70000,0,user_38,916,916,
6513,0,43000000,5640,user_36,917,917,
6496,1,30000000,0,user_28,917,917,
6510,2,27000000,0,user_34,917,917,
6532,3,19000000,0,user_49,917,917,
6521,4,6300000,0,user_43,917,917,
6517,5,5000000,0,user_38,917,917,
6507,6,4500000,0,user_34,917,917,
6518,7,4200000,0,user_39,917,917,
6528,8,3600000,0,user_47,917,917,
6529,9,3600000,0,user_47,917,917,
6514,10,3500000,0,user_37,917,917,
6522,11,3500000,0,user_43,917,917,
6498,12,2500000,0,user_30,917,917,
6488,13,2400000,0,user_21,917,917,
6495,14,2400000,0,user_25,917,917,
6492,15,2000000,73100,user_23,917,917,
6486,16,1800000,0,user_19,917,917,
6499,17,1600000,47700,user_31,917,917,
6516,18,1600000,0,user_38,917,917,
6525,19,1600000,0,user_44,917,917,
6505,20,1500000,0,user_33,917,917,
6489,21,1400000,0,user_22,917,917,
6503,22,1200000,0,user_32,917,917,
6469,23,1000000,0,user_0,917,917,
6483,24,1000000,0,user_17,917,917,
6515,25,1000000,0,user_37,917,917,
6502,26,910000,0,user_32,917,917,
6519,27,600000,0,user_41,917,917,
6490,28,460000,0,user_22,917,917,
6491,29,460000,0,user_23,917,917,
6530,30,350000,0,user_48,917,917,
6487,31,310000,0,user_20,917,917,
6494,32,310000,0,user_24,917,917,
6531,33,310000,0,user_49,917,917,
6506,34,240000,24700,user_34,917,917,
6504,35,220000,0,user_33,917,917,
6508,36,170000,0,user_34,917,917,
6523,37,170000,0,user_43,917,917,
6526,38,170000,0,user_44,917,917,
6484,39,160000,0,user_18,917,917,
6501,40,160000,155000,user_32,917,917,
6473,41,150001,0,user_6,917,917,6470
6474,42,150001,0,user_7,917,917,6470
6477,43,150001,0,user_10,917,917,6470
6480,44,150001,0,user_12,917,917,6470
6481,45,150001,0,user_14,917,917,6470
6470,46,150000,5180,user_1,917,917,
6482,47,150000,0,user_16,917,917,
6485,48,150000,0,user_18,917,917,
6471,49,149999,0,user_2,917,917,6470
6472,50,149999,0,user_3,917,917,6470
6478,51,149999,0,user_11,917,917,6470
6479,52,149999,0,user_12,917,917,6470
6500,53,130000,0,user_32,917,917,
6527,54,120000,0,user_47,917,917,
6493,55,110000,350000,user_24,917,917,
6497,56,110000,0,user_29,917,917,
6509,57,84000,594000,user_34,917,917,
6520,58,83000,0,user_42,917,917,
6524,59,79000,0,user_43,917,917,
6468,60,73000,0,user_0,917,917,
6562,0,43000000,128000,user_19,918,918,
6567,1,30000000,121000,user_23,918,918,
6561,2,5000000,0,user_18,918,918,
6569,3,5000000,0,user_24,918,918,
6576,4,5000000,0,user_33,918,918,
6574,5,3500000,181000,user_29,918,918,
6581,6,3500000,195000,user_36,918,918,
6587,7,3500000,0,user_41,918,918,
6589,8,3500000,0,user_42,918,918,
6580,9,2400000,0,user_35,918,918,
6560,10,2000000,0,user_17,918,918,
6595,11,1500000,0,user_49,918,918,
6592,12,1400000,10700,user_46,918,918,
6566,13,1100000,0,user_22,918,918,
6584,14,1000000,0,user_38,918,918,
6577,15,660000,0,user_33,918,918,
6578,16,650000,0,user_33,918,918,
6593,17,650000,0,user_47,918,918,
6564,18,600000,0,user_19,918,918,
6558,19,470000,10700,user_16,918,918,
6565,20,470000,350000,user_20,918,918,
6568,21,460000,0,user_24,918,918,
6588,22,360000,0,user_41,918,918,
6537,23,350001,0,user_5,918,918,6533
6541,24,350001,0,user_9,918,918,6533
6542,25,350001,0,user_9,918,918,6533
6543,26,350001,0,user_11,918,918,6533
6544,27,350001,0,user_11,918,918,6533
6545,28,350001,0,user_11,918,918,6533
6547,29,350001,0,user_11,918,918,6533
6551,30,350001,0,user_13,918,918,6533
6552,31,350001,0,user_13,918,918,6533
6555,32,350001,0,user_15,918,918,6533
6534,33,349999,0,user_1,918,918,6533
6535,34,349999,0,user_4,918,918,6533
6536,35,349999,0,user_5,918,918,6533
6538,36,349999,0,user_5,918,918,6533
6539,37,349999,0,user_6,918,918,6533
6540,38,349999,0,user_9,918,918,6533
6546,39,349999,0,user_11,918,918,6533
6548,40,349999,0,user_12,918,918,6533
6549,41,349999,0,user_13,918,918,6533
6550,42,349999,0,user_13,918,918,6533
6554,43,349999,0,user_15,918,918,6533
6556,44,310000,13900,user_16,918,918,
6579,45,300000,0,user_34,918,918,
6559,46,220000,128000,user_16,918,918,
6575,47,220000,0,user_33,918,918,
6557,48,160000,0,user_16,918,918,
6583,49,160000,0,user_37,918,918,
6590,50,150000,0,user_44,918,918,
6573,51,110000,381000,user_28,918,918,
6586,52,110000,0,user_40,918,918,
6591,53,110000,39400,user_45,918,918,
6563,54,77000,0,user_19,918,918,
6582,55,70000,0,user_37,918,918,
6634,0,30000000,0,user_37,919,919,
6617,1,19000000,0,user_22,919,919,
6630,2,19000000,0,user_36,919,919,
6602,3,5000000,0,user_6,919,919,
6621,4,3500000,0,user_29,919,919,
6636,5,3500000,0,user_37,919,919,
6600,6,2600000,0,user_6,919,919,
6605,7,2600000,0,user_8,919,919,
6610,8,2600000,0,user_17,919,919,
6646,9,2600000,34700,user_44,919,919,
6596,10,2100000,0,user_1,919,919,
6620,11,2000000,0,user_28,919,919,
6642,12,2000000,510000,user_42,919,919,
6624,13,1900000,350000,user_31,919,919,
6609,14,1800000,16400,user_15,919,919,
6632,15,1600000,0,user_37,919,919,
6626,16,1500000,0,user_33,919,919,
6653,17,1400000,33300,user_49,919,919,
6615,18,1300000,0,user_22,919,919,
6606,19,1100000,0,user_11,919,919,
6623,20,1100000,0,user_30,919,919,
6650,21,1100000,64600,user_46,919,919,
6654,22,970000,0,user_49,919,919,
6601,23,910000,0,user_6,919,919,
6613,24,910000,283000,user_22,919,919,
6647,25,910000,0,user_44,919,919,
6629,26,670000,13900,user_35,919,919,
6599,27,630000,0,user_5,919,919,
6598,28,600000,0,user_4,919,919,
6638,29,470000,0,user_38,919,919,
6639,30,460000,0,user_39,919,919,
6597,31,420000,0,user_1,919,919,
6603,32,370000,0,user_6,919,919,
6633,33,360000,0,user_37,919,919,
6648,34,260000,0,user_45,919,919,
6643,35,160000,0,user_42,919,919,
6645,36,160000,0,user_42,919,919,
6644,37,150000,0,user_42,919,919,
6649,38,150000,0,user_45,919,919,
6612,39,120000,0,user_21,919,919,
6627,40,120000,0,user_35,919,919,
6635,41,120000,16400,user_37,919,919,
6641,42,120000,0,user_41,919,919,
6651,43,120000,0,user_47,919,919,
6616,44,110000,0,user_22,919,919,
6622,45,110000,0,user_29,919,919,
6608,46,85000,0,user_15,919,919,
6618,47,85000,0,user_23,919,919,
6614,48,84000,0,user_22,919,919,
6619,49,84000,0,user_28,919,919,
6611,50,83000,0,user_20,919,919,
6637,51,83000,5630,user_38,919,919,
6631,52,82000,0,user_36,919,919,
6607,53,77000,0,user_14,919,919,
6628,54,73000,0,user_35,919,919,
6677,0,43000000,13900,user_23,920,920,
6678,1,19000000,0,user_24,920,920,
6695,2,5200000,0,user_34,920,920,
6699,3,5200000,0,user_38,920,920,
6681,4,3500000,0,user_25,920,920,
6657,5,3200001,0,user_1,920,920,6656
6658,6,3200001,0,user_1,920,920,6656
6661,7,3200001,0,user_2,920,920,6656
6665,8,3200001,0,user_5,920,920,6656
6669,9,3200001,0,user_14,920,920,6656
6656,10,3200000,31700,user_0,920,920,
6659,11,3199999,0,user_1,920,920,6656
6660,12,3199999,0,user_1,920,920,6656
6662,13,3199999,0,user_3,920,920,6656
6663,14,3199999,0,user_4,920,920,6656
6664,15,3199999,0,user_5,920,920,6656
6666,16,3199999,0,user_10,920,920,6656
6667,17,3199999,0,user_11,920,920,6656
6668,18,3199999,0,user_13,920,920,6656
6687,19,2500000,0,user_27,920,920,
6691,20,2300000,0,user_31,920,920,
6655,21,2000000,0,user_0,920,920,
6686,22,2000000,0,user_27,920,920,
6673,23,1900000,0,user_18,920,920,
6682,24,1800000,0,user_26,920,920,
6693,25,1800000,0,user_32,920,920,
6685,26,1600000,0,user_27,920,920,
6670,27,1200000,0,user_16,920,920,
6705,28,1100000,0,user_49,920,920,
6675,29,1000000,0,user_21,920,920,
6683,30,670000,0,user_26,920,920,
6680,31,600000,0,user_25,920,920,
6704,32,470000,0,user_49,920,920,
6688,33,320000,0,user_28,920,920,
6690,34,310000,0,user_29,920,920,
6684,35,260000,0,user_27,920,920,
6689,36,260000,0,user_28,920,920,
6692,37,260000,0,user_31,920,920,
6702,38,260000,0,user_44,920,920,
6679,39,150000,0,user_24,920,920,
6671,40,130000,0,user_17,920,920,
6703,41,130000,0,user_45,920,920,
6700,42,110000,0,user_39,920,920,
6701,43,98000,0,user_42,920,920,
6676,44,87000,0,user_22,920,920,
6698,45,84000,0,user_37,920,920,
6672,46,83000,322000,user_17,920,920,
6674,47,79000,39400,user_18,920,920,
6694,48,77000,11200,user_32,920,920,
6710,0,6300000,0,user_3,921,921,
6725,1,6300000,283000,user_20,921,921,
6733,2,6300000,0,user_26,921,921,
6734,3,5200000,0,user_30,921,921,
6754,4,5200000,0,user_47,921,921,
6737,5,2600000,0,user_32,921,921,
6728,6,2400000,15700,user_23,921,921,
6749,7,2100000,0,user_42,921,921,
6723,8,2000000,0,user_18,921,921,
6741,9,2000000,13900,user_34,921,921,
6745,10,2000000,0,user_38,921,921,
6735,11,1500000,0,user_31,921,921,
6736,12,1500000,7840,user_32,921,921,
6726,13,1400000,0,user_21,921,921,
6713,14,1300001,0,user_8,921,921,6712
6715,15,1300001,0,user_10,921,921,6712
6712,16,1300000,13800,user_7,921,921,
6714,17,1299999,0,user_9,921,921,6712
6716,18,1299999,0,user_10,921,921,6712
6717,19,1299999,0,user_12,921,921,6712
6718,20,1299999,0,user_13,921,921,6712
6719,21,1299999,0,user_13,921,921,6712
6720,22,1299999,0,user_15,921,921,6712
6707,23,1100000,0,user_1,921,921,
6706,24,870000,0,user_0,921,921,
6727,25,670000,5180,user_22,921,921,
6729,26,630000,11200,user_23,921,921,
6724,27,530000,17000,user_20,921,921,
6722,28,470000,49100,user_17,921,921,
6739,29,460000,0,user_33,921,921,
6753,30,460000,0,user_46,921,921,
6730,31,420000,0,user_24,921,921,
6708,32,300000,0,user_1,921,921,
6738,33,240000,0,user_32,921,921,
6748,34,220000,0,user_42,921,921,
6751,35,220000,0,user_45,921,921,
6721,36,170000,0,user_16,921,921,
6744,37,150000,0,user_37,921,921,
6746,38,130000,0,user_39,921,921,
6743,39,120000,0,user_36,921,921,
6752,40,120000,0,user_46,921,921,
6709,41,110000,0,user_2,921,921,
6732,42,110000,0,user_26,921,921,
6740,43,110000,0,user_34,921,921,
6750,44,110000,0,user_44,921,921,
6742,45,85000,0,user_35,921,921,
6755,46,82000,0,user_49,921,921,
6747,47,73000,0,user_39,921,921,
6789,0,30000000,0,user_30,922,922,
6779,1,27000000,35600,user_21,922,922,
6798,2,27000000,0,user_38,922,922,
6794,3,6100000,0,user_33,922,922,
6758,4,4200001,0,user_2,922,922,6757
6761,5,4200001,0,user_4,922,922,6757
6762,6,4200001,0,user_6,922,922,6757
6769,7,4200001,0,user_10,922,922,6757
6771,8,4200001,0,user_10,922,922,6757
6775,9,4200001,0,user_15,922,922,6757
6757,10,4200000,108000,user_1,922,922,
6759,11,4199999,0,user_2,922,922,6757
6760,12,4199999,0,user_2,922,922,6757
6764,13,4199999,0,user_8,922,922,6757
6765,14,4199999,0,user_9,922,922,6757
6766,15,4199999,0,user_9,922,922,6757
6767,16,4199999,0,user_10,922,922,6757
6768,17,4199999,0,user_10,922,922,6757
6770,18,4199999,0,user_10,922,922,6757
6772,19,4199999,0,user_13,922,922,6757
6773,20,4199999,0,user_14,922,922,6757
6774,21,4199999,0,user_14,922,922,6757
6795,22,3200000,0,user_35,922,922,
6796,23,2000000,0,user_36,922,922,
6804,24,1900000,0,user_45,922,922,
6790,25,1300000,0,user_30,922,922,
6803,26,1300000,0,user_44,922,922,
6782,27,1100000,15700,user_22,922,922,
6801,28,1100000,0,user_42,922,922,
6807,29,630000,0,user_49,922,922,
6780,30,420000,13900,user_21,922,922,
6793,31,420000,0,user_33,922,922,
6778,32,300000,0,user_20,922,922,
6787,33,260000,0,user_28,922,922,
6806,34,260000,0,user_49,922,922,
6783,35,170000,0,user_23,922,922,
6786,36,170000,0,user_27,922,922,
6791,37,150000,0,user_30,922,922,
6756,38,120000,0,user_0,922,922,
6788,39,120000,0,user_29,922,922,
6797,40,120000,0,user_37,922,922,
6802,41,100000,0,user_43,922,922,
6781,42,98000,67900,user_21,922,922,
6785,43,98000,0,user_27,922,922,
6800,44,85000,0,user_41,922,922,
6776,45,80000,0,user_16,922,922,
6777,46,80000,0,user_18,922,922,
6832,0,6300000,66100,user_24,923,923,
6834,1,6100000,0,user_26,923,923,
6849,2,5200000,0,user_44,923,923,
6850,3,2400000,30200,user_45,923,923,
6842,4,2000000,0,user_34,923,923,
6838,5,1900000,139000,user_30,923,923,
6808,6,1700000,0,user_0,923,923,
6845,7,1500000,0,user_37,923,923,
6810,8,1400000,0,user_3,923,923,
6825,9,1400000,594000,user_19,923,923,
6840,10,1000000,164000,user_33,923,923,
6823,11,870000,30200,user_17,923,923,
6835,12,670000,0,user_26,923,923,
6824,13,460000,0,user_18,923,923,
6844,14,420000,24700,user_36,923,923,
6841,15,370000,0,user_33,923,923,
6830,16,360000,0,user_23,923,923,
6812,17,350001,0,user_5,923,923,6811
6813,18,350001,0,user_5,923,923,6811
6815,19,350001,0,user_7,923,923,6811
6818,20,350001,0,user_11,923,923,6811
6819,21,350001,0,user_12,923,923,6811
6820,22,350001,0,user_13,923,923,6811
6811,23,350000,195000,user_4,923,923,
6814,24,349999,0,user_6,923,923,6811
6817,25,349999,0,user_11,923,923,6811
6821,26,349999,0,user_15,923,923,6811
6822,27,349999,0,user_15,923,923,6811
6831,28,310000,0,user_24,923,923,
6839,29,220000,0,user_31,923,923,
6851,30,220000,0,user_46,923,923,
6836,31,160000,0,user_27,923,923,
6846,32,160000,7840,user_39,923,923,
6852,33,150000,0,user_49,923,923,
6837,34,130000,0,user_29,923,923,
6827,35,110000,0,user_21,923,923,
6828,36,110000,0,user_22,923,923,
6826,37,85000,0,user_20,923,923,
6809,38,79000,0,user_1,923,923,
6829,39,77000,0,user_23,923,923,
6833,40,73000,0,user_25,923,923,
6848,41,73000,12300,user_43,923,923,
6893,0,43000000,0,user_35,924,924,
6885,1,6300000,0,user_26,924,924,
6881,2,6100000,0,user_23,924,924,
6882,3,4500000,0,user_24,924,924,
6891,4,3600000,0,user_35,924,924,
6876,5,2300000,21800,user_19,924,924,
6890,6,2100000,0,user_35,924,924,
6895,7,2000000,0,user_36,924,924,
6887,8,1800000,34700,user_31,924,924,
6875,9,1000000,0,user_19,924,924,
6892,10,1000000,0,user_35,924,924,
6896,11,1000000,215000,user_36,924,924,
6897,12,910000,0,user_37,924,924,
6883,13,870000,0,user_26,924,924,
6889,14,420000,0,user_33,924,924,
6873,15,300000,0,user_18,924,924,
6901,16,300000,16400,user_41,924,924,
6902,17,300000,0,user_43,924,924,
6878,18,240000,0,user_21,924,924,
6898,19,240000,0,user_38,924,924,
6900,20,240000,0,user_40,924,924,
6880,21,220000,0,user_22,924,924,
6899,22,220000,0,user_39,924,924,
6877,23,190000,0,user_20,924,924,
6884,24,160000,0,user_26,924,924,
6886,25,150000,35600,user_29,924,924,
6879,26,110000,13900,user_22,924,924,
6894,27,110000,0,user_35,924,924,
6857,28,98001,0,user_5,924,924,6855
6860,29,98001,0,user_7,924,924,6855
6861,30,98001,0,user_8,924,924,6855
6863,31,98001,0,user_10,924,924,6855
6864,32,98001,0,user_11,924,924,6855
6865,33,98001,0,user_11,924,924,6855
6867,34,98001,0,user_14,924,924,6855
6869,35,98001,0,user_14,924,924,6855
6855,36,98000,510000,user_3,924,924,
6856,37,97999,0,user_4,924,924,6855
6858,38,97999,0,user_5,924,924,6855
6859,39,97999,0,user_6,924,924,6855
6862,40,97999,0,user_9,924,924,6855
6868,41,97999,0,user_14,924,924,6855
6870,42,97999,0,user_14,924,924,6855
6871,43,97999,0,user_15,924,924,6855
6903,44,85000,0,user_43,924,924,
6872,45,79000,0,user_16,924,924,
6874,46,73000,0,user_19,924,924,
6911,0,19000000,0,user_6,925,925,
6914,1,6300000,0,user_9,925,925,
6918,2,6300000,0,user_13,925,925,
6910,3,5200000,0,user_5,925,925,
6937,4,5200000,0,user_30,925,925,
6913,5,5000000,0,user_8,925,925,
6919,6,5000000,0,user_15,925,925,
6920,7,4500000,0,user_16,925,925,
6940,8,4200000,0,user_33,925,925,
6943,9,3600000,0,user_35,925,925,
6957,10,2600000,0,user_45,925,925,
6955,11,2100000,322000,user_43,925,925,
6926,12,2000000,0,user_21,925,925,
6954,13,1800000,0,user_42,925,925,
6908,14,1500000,0,user_4,925,925,
6949,15,1500000,0,user_38,925,925,
6942,16,1400000,0,user_34,925,925,
6934,17,1200000,16400,user_27,925,925,
6933,18,1000000,0,user_25,925,925,
6948,19,1000000,0,user_37,925,925,
6961,20,870000,34700,user_49,925,925,
6958,21,670000,0,user_47,925,925,
6953,22,660000,5630,user_42,925,925,
6959,23,660000,0,user_47,925,925,
6941,24,650000,0,user_33,925,925,
6906,25,530000,0,user_1,925,925,
6909,26,370000,0,user_5,925,925,
6925,27,340000,0,user_18,925,925,
6950,28,320000,0,user_38,925,925,
6915,29,310000,0,user_11,925,925,
6921,30,260000,161000,user_16,925,925,
6952,31,260000,0,user_39,925,925,
6931,32,220000,0,user_25,925,925,
6956,33,170000,0,user_44,925,925,
6907,34,150000,0,user_3,925,925,
6930,35,150000,42000,user_25,925,925,
6935,36,150000,0,user_28,925,925,
6923,37,130000,0,user_17,925,925,
6945,38,120000,0,user_37,925,925,
6924,39,110000,60700,user_18,925,925,
6932,40,110000,0,user_25,925,925,
6929,41,98000,0,user_25,925,925,
6922,42,87000,12300,user_16,925,925,
6944,43,87000,0,user_35,925,925,
6936,44,84000,0,user_29,925,925,
6946,45,83000,0,user_37,925,925,
6951,46,83000,0,user_39,925,925,
6947,47,77000,0,user_37,925,925,
6912,48,70000,0,user_8,925,925,
6988,0,27000000,0,user_30,926,926,
6993,1,5000000,60700,user_31,926,926,
6962,2,4200000,0,user_0,926,926,
7003,3,3200000,0,user_42,926,926,
6992,4,2300000,24700,user_31,926,926,
7008,5,2300000,0,user_45,926,926,
6995,6,2000000,0,user_33,926,926,
6997,7,1900000,0,user_36,926,926,
6967,8,1700000,0,user_3,926,926,
6982,9,1700000,0,user_28,926,926,
6990,10,1700000,0,user_31,926,926,
6979,11,1600000,0,user_23,926,926,
6963,12,1500000,0,user_0,926,926,
6980,13,1500000,195000,user_26,926,926,
7000,14,1500000,18600,user_39,926,926,
6987,15,1100000,0,user_29,926,926,
6996,16,1000000,0,user_34,926,926,
7001,17,1000000,0,user_40,926,926,
6966,18,970000,0,user_2,926,926,
6994,19,630000,0,user_32,926,926,
6964,20,470000,0,user_1,926,926,
6977,21,370000,73100,user_21,926,926,
6975,22,350000,0,user_17,926,926,
6983,23,310000,0,user_29,926,926,
6965,24,300000,0,user_1,926,926,
6986,25,220000,15100,user_29,926,926,
7002,26,220000,19700,user_40,926,926,
7004,27,220000,0,user_42,926,926,
6985,28,160000,0,user_29,926,926,
6998,29,160000,350000,user_37,926,926,
6976,30,150000,0,user_18,926,926,
6999,31,150000,0,user_38,926,926,
7009,32,120000,1100000,user_46,926,926,
6978,33,110000,0,user_23,926,926,
7005,34,110000,0,user_45,926,926,
7006,35,110000,46500,user_45,926,926,
7007,36,87000,0,user_45,926,926,
6981,37,83000,5630,user_27,926,926,
6984,38,83000,779000,user_29,926,926,
6989,39,83000,0,user_31,926,926,
6991,40,82000,0,user_31,926,926,
6971,41,77001,0,user_10,926,926,6968
6973,42,77001,0,user_14,926,926,6968
6974,43,76999,0,user_15,926,926,6968
7034,0,27000000,0,user_19,927,927,
7048,1,6100000,0,user_37,927,927,
7033,2,5000000,0,user_19,927,927,
7029,3,3600000,23500,user_18,927,927,
7011,4,2600000,0,user_0,927,927,
7050,5,2100000,0,user_38,927,927,
7055,6,2000000,0,user_44,927,927,
7063,7,2000000,0,user_49,927,927,
7056,8,1900000,0,user_45,927,927,
7053,9,1800000,43600,user_42,927,927,
7038,10,1500000,0,user_27,927,927,
7039,11,1500000,12800,user_28,927,927,
7059,12,1500000,0,user_48,927,927,
7054,13,1400000,0,user_43,927,927,
7040,14,1300000,3130,user_29,927,927,
7030,15,1200000,0,user_19,927,927,
7012,16,1100000,0,user_2,927,927,
7026,17,1100000,0,user_16,927,927,
7058,18,1100000,164000,user_47,927,927,
7060,19,1000000,0,user_48,927,927,
7061,20,970000,0,user_48,927,927,
7018,21,660001,0,user_10,927,927,7013
7019,22,660001,0,user_10,927,927,7013
7020,23,660001,0,user_12,927,927,7013
7021,24,660001,0,user_12,927,927,7013
7022,25,660001,0,user_12,927,927,7013
7024,26,660001,0,user_14,927,927,7013
7013,27,660000,11200,user_3,927,927,
7014,28,659999,0,user_4,927,927,7013
7015,29,659999,0,user_5,927,927,7013
7016,30,659999,0,user_6,927,927,7013
7023,31,659999,0,user_12,927,927,7013
7025,32,659999,0,user_15,927,927,7013
7047,33,370000,12300,user_36,927,927,
7046,34,350000,322000,user_36,927,927,
7057,35,340000,0,user_47,927,927,
7037,36,320000,0,user_22,927,927,
7042,37,310000,0,user_31,927,927,
7027,38,260000,67500,user_16,927,927,
7031,39,260000,128000,user_19,927,927,
7036,40,240000,0,user_20,927,927,
7051,41,150000,0,user_41,927,927,
7035,42,130000,0,user_20,927,927,
7028,43,120000,31700,user_17,927,927,
7032,44,120000,0,user_19,927,927,
7043,45,120000,0,user_33,927,927,
7052,46,120000,0,user_42,927,927,
7049,47,100000,0,user_37,927,927,
7010,48,83000,0,user_0,927,927,
7041,49,83000,0,user_30,927,927,
7062,50,73000,10700,user_48,927,927,
7070,0,27000000,0,user_5,928,928,
7072,1,6100000,0,user_6,928,928,
7107,2,6100000,31700,user_40,928,928,
7084,3,5200000,0,user_18,928,928,
7092,4,5200000,0,user_25,928,928,
7105,5,4500000,43600,user_35,928,928,
7114,6,3200000,10700,user_46,928,928,
7089,7,2300000,17700000,user_22,928,928,
7086,8,2000000,0,user_20,928,928,
7099,9,2000000,67900,user_29,928,928,
7093,10,1900000,56200,user_25,928,928,
7104,11,1600000,0,user_34,928,928,
7083,12,1500000,0,user_16,928,928,
7095,13,1500000,0,user_26,928,928,
7091,14,1400000,0,user_24,928,928,
7094,15,1300000,33100,user_26,928,928,
7066,16,1200000,0,user_0,928,928,
7101,17,1000000,13800,user_31,928,928,
7069,18,970000,0,user_5,928,928,
7106,19,970000,0,user_38,928,928,
7096,20,910000,0,user_27,928,928,
7102,21,910000,43600,user_32,928,928,
7097,22,670000,49100,user_27,928,928,
7098,23,630000,0,user_28,928,928,
7112,24,630000,0,user_44,928,928,
7090,25,460000,322000,user_23,928,928,
7113,26,420000,0,user_45,928,928,
7108,27,310000,0,user_42,928,928,
7075,28,260001,0,user_9,928,928,7074
7082,29,260001,0,user_15,928,928,7074
7074,30,260000,35600,user_7,928,928,
7076,31,259999,0,user_11,928,928,7074
7077,32,259999,0,user_13,928,928,7074
7078,33,259999,0,user_13,928,928,7074
7079,34,259999,0,user_13,928,928,7074
7080,35,259999,0,user_13,928,928,7074
7081,36,259999,0,user_14,928,928,7074
7065,37,160000,0,user_0,928,928,
7071,38,150000,0,user_6,928,928,
7085,39,150000,0,user_19,928,928,
7111,40,120000,0,user_44,928,928,
7088,41,110000,0,user_22,928,928,
7073,42,100000,0,user_7,928,928,
7068,43,85000,0,user_2,928,928,
7064,44,84000,0,user_0,928,928,
7155,0,43000000,13800,user_39,929,929,
7159,1,19000000,0,user_42,929,929,
7152,2,6300000,0,user_35,929,929,
7151,3,5200000,0,user_31,929,929,
7123,4,5000000,0,user_8,929,929,
7167,5,4500000,0,user_48,929,929,
7145,6,4200000,0,user_28,929,929,
7117,7,3600000,0,user_1,929,929,
7121,8,2300000,0,user_6,929,929,
7157,9,2000000,10700,user_41,929,929,
7164,10,1900000,32900,user_45,929,929,
7154,11,1800000,0,user_37,929,929,
7163,12,1800000,71800,user_45,929,929,
7119,13,1600000,0,user_3,929,929,
7156,14,1600000,71800,user_40,929,929,
7146,15,1400000,0,user_28,929,929,
7160,16,1400000,15300,user_43,929,929,
7144,17,1100000,0,user_28,929,929,
7162,18,1000000,0,user_44,929,929,
7165,19,1000000,0,user_47,929,929,
7141,20,870000,0,user_25,929,929,
7161,21,670000,195000,user_44,929,929,
7148,22,650000,0,user_29,929,929,
7129,23,630001,0,user_13,929,929,7125
7131,24,630001,0,user_14,929,929,7125
7125,25,630000,5630,user_10,929,929,
7127,26,629999,0,user_12,929,929,7125
7128,27,629999,0,user_12,929,929,7125
7130,28,629999,0,user_13,929,929,7125
7132,29,629999,0,user_14,929,929,7125
7153,30,420000,75000,user_36,929,929,
7137,31,360000,0,user_21,929,929,
7134,32,350000,13900,user_19,929,929,
7136,33,320000,19700,user_20,929,929,
7140,34,310000,0,user_24,929,929,
7168,35,310000,0,user_49,929,929,
7166,36,160000,0,user_47,929,929,
7120,37,150000,0,user_4,929,929,
7135,38,150000,64600,user_19,929,929,
7124,39,120000,0,user_8,929,929,
7143,40,120000,0,user_27,929,929,
7147,41,120000,0,user_28,929,929,
7122,42,110000,0,user_6,929,929,
7142,43,100000,16400,user_26,929,929,
7118,44,82000,0,user_3,929,929,
7158,45,79000,0,user_41,929,929,
7222,0,43000000,0,user_37,930,930,
7175,1,30000000,0,user_6,930,930,
7213,2,30000000,0,user_27,930,930,
7229,3,5200000,0,user_45,930,930,
7228,4,4500000,0,user_40,930,930,
7232,5,4500000,56200,user_49,930,930,
7177,6,3600000,0,user_6,930,930,
7196,7,2600000,0,user_16,930,930,
7203,8,2600000,24700,user_18,930,930,
7223,9,2600000,231000,user_37,930,930,
7199,10,2500000,0,user_17,930,930,
7226,11,2500000,0,user_39,930,930,
7174,12,2400000,0,user_5,930,930,
7204,13,1900000,0,user_18,930,930,
7216,14,1900000,0,user_30,930,930,
7201,15,1700000,0,user_17,930,930,
7180,16,1500001,0,user_9,930,930,7179
7183,17,1500001,0,user_9,930,930,7179
7184,18,1500001,0,user_9,930,930,7179
7187,19,1500001,0,user_13,930,930,7179
7188,20,1500001,0,user_13,930,930,7179
7190,21,1500001,0,user_13,930,930,7179
7193,22,1500001,0,user_15,930,930,7179
7194,23,1500001,0,user_15,930,930,7179
7179,24,1500000,146000,user_8,930,930,
7205,25,1500000,231000,user_19,930,930,
7210,26,1500000,0,user_26,930,930,
7220,27,1500000,0,user_35,930,930,
7181,28,1499999,0,user_9,930,930,7179
7182,29,1499999,0,user_9,930,930,7179
7186,30,1499999,0,user_12,930,930,7179
7189,31,1499999,0,user_13,930,930,7179
7191,32,1499999,0,user_13,930,930,7179
7195,33,1499999,0,user_15,930,930,7179
7171,34,1400000,0,user_3,930,930,
7197,35,1000000,0,user_16,930,930,
7217,36,870000,0,user_30,930,930,
7225,37,870000,0,user_38,930,930,
7207,38,650000,0,user_23,930,930,
7176,39,530000,0,user_6,930,930,
7227,40,370000,0,user_40,930,930,
7221,41,360000,0,user_36,930,930,
7206,42,350000,0,user_21,930,930,
7208,43,350000,0,user_23,930,930,
7231,44,320000,959000,user_48,930,930,
7224,45,300000,71800,user_38,930,930,
7212,46,170000,0,user_26,930,930,
7169,47,160000,0,user_0,930,930,
7198,48,160000,0,user_17,930,930,
7209,49,160000,0,user_25,930,930,
7211,50,160000,0,user_26,930,930,
7178,51,120000,0,user_7,930,930,
7218,52,110000,0,user_33,930,930,
7172,53,79000,0,user_3,930,930,
7219,54,79000,0,user_34,930,930,
7202,55,77000,0,user_17,930,930,
7200,56,73000,0,user_17,930,930,
7284,0,43000000,0,user_34,931,931,
7290,1,27000000,0,user_40,931,931,
7294,2,27000000,769000,user_44,931,931,
7272,3,3600000,0,user_25,931,931,
7297,4,2500000,23500,user_48,931,931,
7263,5,2400000,0,user_20,931,931,
7237,6,2300001,0,user_4,931,931,7235
7241,7,2300001,0,user_7,931,931,7235
7242,8,2300001,0,user_8,931,931,7235
7243,9,2300001,0,user_9,931,931,7235
7244,10,2300001,0,user_9,931,931,7235
7246,11,2300001,0,user_10,931,931,7235
7247,12,2300001,0,user_10,931,931,7235
7248,13,2300001,0,user_10,931,931,7235
7254,14,2300001,0,user_15,931,931,7235
7235,15,2300000,14200,user_2,931,931,
7238,16,2299999,0,user_4,931,931,7235
7239,17,2299999,0,user_5,931,931,7235
7240,18,2299999,0,user_6,931,931,7235
7245,19,2299999,0,user_10,931,931,7235
7249,20,2299999,0,user_10,931,931,7235
7250,21,2299999,0,user_13,931,931,7235
7251,22,2299999,0,user_13,931,931,7235
7252,23,2299999,0,user_13,931,931,7235
7253,24,2299999,0,user_13,931,931,7235
7255,25,2299999,0,user_15,931,931,7235
7289,26,2000000,256000,user_39,931,931,
7277,27,1900000,0,user_29,931,931,
7288,28,1900000,0,user_38,931,931,
7268,29,1700000,139000,user_22,931,931,
7270,30,1600000,0,user_24,931,931,
7280,31,1600000,67500,user_29,931,931,
7279,32,1400000,0,user_29,931,931,
7273,33,1300000,0,user_26,931,931,
7259,34,1000000,0,user_18,931,931,
7278,35,1000000,7190000,user_29,931,931,
7256,36,910000,17000,user_16,931,931,
7267,37,910000,0,user_22,931,931,
7269,38,670000,0,user_23,931,931,
7295,39,420000,100000,user_45,931,931,
7233,40,360000,0,user_0,931,931,
7274,41,310000,0,user_28,931,931,
7276,42,310000,0,user_29,931,931,
7287,43,260000,0,user_38,931,931,
7292,44,220000,0,user_42,931,931,
7257,45,170000,369000,user_17,931,931,
7260,46,160000,0,user_19,931,931,
7285,47,150000,0,user_35,931,931,
7261,48,120000,0,user_20,931,931,
7262,49,120000,0,user_20,931,931,
7265,50,100000,21800,user_20,931,931,
7286,51,100000,0,user_37,931,931,
7275,52,82000,15700,user_28,931,931,
7264,53,80000,0,user_20,931,931,
7271,54,79000,0,user_25,931,931,
7258,55,70000,0,user_17,931,931,
7331,0,30000000,0,user_29,932,932,
7345,1,27000000,23500,user_48,932,932,
7335,2,5200000,0,user_33,932,932,
7313,3,2600000,0,user_16,932,932,
7326,4,2500000,42000,user_24,932,932,
7306,5,2400001,0,user_3,932,932,7305
7307,6,2400001,0,user_5,932,932,7305
7309,7,2400001,0,user_8,932,932,7305
7310,8,2400001,0,user_10,932,932,7305
7311,9,2400001,0,user_12,932,932,7305
7312,10,2400001,0,user_14,932,932,7305
7305,11,2400000,47700,user_2,932,932,
7330,12,2400000,0,user_28,932,932,
7308,13,2399999,0,user_6,932,932,7305
7342,14,2300000,0,user_44,932,932,
7339,15,2000000,0,user_37,932,932,
7303,16,1500000,0,user_2,932,932,
7324,17,1500000,0,user_23,932,932,
7332,18,1500000,0,user_31,932,932,
7333,19,1500000,19700,user_31,932,932,
7338,20,1500000,0,user_37,932,932,
7320,21,1300000,0,user_20,932,932,
7318,22,1100000,0,user_17,932,932,
7337,23,1000000,0,user_35,932,932,
7319,24,970000,0,user_19,932,932,
7317,25,910000,0,user_16,932,932,
7321,26,910000,0,user_20,932,932,
7322,27,910000,0,user_21,932,932,
7328,28,630000,0,user_26,932,932,
7340,29,420000,0,user_39,932,932,
7327,30,220000,0,user_26,932,932,
7301,31,170000,0,user_2,932,932,
7302,32,170000,0,user_2,932,932,
7304,33,170000,0,user_2,932,932,
7341,34,160000,0,user_41,932,932,
7316,35,110000,18600,user_16,932,932,
7323,36,110000,0,user_22,932,932,
7325,37,110000,0,user_24,932,932,
7314,38,98000,0,user_16,932,932,
7315,39,82000,410000,user_16,932,932,
7348,0,30000001,0,user_2,933,933,7347
7350,1,30000001,0,user_4,933,933,7347
7352,2,30000001,0,user_4,933,933,7347
7353,3,30000001,0,user_5,933,933,7347
7355,4,30000001,0,user_7,933,933,7347
7358,5,30000001,0,user_11,933,933,7347
7360,6,30000001,0,user_12,933,933,7347
7361,7,30000001,0,user_13,933,933,7347
7362,8,30000001,0,user_15,933,933,7347
7347,9,30000000,12300,user_1,933,933,
7377,10,30000000,0,user_24,933,933,
7349,11,29999999,0,user_4,933,933,7347
7351,12,29999999,0,user_4,933,933,7347
7354,13,29999999,0,user_6,933,933,7347
7356,14,29999999,0,user_8,933,933,7347
7357,15,29999999,0,user_9,933,933,7347
7359,16,29999999,0,user_11,933,933,7347
7368,17,19000000,0,user_20,933,933,
7391,18,6100000,0,user_34,933,933,
7372,19,5000000,296000,user_23,933,933,
7397,20,3600000,0,user_38,933,933,
7394,21,3500000,0,user_36,933,933,
7399,22,3500000,17700000,user_40,933,933,
7395,23,3200000,181000,user_36,933,933,
7373,24,2600000,0,user_23,933,933,
7378,25,2400000,0,user_24,933,933,
7406,26,2300000,0,user_49,933,933,
7371,27,1400000,49100,user_23,933,933,
7393,28,1200000,0,user_36,933,933,
7385,29,970000,0,user_28,933,933,
7364,30,910000,0,user_17,933,933,
7369,31,870000,0,user_21,933,933,
7390,32,870000,0,user_32,933,933,
7367,33,660000,0,user_19,933,933,
7403,34,660000,0,user_46,933,933,
7379,35,320000,8520,user_24,933,933,
7404,36,320000,0,user_46,933,933,
7392,37,310000,0,user_35,933,933,
7402,38,310000,0,user_45,933,933,
7363,39,220000,0,user_17,933,933,
7396,40,220000,0,user_37,933,933,
7374,41,170000,0,user_23,933,933,
7400,42,170000,0,user_43,933,933,
7376,43,160000,0,user_24,933,933,
7366,44,130000,0,user_17,933,933,
7375,45,87000,0,user_23,933,933,
7401,46,87000,71800,user_44,933,933,
7365,47,84000,215000,user_17,933,933,
7370,48,77000,0,user_22,933,933,
7469,0,6300000,0,user_47,934,934,
7443,1,5200000,0,user_28,934,934,
7453,2,5200000,0,user_32,934,934,
7433,3,5000000,0,user_18,934,934,
7434,4,5000000,0,user_19,934,934,
7441,5,5000000,0,user_26,934,934,
7440,6,3500000,66100,user_25,934,934,
7456,7,3500000,0,user_34,934,934,
7432,8,2500000,510000,user_17,934,934,
7444,9,2300000,49100,user_28,934,934,
7446,10,2100000,769000,user_29,934,934,
7467,11,2000000,0,user_44,934,934,
7439,12,1900000,0,user_23,934,934,
7462,13,1800000,0,user_37,934,934,
7448,14,1600000,0,user_29,934,934,
7414,15,1400001,0,user_3,934,934,7411
7415,16,1400001,0,user_4,934,934,7411
7416,17,1400001,0,user_4,934,934,7411
7417,18,1400001,0,user_5,934,934,7411
7420,19,1400001,0,user_6,934,934,7411
7421,20,1400001,0,user_7,934,934,7411
7424,21,1400001,0,user_10,934,934,7411
7425,22,1400001,0,user_11,934,934,7411
7428,23,1400001,0,user_14,934,934,7411
7430,24,1400001,0,user_15,934,934,7411
7411,25,1400000,32900,user_1,934,934,
7412,26,1399999,0,user_1,934,934,7411
7413,27,1399999,0,user_2,934,934,7411
7418,28,1399999,0,user_5,934,934,7411
7419,29,1399999,0,user_6,934,934,7411
7426,30,1399999,0,user_12,934,934,7411
7427,31,1399999,0,user_14,934,934,7411
7429,32,1399999,0,user_15,934,934,7411
7468,33,1100000,12800,user_46,934,934,
7463,34,1000000,0,user_38,934,934,
7450,35,420000,0,user_30,934,934,
7431,36,370000,0,user_16,934,934,
7438,37,370000,0,user_23,934,934,
7408,38,360000,0,user_0,934,934,
7454,39,310000,0,user_33,934,934,
7459,40,310000,0,user_36,934,934,
7461,41,310000,23500,user_37,934,934,
7460,42,300000,0,user_36,934,934,
7464,43,300000,0,user_42,934,934,
7435,44,220000,0,user_20,934,934,
7447,45,220000,0,user_29,934,934,
7465,46,220000,0,user_42,934,934,
7445,47,170000,0,user_29,934,934,
7452,48,160000,0,user_31,934,934,
7436,49,150000,0,user_21,934,934,
7437,50,150000,68100,user_21,934,934,
7458,51,150000,0,user_34,934,934,
7470,52,120000,0,user_49,934,934,
7455,53,110000,0,user_34,934,934,
7466,54,110000,0,user_44,934,934,
7407,55,98000,0,user_0,934,934,
7410,56,98000,0,user_0,934,934,
7449,57,85000,71800,user_29,934,934,
7451,58,80000,0,user_30,934,934,
7457,59,79000,0,user_34,934,934,
7409,60,77000,0,user_0,934,934,
7442,61,77000,256000,user_26,934,934,
7496,0,19000000,0,user_32,935,935,
7498,1,6100000,15300,user_35,935,935,
7492,2,5200000,0,user_27,935,935,
7485,3,5000000,0,user_17,935,935,
7488,4,2500000,0,user_21,935,935,
7489,5,2300000,0,user_22,935,935,
7493,6,2100000,0,user_28,935,935,
7504,7,1900000,4320000,user_44,935,935,
7486,8,1300000,0,user_18,935,935,
7499,9,1100000,0,user_36,935,935,
7503,10,870000,46500,user_43,935,935,
7490,11,630000,0,user_25,935,935,
7502,12,460000,0,user_40,935,935,
7487,13,350000,0,user_21,935,935,
7495,14,220000,0,user_31,935,935,
7497,15,190000,0,user_34,935,935,
7501,16,150000,42000,user_39,935,935,
7505,17,130000,0,user_45,935,935,
7473,18,120001,0,user_1,935,935,7471
7474,19,120001,0,user_2,935,935,7471
7475,20,120001,0,user_3,935,935,7471
7476,21,120001,0,user_6,935,935,7471
7479,22,120001,0,user_10,935,935,7471
7480,23,120001,0,user_11,935,935,7471
7481,24,120001,0,user_11,935,935,7471
7482,25,120001,0,user_14,935,935,7471
7483,26,120001,0,user_14,935,935,7471
7471,27,120000,17000,user_0,935,935,
7472,28,119999,0,user_1,935,935,7471
7478,29,119999,0,user_10,935,935,7471
7484,30,119999,0,user_15,935,935,7471
7506,31,110000,0,user_46,935,935,
7494,32,77000,0,user_30,935,935,
5590,0,4200001,0,user_5,936,936,5587
5591,1,4200001,0,user_6,936,936,5587
5596,2,4200001,0,user_12,936,936,5587
5597,3,4200001,0,user_13,936,936,5587
5598,4,4200001,0,user_13,936,936,5587
5599,5,4200001,0,user_14,936,936,5587
5587,6,4200000,322000,user_1,936,936,
5625,7,4200000,0,user_48,936,936,
5626,8,4200000,0,user_49,936,936,
5588,9,4199999,0,user_2,936,936,5587
5589,10,4199999,0,user_4,936,936,5587
5592,11,4199999,0,user_7,936,936,5587
5593,12,4199999,0,user_8,936,936,5587
5594,13,4199999,0,user_9,936,936,5587
5595,14,4199999,0,user_11,936,936,5587
5600,15,4199999,0,user_15,936,936,5587
5612,16,3200000,0,user_35,936,936,
5607,17,2500000,0,user_26,936,936,
5611,18,2000000,0,user_35,936,936,
5604,19,1600000,0,user_22,936,936,
5601,20,1500000,0,user_18,936,936,
5602,21,1200000,0,user_19,936,936,
5615,22,1200000,0,user_39,936,936,
5608,23,1100000,0,user_26,936,936,
5620,24,530000,0,user_43,936,936,
5603,25,340000,283000,user_22,936,936,
5614,26,220000,0,user_37,936,936,
5617,27,220000,0,user_41,936,936,
5613,28,170000,0,user_36,936,936,
5627,29,160000,0,user_49,936,936,
5619,30,150000,0,user_43,936,936,
5624,31,150000,0,user_47,936,936,
5622,32,120000,350000,user_43,936,936,
5610,33,110000,161000,user_33,936,936,
5621,34,110000,0,user_43,936,936,
5616,35,80000,0,user_40,936,936,
5629,0,5000000,0,user_1,937,937,
5656,1,5000000,0,user_26,937,937,
5661,2,5000000,410000,user_27,937,937,
5680,3,5000000,0,user_48,937,937,
5647,4,4500000,0,user_16,937,937,
5637,5,4200001,0,user_10,937,937,5635
5639,6,4200001,0,user_12,937,937,5635
5640,7,4200001,0,user_12,937,937,5635
5641,8,4200001,0,user_12,937,937,5635
5643,9,4200001,0,user_13,937,937,5635
5644,10,4200001,0,user_13,937,937,5635
5635,11,4200000,350000,user_10,937,937,
5636,12,4199999,0,user_10,937,937,5635
5638,13,4199999,0,user_12,937,937,5635
5642,14,4199999,0,user_12,937,937,5635
5645,15,4199999,0,user_14,937,937,5635
5676,16,3600000,0,user_43,937,937,
5653,17,3200000,0,user_23,937,937,
5663,18,2300000,73100,user_28,937,937,
5670,19,2300000,0,user_36,937,937,
5681,20,1900000,0,user_48,937,937,
5673,21,1500000,5640,user_40,937,937,
5679,22,1400000,0,user_48,937,937,
5684,23,970000,11200,user_49,937,937,
5660,24,910000,0,user_27,937,937,
5628,25,670000,0,user_0,937,937,
5665,26,660000,0,user_30,937,937,
5668,27,630000,0,user_34,937,937,
5658,28,530000,0,user_26,937,937,
5678,29,470000,0,user_47,937,937,
5683,30,350000,0,user_49,937,937,
5659,31,320000,0,user_26,937,937,
5648,32,310000,0,user_18,937,937,
5652,33,300000,0,user_23,937,937,
5682,34,260000,0,user_48,937,937,
5646,35,220000,0,user_16,937,937,
5672,36,170000,0,user_40,937,937,
5655,37,160000,0,user_26,937,937,
5657,38,160000,0,user_26,937,937,
5650,39,150000,0,user_21,937,937,
5671,40,150000,0,user_39,937,937,
5634,41,110000,0,user_9,937,937,
5666,42,110000,0,user_31,937,937,
5669,43,110000,0,user_35,937,937,
5667,44,100000,0,user_33,937,937,
5651,45,87000,0,user_22,937,937,
5664,46,84000,0,user_29,937,937,
5677,47,84000,0,user_46,937,937,
5662,48,82000,0,user_28,937,937,
5630,49,79000,0,user_2,937,937,
5633,50,79000,0,user_8,937,937,
5674,51,79000,0,user_40,937,937,
5632,52,70000,0,user_7,937,937,
5714,0,19000000,0,user_28,938,938,
5722,1,3600000,0,user_36,938,938,
5732,2,3600000,0,user_41,938,938,
5704,3,3200000,0,user_18,938,938,
5735,4,3200000,256000,user_47,938,938,
5703,5,1500000,0,user_17,938,938,
5717,6,1500000,0,user_32,938,938,
5715,7,1400000,0,user_31,938,938,
5724,8,1400000,0,user_37,938,938,
5730,9,1400000,0,user_39,938,938,
5720,10,1300000,0,user_36,938,938,
5723,11,1200000,0,user_36,938,938,
5706,12,1100000,146000,user_19,938,938,
5737,13,1100000,0,user_49,938,938,
5721,14,1000000,60700,user_36,938,938,
5725,15,1000000,0,user_38,938,938,
5707,16,650000,0,user_21,938,938,
5708,17,340000,0,user_21,938,938,
5727,18,340000,0,user_39,938,938,
5712,19,320000,33300,user_26,938,938,
5713,20,260000,0,user_26,938,938,
5726,21,220000,0,user_38,938,938,
5734,22,220000,769000,user_46,938,938,
5702,23,170000,0,user_16,938,938,
5687,24,160001,0,user_2,938,938,5685
5690,25,160001,0,user_4,938,938,5685
5691,26,160001,0,user_5,938,938,5685
5693,27,160001,0,user_7,938,938,5685
5694,28,160001,0,user_7,938,938,5685
5700,29,160001,0,user_12,938,938,5685
5685,30,160000,49100,user_0,938,938,
5686,31,159999,0,user_0,938,938,5685
5688,32,159999,0,user_2,938,938,5685
5689,33,159999,0,user_3,938,938,5685
5692,34,159999,0,user_6,938,938,5685
5697,35,159999,0,user_10,938,938,5685
5698,36,159999,0,user_10,938,938,5685
5699,37,159999,0,user_11,938,938,5685
5701,38,159999,0,user_14,938,938,5685
5709,39,150000,0,user_22,938,938,
5710,40,120000,0,user_23,938,938,
5705,41,110000,0,user_18,938,938,
5729,42,110000,0,user_39,938,938,
5733,43,110000,0,user_43,938,938,
5716,44,98000,381000,user_31,938,938,
5711,45,85000,0,user_24,938,938,
5736,46,84000,0,user_47,938,938,
5718,47,82000,0,user_33,938,938,
5731,48,73000,146000,user_39,938,938,
5728,49,70000,0,user_39,938,938,
5782,0,43000000,0,user_44,939,939,
5777,1,6300000,0,user_42,939,939,
5758,2,5200000,0,user_20,939,939,
5760,3,5000000,0,user_23,939,939,
5779,4,4200000,0,user_43,939,939,
5771,5,3200000,0,user_37,939,939,
5784,6,2600000,0,user_46,939,939,
5742,7,2400001,0,user_2,939,939,5739
5744,8,2400001,0,user_5,939,939,5739
5745,9,2400001,0,user_7,939,939,5739
5746,10,2400001,0,user_7,939,939,5739
5752,11,2400001,0,user_11,939,939,5739
5753,12,2400001,0,user_13,939,939,5739
5739,13,2400000,1100000,user_0,939,939,
5769,14,2400000,0,user_36,939,939,
5792,15,2400000,35100,user_49,939,939,
5740,16,2399999,0,user_1,939,939,5739
5741,17,2399999,0,user_1,939,939,5739
5743,18,2399999,0,user_3,939,939,5739
5747,19,2399999,0,user_7,939,939,5739
5748,20,2399999,0,user_7,939,939,5739
5750,21,2399999,0,user_10,939,939,5739
5751,22,2399999,0,user_11,939,939,5739
5754,23,2399999,0,user_14,939,939,5739
5755,24,2399999,0,user_15,939,939,5739
5765,25,2000000,0,user_33,939,939,
5770,26,2000000,0,user_37,939,939,
5764,27,1900000,12800,user_32,939,939,
5785,28,1700000,0,user_47,939,939,
5774,29,1500000,0,user_41,939,939,
5766,30,1100000,11200,user_33,939,939,
5738,31,1000000,0,user_0,939,939,
5763,32,1000000,0,user_30,939,939,
5778,33,670000,0,user_43,939,939,
5786,34,670000,0,user_47,939,939,
5787,35,660000,0,user_48,939,939,
5772,36,350000,0,user_38,939,939,
5776,37,310000,0,user_41,939,939,
5775,38,300000,0,user_41,939,939,
5761,39,220000,256000,user_26,939,939,
5762,40,220000,594000,user_29,939,939,
5781,41,220000,5640,user_44,939,939,
5767,42,190000,0,user_34,939,939,
5783,43,170000,0,user_45,939,939,
5780,44,160000,0,user_43,939,939,
5759,45,150000,0,user_21,939,939,
5768,46,150000,11200,user_36,939,939,
5756,47,120000,0,user_16,939,939,
5757,48,120000,0,user_17,939,939,
5790,49,120000,0,user_48,939,939,
5789,50,83000,0,user_48,939,939,
5788,51,80000,0,user_48,939,939,
5791,52,77000,0,user_48,939,939,
5838,0,30000000,0,user_45,940,940,
5822,1,19000000,0,user_24,940,940,
5823,2,19000000,0,user_25,940,940,
5836,3,5200000,121000,user_43,940,940,
5827,4,2000000,0,user_30,940,940,
5828,5,1500000,0,user_30,940,940,
5818,6,1400000,0,user_20,940,940,
5809,7,1100000,0,user_17,940,940,
5837,8,910000,0,user_43,940,940,
5821,9,870000,0,user_22,940,940,
5820,10,600000,0,user_22,940,940,
5826,11,460000,121000,user_27,940,940,
5817,12,340000,0,user_20,940,940,
5815,13,320000,769000,user_20,940,940,
5819,14,310000,0,user_21,940,940,
5835,15,260000,0,user_41,940,940,
5812,16,240000,0,user_19,940,940,
5829,17,240000,0,user_30,940,940,
5806,18,220001,0,user_15,940,940,5793
5793,19,220000,155000,user_0,940,940,
5810,20,220000,0,user_18,940,940,
5794,21,219999,0,user_3,940,940,5793
5795,22,219999,0,user_4,940,940,5793
5796,23,219999,0,user_6,940,940,5793
5797,24,219999,0,user_7,940,940,5793
5801,25,219999,0,user_10,940,940,5793
5802,26,219999,0,user_11,940,940,5793
5803,27,219999,0,user_12,940,940,5793
5804,28,219999,0,user_13,940,940,5793
5805,29,219999,0,user_15,940,940,5793
5807,30,190000,0,user_16,940,940,
5813,31,170000,0,user_19,940,940,
5839,32,170000,0,user_47,940,940,
5832,33,150000,0,user_37,940,940,
5811,34,120000,21800,user_19,940,940,
5825,35,120000,0,user_27,940,940,
5840,36,120000,0,user_49,940,940,
5816,37,110000,0,user_20,940,940,
5833,38,110000,0,user_38,940,940,
5831,39,100000,0,user_36,940,940,
5808,40,85000,0,user_16,940,940,
5824,41,83000,0,user_26,940,940,
5814,42,77000,0,user_20,940,940,
5830,43,73000,0,user_31,940,940,
5877,0,5200000,0,user_22,941,941,
5878,1,4200000,0,user_22,941,941,
5881,2,3500000,0,user_28,941,941,
5841,3,2500000,0,user_0,941,941,
5843,4,2400000,0,user_3,941,941,
5876,5,2100000,0,user_21,941,941,
5880,6,2000000,0,user_27,941,941,
5884,7,2000000,0,user_31,941,941,
5893,8,1700000,0,user_41,941,941,
5900,9,1400000,0,user_48,941,941,
5888,10,1000000,16400,user_38,941,941,
5842,11,670000,0,user_1,941,941,
5896,12,660000,0,user_43,941,941,
5883,13,600000,0,user_29,941,941,
5895,14,600000,0,user_42,941,941,
5882,15,470000,0,user_28,941,941,
5846,16,460001,0,user_5,941,941,5844
5850,17,460001,0,user_6,941,941,5844
5851,18,460001,0,user_7,941,941,5844
5852,19,460001,0,user_7,941,941,5844
5855,20,460001,0,user_10,941,941,5844
5856,21,460001,0,user_11,941,941,5844
5857,22,460001,0,user_11,941,941,5844
5859,23,460001,0,user_11,941,941,5844
5860,24,460001,0,user_11,941,941,5844
5866,25,460001,0,user_13,941,941,5844
5867,26,460001,0,user_13,941,941,5844
5870,27,460001,0,user_13,941,941,5844
5844,28,460000,24700,user_4,941,941,
5845,29,459999,0,user_5,941,941,5844
5847,30,459999,0,user_5,941,941,5844
5848,31,459999,0,user_5,941,941,5844
5849,32,459999,0,user_6,941,941,5844
5858,33,459999,0,user_11,941,941,5844
5861,34,459999,0,user_12,941,941,5844
5862,35,459999,0,user_12,941,941,5844
5863,36,459999,0,user_12,941,941,5844
5864,37,459999,0,user_12,941,941,5844
5865,38,459999,0,user_12,941,941,5844
5868,39,459999,0,user_13,941,941,5844
5869,40,459999,0,user_13,941,941,5844
5871,41,459999,0,user_14,941,941,5844
5872,42,459999,0,user_14,941,941,5844
5873,43,459999,0,user_15,941,941,5844
5894,44,320000,0,user_42,941,941,
5898,45,260000,0,user_47,941,941,
5897,46,240000,0,user_44,941,941,
5885,47,220000,121000,user_34,941,941,
5875,48,160000,0,user_20,941,941,
5879,49,150000,0,user_26,941,941,
5874,50,120000,18600,user_17,941,941,
5899,51,110000,0,user_47,941,941,
5887,52,100000,0,user_37,941,941,
5901,53,84000,0,user_49,941,941,
5905,0,19000000,0,user_4,942,942,
5933,1,6300000,0,user_27,942,942,
5949,2,5000000,0,user_36,942,942,
5950,3,4500000,0,user_38,942,942,
5962,4,4500000,0,user_48,942,942,
5927,5,2300000,0,user_20,942,942,
5946,6,2300000,0,user_34,942,942,
5932,7,2100000,0,user_27,942,942,
5952,8,2000000,0,user_41,942,942,
5902,9,1900000,0,user_0,942,942,
5907,10,1500001,0,user_7,942,942,5906
5908,11,1500001,0,user_8,942,942,5906
5909,12,1500001,0,user_8,942,942,5906
5914,13,1500001,0,user_13,942,942,5906
5918,14,1500001,0,user_14,942,942,5906
5919,15,1500001,0,user_14,942,942,5906
5906,16,1500000,769000,user_6,942,942,
5925,17,1500000,0,user_18,942,942,
5910,18,1499999,0,user_8,942,942,5906
5911,19,1499999,0,user_8,942,942,5906
5912,20,1499999,0,user_9,942,942,5906
5915,21,1499999,0,user_14,942,942,5906
5916,22,1499999,0,user_14,942,942,5906
5917,23,1499999,0,user_14,942,942,5906
5929,24,1400000,128000,user_24,942,942,
5930,25,1100000,0,user_25,942,942,
5903,26,970000,0,user_1,942,942,
5947,27,910000,0,user_36,942,942,
5956,28,910000,0,user_44,942,942,
5920,29,670000,0,user_17,942,942,
5944,30,660000,0,user_33,942,942,
5943,31,530000,0,user_32,942,942,
5948,32,460000,0,user_36,942,942,
5954,33,360000,0,user_43,942,942,
5936,34,320000,283000,user_27,942,942,
5938,35,320000,0,user_29,942,942,
5955,36,320000,0,user_43,942,942,
5924,37,310000,0,user_18,942,942,
5931,38,300000,0,user_26,942,942,
5923,39,260000,0,user_18,942,942,
5959,40,220000,64600,user_48,942,942,
5960,41,170000,66100,user_48,942,942,
5921,42,160000,0,user_18,942,942,
5937,43,160000,0,user_28,942,942,
5939,44,160000,0,user_29,942,942,
5953,45,160000,0,user_43,942,942,
5904,46,150000,0,user_4,942,942,
5934,47,150000,0,user_27,942,942,
5935,48,110000,64600,user_27,942,942,
5958,49,98000,0,user_48,942,942,
5961,50,83000,5630,user_48,942,942,
5922,51,80000,5180,user_18,942,942,
5945,52,73000,32900,user_34,942,942,
5963,0,6300000,0,user_0,943,943,
5993,1,5200000,0,user_35,943,943,
5965,2,4500000,0,user_2,943,943,
6000,3,4500000,0,user_39,943,943,
5980,4,4200000,0,user_17,943,943,
5986,5,3500000,0,user_24,943,943,
6007,6,3200000,0,user_46,943,943,
5964,7,2600000,0,user_1,943,943,
5998,8,2400000,0,user_38,943,943,
6003,9,2000000,0,user_40,943,943,
6006,10,1500000,0,user_46,943,943,
6004,11,1400000,0,user_42,943,943,
6014,12,1400000,0,user_49,943,943,
6005,13,1300000,100000,user_45,943,943,
5990,14,1100000,0,user_30,943,943,
5979,15,1000000,68100,user_17,943,943,
5999,16,970000,0,user_39,943,943,
5988,17,870000,0,user_27,943,943,
5989,18,870000,0,user_30,943,943,
6012,19,870000,0,user_48,943,943,
5983,20,670000,0,user_21,943,943,
5992,21,600000,0,user_33,943,943,
6013,22,530000,0,user_48,943,943,
5995,23,350000,15300,user_36,943,943,
5981,24,310000,0,user_18,943,943,
6008,25,260000,0,user_47,943,943,
6015,26,260000,0,user_49,943,943,
5978,27,220000,0,user_16,943,943,
5985,28,170000,0,user_22,943,943,
6002,29,170000,0,user_39,943,943,
5996,30,160000,0,user_37,943,943,
5997,31,120000,0,user_37,943,943,
6001,32,120000,0,user_39,943,943,
6009,33,110000,0,user_47,943,943,
6010,34,110000,0,user_48,943,943,
6011,35,110000,0,user_48,943,943,
5968,36,87001,0,user_7,943,943,5967
5970,37,87001,0,user_8,943,943,5967
5971,38,87001,0,user_9,943,943,5967
5973,39,87001,0,user_10,943,943,5967
5974,40,87001,0,user_10,943,943,5967
5987,41,87000,0,user_26,943,943,
5969,42,86999,0,user_8,943,943,5967
5972,43,86999,0,user_9,943,943,5967
5976,44,86999,0,user_12,943,943,5967
5977,45,86999,0,user_13,943,943,5967
5994,46,85000,0,user_35,943,943,
5966,47,83000,0,user_2,943,943,
5984,48,83000,0,user_21,943,943,
5991,49,82000,0,user_32,943,943,
6056,0,6300000,0,user_33,944,944,
6052,1,5000000,100000,user_30,944,944,
6063,2,5000000,0,user_37,944,944,
6064,3,5000000,0,user_38,944,944,
6069,4,4500000,0,user_41,944,944,
6044,5,4200000,0,user_23,944,944,
6065,6,4200000,0,user_38,944,944,
6040,7,3200000,0,user_23,944,944,
6045,8,2500000,779000,user_25,944,944,
6071,9,2500000,0,user_42,944,944,
6078,10,2300000,0,user_47,944,944,
6021,11,2100000,0,user_6,944,944,
6061,12,2000000,0,user_36,944,944,
6035,13,1900000,0,user_18,944,944,
6038,14,1900000,0,user_20,944,944,
6024,15,1500001,0,user_6,944,944,6023
6028,16,1500001,0,user_12,944,944,6023
6029,17,1500001,0,user_13,944,944,6023
6030,18,1500001,0,user_13,944,944,6023
6032,19,1500001,0,user_13,944,944,6023
6023,20,1500000,510000,user_6,944,944,
6027,21,1499999,0,user_12,944,944,6023
6031,22,1499999,0,user_13,944,944,6023
6033,23,1499999,0,user_13,944,944,6023
6073,24,1400000,16400,user_44,944,944,
6077,25,1100000,0,user_47,944,944,
6054,26,970000,0,user_32,944,944,
6047,27,870000,0,user_25,944,944,
6017,28,670000,0,user_1,944,944,
6049,29,660000,0,user_25,944,944,
6062,30,630000,0,user_36,944,944,
6076,31,600000,0,user_46,944,944,
6075,32,470000,64600,user_44,944,944,
6079,33,470000,0,user_48,944,944,
6018,34,460000,0,user_2,944,944,
6020,35,460000,0,user_6,944,944,
6046,36,420000,42000,user_25,944,944,
6034,37,360000,0,user_16,944,944,
6037,38,350000,0,user_19,944,944,
6019,39,300000,0,user_5,944,944,
6022,40,220000,0,user_6,944,944,
6050,41,220000,0,user_27,944,944,
6051,42,220000,0,user_28,944,944,
6055,43,220000,0,user_32,944,944,
6036,44,190000,0,user_19,944,944,
6053,45,170000,0,user_30,944,944,
6059,46,170000,0,user_36,944,944,
6068,47,170000,0,user_41,944,944,
6041,48,160000,0,user_23,944,944,
6016,49,130000,0,user_0,944,944,
6042,50,120000,0,user_23,944,944,
6043,51,120000,0,user_23,944,944,
6058,52,120000,0,user_36,944,944,
6060,53,120000,0,user_36,944,944,
6070,54,120000,0,user_42,944,944,
6039,55,110000,0,user_22,944,944,
6048,56,110000,594000,user_25,944,944,
6074,57,110000,959000,user_44,944,944,
6072,58,85000,0,user_43,944,944,
6080,59,80000,0,user_49,944,944,
6057,60,77000,0,user_34,944,944,
6067,61,70000,0,user_41,944,944,
6099,0,27000000,0,user_18,945,945,
6098,1,6100000,0,user_17,945,945,
6109,2,5000000,0,user_26,945,945,
6113,3,5000000,146000,user_34,945,945,
6124,4,5000000,164000,user_44,945,945,
6081,5,4500000,0,user_0,945,945,
6111,6,3500000,0,user_30,945,945,
6133,7,2500000,0,user_49,945,945,
6105,8,2000000,0,user_22,945,945,
6119,9,2000000,0,user_38,945,945,
6101,10,1900000,0,user_18,945,945,
6122,11,1700000,0,user_41,945,945,
6127,12,1700000,0,user_45,945,945,
6103,13,1500000,0,user_19,945,945,
6135,14,1200000,0,user_49,945,945,
6123,15,1000000,5640,user_43,945,945,
6128,16,1000000,18600,user_45,945,945,
6120,17,910000,139000,user_39,945,945,
6083,18,670000,0,user_2,945,945,
6117,19,650000,0,user_37,945,945,
6116,20,630000,0,user_37,945,945,
6097,21,460000,0,user_16,945,945,
6108,22,460000,0,user_24,945,945,
6129,23,420000,0,user_45,945,945,
6112,24,350000,0,user_33,945,945,
6131,25,350000,0,user_48,945,945,
6130,26,320000,0,user_47,945,945,
6096,27,310000,0,user_16,945,945,
6110,28,260000,0,user_27,945,945,
6125,29,260000,0,user_45,945,945,
6102,30,220000,0,user_18,945,945,
6132,31,190000,0,user_49,945,945,
6088,32,170001,0,user_3,945,945,6085
6090,33,170001,0,user_5,945,945,6085
6094,34,170001,0,user_11,945,945,6085
6095,35,170001,0,user_12,945,945,6085
6085,36,170000,195000,user_3,945,945,
6134,37,170000,285000,user_49,945,945,
6086,38,169999,0,user_3,945,945,6085
6087,39,169999,0,user_3,945,945,6085
6089,40,169999,0,user_5,945,945,6085
6100,41,150000,0,user_18,945,945,
6115,42,150000,769000,user_36,945,945,
6118,43,150000,0,user_37,945,945,
6084,44,120000,0,user_3,945,945,
6082,45,110000,0,user_1,945,945,
6107,46,87000,0,user_22,945,945,
6106,47,84000,0,user_22,945,945,
6126,48,83000,0,user_45,945,945,
6104,49,73000,0,user_22,945,945,
6158,0,30000000,0,user_19,946,946,
6157,1,5000000,0,user_18,946,946,
6160,2,5000000,0,user_21,946,946,
6169,3,5000000,0,user_25,946,946,
6171,4,5000000,67500,user_26,946,946,
6155,5,3600000,0,user_16,946,946,
6182,6,3600000,0,user_38,946,946,
6162,7,3200000,256000,user_21,946,946,
6166,8,3200000,0,user_22,946,946,
6165,9,2400000,0,user_22,946,946,
6177,10,2000000,195000,user_32,946,946,
6179,11,2000000,0,user_33,946,946,
6176,12,1700000,0,user_32,946,946,
6174,13,1600000,0,user_30,946,946,
6137,14,1500000,0,user_3,946,946,
6178,15,1300000,30200,user_33,946,946,
6181,16,1300000,0,user_35,946,946,
6136,17,1000000,0,user_0,946,946,
6184,18,1000000,0,user_41,946,946,
6173,19,970000,0,user_29,946,946,
6188,20,970000,0,user_47,946,946,
6161,21,630000,0,user_21,946,946,
6185,22,630000,0,user_41,946,946,
6164,23,600000,0,user_21,946,946,
6143,24,360001,0,user_9,946,946,6138
6144,25,360001,0,user_9,946,946,6138
6145,26,360001,0,user_9,946,946,6138
6146,27,360001,0,user_9,946,946,6138
6149,28,360001,0,user_12,946,946,6138
6151,29,360001,0,user_15,946,946,6138
6138,30,360000,4320000,user_4,946,946,
6139,31,359999,0,user_4,946,946,6138
6140,32,359999,0,user_5,946,946,6138
6147,33,359999,0,user_10,946,946,6138
6148,34,359999,0,user_10,946,946,6138
6150,35,359999,0,user_12,946,946,6138
6153,36,350000,0,user_16,946,946,
6152,37,300000,0,user_16,946,946,
6175,38,160000,0,user_30,946,946,
6154,39,150000,42000,user_16,946,946,
6163,40,120000,0,user_21,946,946,
6189,41,120000,0,user_48,946,946,
6172,42,98000,0,user_29,946,946,
6156,43,87000,0,user_17,946,946,
6183,44,83000,0,user_38,946,946,
6186,45,82000,49100,user_44,946,946,
6167,46,80000,19700,user_23,946,946,
6170,47,77000,0,user_26,946,946,
6180,48,73000,0,user_34,946,946,
6215,0,27000000,0,user_23,947,947,
6209,1,5000000,0,user_21,947,947,
6214,2,5000000,0,user_23,947,947,
6244,3,5000000,0,user_47,947,947,
6221,4,4200000,0,user_28,947,947,
6204,5,3200000,0,user_15,947,947,
6243,6,2500000,0,user_47,947,947,
6197,7,2300000,0,user_7,947,947,
6206,8,2000000,12300,user_18,947,947,
6208,9,1600000,0,user_20,947,947,
6234,10,1600000,0,user_39,947,947,
6237,11,1600000,0,user_43,947,947,
6193,12,1500000,0,user_1,947,947,
6202,13,1400000,0,user_13,947,947,
6231,14,1400000,0,user_36,947,947,
6210,15,1300000,0,user_22,947,947,
6203,16,1200000,0,user_14,947,947,
6212,17,1100000,0,user_23,947,947,
6226,18,1100000,215000,user_33,947,947,
6217,19,1000000,0,user_24,947,947,
6200,20,970000,0,user_12,947,947,
6241,21,630000,0,user_47,947,947,
6222,22,600000,350000,user_29,947,947,
6191,23,420000,0,user_0,947,947,
6207,24,420000,0,user_19,947,947,
6220,25,420000,256000,user_27,947,947,
6224,26,420000,0,user_31,947,947,
6228,27,420000,0,user_34,947,947,
6229,28,370000,0,user_34,947,947,
6232,29,370000,0,user_37,947,947,
6236,30,370000,0,user_42,947,947,
6213,31,350000,6390,user_23,947,947,
6194,32,320000,0,user_5,947,947,
6205,33,310000,0,user_17,947,947,
6227,34,310000,0,user_33,947,947,
6238,35,260000,0,user_45,947,947,
6223,36,240000,0,user_30,947,947,
6196,37,220000,0,user_6,947,947,
6201,38,220000,0,user_12,947,947,
6219,39,220000,0,user_26,947,947,
6192,40,160000,0,user_0,947,947,
6233,41,160000,0,user_38,947,947,
6195,42,150000,0,user_6,947,947,
6216,43,110000,0,user_24,947,947,
6239,44,110000,0,user_46,947,947,
6242,45,98000,0,user_47,947,947,
6218,46,87000,0,user_25,947,947,
6225,47,84000,0,user_31,947,947,
6245,48,84000,34700,user_49,947,947,
6211,49,80000,0,user_23,947,947,
6240,50,79000,0,user_46,947,947,
6235,51,73000,0,user_41,947,947,
6277,0,43000000,0,user_33,948,948,
6272,1,5000000,0,user_26,948,948,
6274,2,3600000,0,user_29,948,948,
6248,3,2600000,0,user_1,948,948,
6275,4,2500000,0,user_30,948,948,
6276,5,2400000,0,user_32,948,948,
6289,6,2400000,49100,user_46,948,948,
6255,7,2300001,0,user_7,948,948,6254
6256,8,2300001,0,user_8,948,948,6254
6257,9,2300001,0,user_9,948,948,6254
6258,10,2300001,0,user_12,948,948,6254
6254,11,2300000,146000,user_7,948,948,
6283,12,2300000,0,user_39,948,948,
6259,13,2299999,0,user_14,948,948,6254
6260,14,2299999,0,user_15,948,948,6254
6261,15,2299999,0,user_15,948,948,6254
6246,16,1800000,0,user_0,948,948,
6270,17,1700000,0,user_24,948,948,
6263,18,1400000,1100000,user_17,948,948,
6264,19,1400000,18600,user_18,948,948,
6262,20,1100000,0,user_16,948,948,
6247,21,1000000,0,user_0,948,948,
6279,22,1000000,285000,user_35,948,948,
6269,23,870000,0,user_24,948,948,
6267,24,670000,0,user_22,948,948,
6284,25,600000,17000,user_39,948,948,
6290,26,530000,0,user_46,948,948,
6281,27,460000,0,user_36,948,948,
6288,28,460000,67900,user_45,948,948,
6253,29,340000,0,user_7,948,948,
6286,30,220000,0,user_40,948,948,
6278,31,160000,10700,user_34,948,948,
6285,32,160000,0,user_39,948,948,
6266,33,150000,0,user_21,948,948,
6287,34,150000,0,user_44,948,948,
6250,35,130000,0,user_3,948,948,
6249,36,110000,0,user_2,948,948,
6273,37,110000,0,user_28,948,948,
6280,38,110000,0,user_36,948,948,
6282,39,87000,0,user_37,948,948,
6268,40,84000,0,user_23,948,948,
6291,41,79000,0,user_49,948,948,
6271,42,70000,0,user_26,948,948,
6318,0,6100000,0,user_26,949,949,
6329,1,5000000,35100,user_34,949,949,
6312,2,4200000,0,user_21,949,949,
6319,3,4200000,0,user_28,949,949,
6309,4,3500000,0,user_18,949,949,
6311,5,2500000,0,user_20,949,949,
6315,6,2500000,0,user_24,949,949,
6316,7,2400000,0,user_25,949,949,
6323,8,2400000,0,user_29,949,949,
6336,9,2400000,30200,user_46,949,949,
6330,10,2300000,0,user_37,949,949,
6324,11,2000000,0,user_29,949,949,
6307,12,1600000,0,user_16,949,949,
6314,13,1600000,0,user_24,949,949,
6317,14,1400000,0,user_25,949,949,
6338,15,1400000,0,user_47,949,949,
6332,16,1300000,0,user_42,949,949,
6333,17,1200000,0,user_43,949,949,
6294,18,1100000,0,user_4,949,949,
6337,19,910000,0,user_47,949,949,
6339,20,910000,0,user_48,949,949,
6320,21,870000,0,user_28,949,949,
6295,22,670000,0,user_4,949,949,
6292,23,650000,0,user_2,949,949,
6310,24,460000,15300,user_19,949,949,
6328,25,460000,0,user_33,949,949,
6327,26,420000,100000,user_32,949,949,
6326,27,370000,0,user_32,949,949,
6299,28,350001,0,user_7,949,949,6298
6306,29,350001,0,user_15,949,949,6298
6298,30,350000,13800,user_7,949,949,
6300,31,349999,0,user_8,949,949,6298
6302,32,349999,0,user_10,949,949,6298
6304,33,349999,0,user_12,949,949,6298
6305,34,349999,0,user_13,949,949,6298
6297,35,240000,0,user_6,949,949,
6340,36,220000,0,user_48,949,949,
6296,37,170000,0,user_5,949,949,
6334,38,170000,0,user_44,949,949,
6325,39,160000,17700000,user_31,949,949,
6293,40,150000,0,user_3,949,949,
6313,41,130000,0,user_23,949,949,
6321,42,130000,121000,user_29,949,949,
6308,43,120000,0,user_17,949,949,
6322,44,100000,0,user_29,949,949,
6335,45,82000,0,user_46,949,949,
6341,46,79000,0,user_49,949,949,
6392,0,43000000,0,user_43,950,950,
6343,1,19000001,0,user_3,950,950,6342
6345,2,19000001,0,user_3,950,950,6342
6346,3,19000001,0,user_5,950,950,6342
6349,4,19000001,0,user_6,950,950,6342
6351,5,19000001,0,user_8,950,950,6342
6353,6,19000001,0,user_11,950,950,6342
6344,7,18999999,0,user_3,950,950,6342
6347,8,18999999,0,user_5,950,950,6342
6348,9,18999999,0,user_6,950,950,6342
6350,10,18999999,0,user_7,950,950,6342
6352,11,18999999,0,user_9,950,950,6342
6354,12,18999999,0,user_11,950,950,6342
6355,13,18999999,0,user_12,950,950,6342
6356,14,18999999,0,user_14,950,950,6342
6357,15,18999999,0,user_15,950,950,6342
6367,16,3200000,0,user_20,950,950,
6390,17,3200000,67500,user_41,950,950,
6388,18,2400000,0,user_39,950,950,
6364,19,2100000,7190000,user_18,950,950,
6370,20,2000000,71800,user_22,950,950,
6369,21,1900000,0,user_22,950,950,
6396,22,1800000,0,user_48,950,950,
6380,23,1500000,0,user_31,950,950,
6361,24,1100000,594000,user_17,950,950,
6387,25,1000000,0,user_39,950,950,
6372,26,870000,0,user_24,950,950,
6373,27,670000,769000,user_25,950,950,
6365,28,650000,0,user_19,950,950,
6386,29,630000,0,user_38,950,950,
6397,30,470000,23500,user_49,950,950,
6381,31,460000,0,user_31,950,950,
6393,32,420000,0,user_44,950,950,
6377,33,370000,0,user_28,950,950,
6374,34,360000,0,user_25,950,950,
6378,35,350000,0,user_29,950,950,
6371,36,340000,0,user_23,950,950,
6383,37,320000,0,user_33,950,950,
6358,38,260000,0,user_16,950,950,
6391,39,220000,0,user_42,950,950,
6363,40,160000,0,user_17,950,950,
6366,41,160000,84800,user_20,950,950,
6389,42,120000,0,user_40,950,950,
6360,43,110000,3130,user_17,950,950,
6362,44,110000,0,user_17,950,950,
6368,45,110000,21800,user_21,950,950,
6384,46,110000,0,user_33,950,950,
6359,47,85000,8520,user_17,950,950,
6375,48,80000,0,user_25,950,950,
6379,49,80000,0,user_29,950,950,
6424,0,43000000,30200,user_32,951,951,
6415,1,4500000,0,user_19,951,951,
6421,2,4200000,0,user_27,951,951,
6423,3,3600000,0,user_30,951,951,
6422,4,3500000,0,user_30,951,951,
6413,5,2600000,17000,user_18,951,951,
6430,6,2000000,64600,user_42,951,951,
6437,7,2000000,0,user_49,951,951,
6432,8,1500000,0,user_45,951,951,
6417,9,1400000,0,user_20,951,951,
6414,10,1000000,0,user_18,951,951,
6435,11,870000,0,user_48,951,951,
6433,12,470000,0,user_46,951,951,
6412,13,320000,0,user_16,951,951,
6418,14,320000,0,user_21,951,951,
6425,15,260000,0,user_33,951,951,
6420,16,170000,11200,user_26,951,951,
6431,17,170000,73100,user_44,951,951,
6419,18,120000,0,user_25,951,951,
6434,19,120000,0,user_47,951,951,
6416,20,110000,0,user_19,951,951,
6429,21,110000,0,user_41,951,951,
6436,22,110000,0,user_49,951,951,
6402,23,84001,0,user_8,951,951,6399
6404,24,84001,0,user_12,951,951,6399
6405,25,84001,0,user_12,951,951,6399
6407,26,84001,0,user_13,951,951,6399
6408,27,84001,0,user_14,951,951,6399
6411,28,84001,0,user_14,951,951,6399
6399,29,84000,155000,user_3,951,951,
6400,30,83999,0,user_7,951,951,6399
6401,31,83999,0,user_7,951,951,6399
6403,32,83999,0,user_10,951,951,6399
6406,33,83999,0,user_13,951,951,6399
6409,34,83999,0,user_14,951,951,6399
6410,35,83999,0,user_14,951,951,6399
6398,36,79000,0,user_1,951,951,
6458,0,43000000,0,user_30,952,952,
6449,1,5200000,0,user_18,952,952,
6456,2,2400000,0,user_26,952,952,
6454,3,2100000,0,user_21,952,952,
6455,4,2000000,0,user_22,952,952,
6439,5,1600001,0,user_1,952,952,6438
6440,6,1600001,0,user_3,952,952,6438
6443,7,1600001,0,user_7,952,952,6438
6444,8,1600001,0,user_8,952,952,6438
6446,9,1600001,0,user_10,952,952,6438
6447,10,1600001,0,user_14,952,952,6438
6438,11,1600000,769000,user_0,952,952,
6451,12,1600000,0,user_18,952,952,
6457,13,1600000,0,user_27,952,952,
6441,14,1599999,0,user_5,952,952,6438
6442,15,1599999,0,user_6,952,952,6438
6466,16,1100000,0,user_41,952,952,
6450,17,220000,0,user_18,952,952,
6460,18,160000,0,user_33,952,952,
6459,19,150000,0,user_32,952,952,
6467,20,150000,7190000,user_48,952,952,
6453,21,130000,0,user_20,952,952,
6452,22,120000,0,user_18,952,952,
6461,23,120000,21800,user_34,952,952,
6448,24,82000,0,user_16,952,952,
6464,25,70000,0,user_38,952,952,
6513,0,43000000,5640,user_36,953,953,
6496,1,30000000,0,user_28,953,953,
6510,2,27000000,0,user_34,953,953,
6532,3,19000000,0,user_49,953,953,
6521,4,6300000,0,user_43,953,953,
6517,5,5000000,0,user_38,953,953,
6507,6,4500000,0,user_34,953,953,
6518,7,4200000,0,user_39,953,953,
6528,8,3600000,0,user_47,953,953,
6529,9,3600000,0,user_47,953,953,
6514,10,3500000,0,user_37,953,953,
6522,11,3500000,0,user_43,953,953,
6498,12,2500000,0,user_30,953,953,
6488,13,2400000,0,user_21,953,953,
6495,14,2400000,0,user_25,953,953,
6492,15,2000000,73100,user_23,953,953,
6486,16,1800000,0,user_19,953,953,
6499,17,1600000,47700,user_31,953,953,
6516,18,1600000,0,user_38,953,953,
6525,19,1600000,0,user_44,953,953,
6505,20,1500000,0,user_33,953,953,
6489,21,1400000,0,user_22,953,953,
6503,22,1200000,0,user_32,953,953,
6469,23,1000000,0,user_0,953,953,
6483,24,1000000,0,user_17,953,953,
6515,25,1000000,0,user_37,953,953,
6502,26,910000,0,user_32,953,953,
6519,27,600000,0,user_41,953,953,
6490,28,460000,0,user_22,953,953,
6491,29,460000,0,user_23,953,953,
6530,30,350000,0,user_48,953,953,
6487,31,310000,0,user_20,953,953,
6494,32,310000,0,user_24,953,953,
6531,33,310000,0,user_49,953,953,
6506,34,240000,24700,user_34,953,953,
6504,35,220000,0,user_33,953,953,
6508,36,170000,0,user_34,953,953,
6523,37,170000,0,user_43,953,953,
6526,38,170000,0,user_44,953,953,
6484,39,160000,0,user_18,953,953,
6501,40,160000,155000,user_32,953,953,
6473,41,150001,0,user_6,953,953,6470
6474,42,150001,0,user_7,953,953,6470
6477,43,150001,0,user_10,953,953,6470
6480,44,150001,0,user_12,953,953,6470
6481,45,150001,0,user_14,953,953,6470
6470,46,150000,5180,user_1,953,953,
6482,47,150000,0,user_16,953,953,
6485,48,150000,0,user_18,953,953,
6471,49,149999,0,user_2,953,953,6470
6472,50,149999,0,user_3,953,953,6470
6478,51,149999,0,user_11,953,953,6470
6479,52,149999,0,user_12,953,953,6470
6500,53,130000,0,user_32,953,953,
6527,54,120000,0,user_47,953,953,
6493,55,110000,350000,user_24,953,953,
6497,56,110000,0,user_29,953,953,
6509,57,84000,594000,user_34,953,953,
6520,58,83000,0,user_42,953,953,
6524,59,79000,0,user_43,953,953,
6468,60,73000,0,user_0,953,953,
6562,0,43000000,128000,user_19,954,954,
6567,1,30000000,121000,user_23,954,954,
6561,2,5000000,0,user_18,954,954,
6569,3,5000000,0,user_24,954,954,
6576,4,5000000,0,user_33,954,954,
6574,5,3500000,181000,user_29,954,954,
6581,6,3500000,195000,user_36,954,954,
6587,7,3500000,0,user_41,954,954,
6589,8,3500000,0,user_42,954,954,
6580,9,2400000,0,user_35,954,954,
6560,10,2000000,0,user_17,954,954,
6595,11,1500000,0,user_49,954,954,
6592,12,1400000,10700,user_46,954,954,
6566,13,1100000,0,user_22,954,954,
6584,14,1000000,0,user_38,954,954,
6577,15,660000,0,user_33,954,954,
6578,16,650000,0,user_33,954,954,
6593,17,650000,0,user_47,954,954,
6564,18,600000,0,user_19,954,954,
6558,19,470000,10700,user_16,954,954,
6565,20,470000,350000,user_20,954,954,
6568,21,460000,0,user_24,954,954,
6588,22,360000,0,user_41,954,954,
6537,23,350001,0,user_5,954,954,6533
6541,24,350001,0,user_9,954,954,6533
6542,25,350001,0,user_9,954,954,6533
6543,26,350001,0,user_11,954,954,6533
6544,27,350001,0,user_11,954,954,6533
6545,28,350001,0,user_11,954,954,6533
6547,29,350001,0,user_11,954,954,6533
6551,30,350001,0,user_13,954,954,6533
6552,31,350001,0,user_13,954,954,6533
6555,32,350001,0,user_15,954,954,6533
6534,33,349999,0,user_1,954,954,6533
6535,34,349999,0,user_4,954,954,6533
6536,35,349999,0,user_5,954,954,6533
6538,36,349999,0,user_5,954,954,6533
6539,37,349999,0,user_6,954,954,6533
6540,38,349999,0,user_9,954,954,6533
6546,39,349999,0,user_11,954,954,6533
6548,40,349999,0,user_12,954,954,6533
6549,41,349999,0,user_13,954,954,6533
6550,42,349999,0,user_13,954,954,6533
6554,43,349999,0,user_15,954,954,6533
6556,44,310000,13900,user_16,954,954,
6579,45,300000,0,user_34,954,954,
6559,46,220000,128000,user_16,954,954,
6575,47,220000,0,user_33,954,954,
6557,48,160000,0,user_16,954,954,
6583,49,160000,0,user_37,954,954,
6590,50,150000,0,user_44,954,954,
6573,51,110000,381000,user_28,954,954,
6586,52,110000,0,user_40,954,954,
6591,53,110000,39400,user_45,954,954,
6563,54,77000,0,user_19,954,954,
6582,55,70000,0,user_37,954,954,
6634,0,30000000,0,user_37,955,955,
6617,1,19000000,0,user_22,955,955,
6630,2,19000000,0,user_36,955,955,
6602,3,5000000,0,user_6,955,955,
6621,4,3500000,0,user_29,955,955,
6636,5,3500000,0,user_37,955,955,
6600,6,2600000,0,user_6,955,955,
6605,7,2600000,0,user_8,955,955,
6610,8,2600000,0,user_17,955,955,
6646,9,2600000,34700,user_44,955,955,
6596,10,2100000,0,user_1,955,955,
6620,11,2000000,0,user_28,955,955,
6642,12,2000000,510000,user_42,955,955,
6624,13,1900000,350000,user_31,955,955,
6609,14,1800000,16400,user_15,955,955,
6632,15,1600000,0,user_37,955,955,
6626,16,1500000,0,user_33,955,955,
6653,17,1400000,33300,user_49,955,955,
6615,18,1300000,0,user_22,955,955,
6606,19,1100000,0,user_11,955,955,
6623,20,1100000,0,user_30,955,955,
6650,21,1100000,64600,user_46,955,955,
6654,22,970000,0,user_49,955,955,
6601,23,910000,0,user_6,955,955,
6613,24,910000,283000,user_22,955,955,
6647,25,910000,0,user_44,955,955,
6629,26,670000,13900,user_35,955,955,
6599,27,630000,0,user_5,955,955,
6598,28,600000,0,user_4,955,955,
6638,29,470000,0,user_38,955,955,
6639,30,460000,0,user_39,955,955,
6597,31,420000,0,user_1,955,955,
6603,32,370000,0,user_6,955,955,
6633,33,360000,0,user_37,955,955,
6648,34,260000,0,user_45,955,955,
6643,35,160000,0,user_42,955,955,
6645,36,160000,0,user_42,955,955,
6644,37,150000,0,user_42,955,955,
6649,38,150000,0,user_45,955,955,
6612,39,120000,0,user_21,955,955,
6627,40,120000,0,user_35,955,955,
6635,41,120000,16400,user_37,955,955,
6641,42,120000,0,user_41,955,955,
6651,43,120000,0,user_47,955,955,
6616,44,110000,0,user_22,955,955,
6622,45,110000,0,user_29,955,955,
6608,46,85000,0,user_15,955,955,
6618,47,85000,0,user_23,955,955,
6614,48,84000,0,user_22,955,955,
6619,49,84000,0,user_28,955,955,
6611,50,83000,0,user_20,955,955,
6637,51,83000,5630,user_38,955,955,
6631,52,82000,0,user_36,955,955,
6607,53,77000,0,user_14,955,955,
6628,54,73000,0,user_35,955,955,
6677,0,43000000,13900,user_23,956,956,
6678,1,19000000,0,user_24,956,956,
6695,2,5200000,0,user_34,956,956,
6699,3,5200000,0,user_38,956,956,
6681,4,3500000,0,user_25,956,956,
6657,5,3200001,0,user_1,956,956,6656
6658,6,3200001,0,user_1,956,956,6656
6661,7,3200001,0,user_2,956,956,6656
6665,8,3200001,0,user_5,956,956,6656
6669,9,3200001,0,user_14,956,956,6656
6656,10,3200000,31700,user_0,956,956,
6659,11,3199999,0,user_1,956,956,6656
6660,12,3199999,0,user_1,956,956,6656
6662,13,3199999,0,user_3,956,956,6656
6663,14,3199999,0,user_4,956,956,6656
6664,15,3199999,0,user_5,956,956,6656
6666,16,3199999,0,user_10,956,956,6656
6667,17,3199999,0,user_11,956,956,6656
6668,18,3199999,0,user_13,956,956,6656
6687,19,2500000,0,user_27,956,956,
6691,20,2300000,0,user_31,956,956,
6655,21,2000000,0,user_0,956,956,
6686,22,2000000,0,user_27,956,956,
6673,23,1900000,0,user_18,956,956,
6682,24,1800000,0,user_26,956,956,
6693,25,1800000,0,user_32,956,956,
6685,26,1600000,0,user_27,956,956,
6670,27,1200000,0,user_16,956,956,
6705,28,1100000,0,user_49,956,956,
6675,29,1000000,0,user_21,956,956,
6683,30,670000,0,user_26,956,956,
6680,31,600000,0,user_25,956,956,
6704,32,470000,0,user_49,956,956,
6688,33,320000,0,user_28,956,956,
6690,34,310000,0,user_29,956,956,
6684,35,260000,0,user_27,956,956,
6689,36,260000,0,user_28,956,956,
6692,37,260000,0,user_31,956,956,
6702,38,260000,0,user_44,956,956,
6679,39,150000,0,user_24,956,956,
6671,40,130000,0,user_17,956,956,
6703,41,130000,0,user_45,956,956,
6700,42,110000,0,user_39,956,956,
6701,43,98000,0,user_42,956,956,
6676,44,87000,0,user_22,956,956,
6698,45,84000,0,user_37,956,956,
6672,46,83000,322000,user_17,956,956,
6674,47,79000,39400,user_18,956,956,
6694,48,77000,11200,user_32,956,956,
6710,0,6300000,0,user_3,957,957,
6725,1,6300000,283000,user_20,957,957,
6733,2,6300000,0,user_26,957,957,
6734,3,5200000,0,user_30,957,957,
6754,4,5200000,0,user_47,957,957,
6737,5,2600000,0,user_32,957,957,
6728,6,2400000,15700,user_23,957,957,
6749,7,2100000,0,user_42,957,957,
6723,8,2000000,0,user_18,957,957,
6741,9,2000000,13900,user_34,957,957,
6745,10,2000000,0,user_38,957,957,
6735,11,1500000,0,user_31,957,957,
6736,12,1500000,7840,user_32,957,957,
6726,13,1400000,0,user_21,957,957,
6713,14,1300001,0,user_8,957,957,6712
6715,15,1300001,0,user_10,957,957,6712
6712,16,1300000,13800,user_7,957,957,
6714,17,1299999,0,user_9,957,957,6712
6716,18,1299999,0,user_10,957,957,6712
6717,19,1299999,0,user_12,957,957,6712
6718,20,1299999,0,user_13,957,957,6712
6719,21,1299999,0,user_13,957,957,6712
6720,22,1299999,0,user_15,957,957,6712
6707,23,1100000,0,user_1,957,957,
6706,24,870000,0,user_0,957,957,
6727,25,670000,5180,user_22,957,957,
6729,26,630000,11200,user_23,957,957,
6724,27,530000,17000,user_20,957,957,
6722,28,470000,49100,user_17,957,957,
6739,29,460000,0,user_33,957,957,
6753,30,460000,0,user_46,957,957,
6730,31,420000,0,user_24,957,957,
6708,32,300000,0,user_1,957,957,
6738,33,240000,0,user_32,957,957,
6748,34,220000,0,user_42,957,957,
6751,35,220000,0,user_45,957,957,
6721,36,170000,0,user_16,957,957,
6744,37,150000,0,user_37,957,957,
6746,38,130000,0,user_39,957,957,
6743,39,120000,0,user_36,957,957,
6752,40,120000,0,user_46,957,957,
6709,41,110000,0,user_2,957,957,
6732,42,110000,0,user_26,957,957,
6740,43,110000,0,user_34,957,957,
6750,44,110000,0,user_44,957,957,
6742,45,85000,0,user_35,957,957,
6755,46,82000,0,user_49,957,957,
6747,47,73000,0,user_39,957,957,
6789,0,30000000,0,user_30,958,958,
6779,1,27000000,35600,user_21,958,958,
6798,2,27000000,0,user_38,958,958,
6794,3,6100000,0,user_33,958,958,
6758,4,4200001,0,user_2,958,958,6757
6761,5,4200001,0,user_4,958,958,6757
6762,6,4200001,0,user_6,958,958,6757
6769,7,4200001,0,user_10,958,958,6757
6771,8,4200001,0,user_10,958,958,6757
6775,9,4200001,0,user_15,958,958,6757
6757,10,4200000,108000,user_1,958,958,
6759,11,4199999,0,user_2,958,958,6757
6760,12,4199999,0,user_2,958,958,6757
6764,13,4199999,0,user_8,958,958,6757
6765,14,4199999,0,user_9,958,958,6757
6766,15,4199999,0,user_9,958,958,6757
6767,16,4199999,0,user_10,958,958,6757
6768,17,4199999,0,user_10,958,958,6757
6770,18,4199999,0,user_10,958,958,6757
6772,19,4199999,0,user_13,958,958,6757
6773,20,4199999,0,user_14,958,958,6757
6774,21,4199999,0,user_14,958,958,6757
6795,22,3200000,0,user_35,958,958,
6796,23,2000000,0,user_36,958,958,
6804,24,1900000,0,user_45,958,958,
6790,25,1300000,0,user_30,958,958,
6803,26,1300000,0,user_44,958,958,
6782,27,1100000,15700,user_22,958,958,
6801,28,1100000,0,user_42,958,958,
6807,29,630000,0,user_49,958,958,
6780,30,420000,13900,user_21,958,958,
6793,31,420000,0,user_33,958,958,
6778,32,300000,0,user_20,958,958,
6787,33,260000,0,user_28,958,958,
6806,34,260000,0,user_49,958,958,
6783,35,170000,0,user_23,958,958,
6786,36,170000,0,user_27,958,958,
6791,37,150000,0,user_30,958,958,
6756,38,120000,0,user_0,958,958,
6788,39,120000,0,user_29,958,958,
6797,40,120000,0,user_37,958,958,
6802,41,100000,0,user_43,958,958,
6781,42,98000,67900,user_21,958,958,
6785,43,98000,0,user_27,958,958,
6800,44,85000,0,user_41,958,958,
6776,45,80000,0,user_16,958,958,
6777,46,80000,0,user_18,958,958,
6832,0,6300000,66100,user_24,959,959,
6834,1,6100000,0,user_26,959,959,
6849,2,5200000,0,user_44,959,959,
6850,3,2400000,30200,user_45,959,959,
6842,4,2000000,0,user_34,959,959,
6838,5,1900000,139000,user_30,959,959,
6808,6,1700000,0,user_0,959,959,
6845,7,1500000,0,user_37,959,959,
6810,8,1400000,0,user_3,959,959,
6825,9,1400000,594000,user_19,959,959,
6840,10,1000000,164000,user_33,959,959,
6823,11,870000,30200,user_17,959,959,
6835,12,670000,0,user_26,959,959,
6824,13,460000,0,user_18,959,959,
6844,14,420000,24700,user_36,959,959,
6841,15,370000,0,user_33,959,959,
6830,16,360000,0,user_23,959,959,
6812,17,350001,0,user_5,959,959,6811
6813,18,350001,0,user_5,959,959,6811
6815,19,350001,0,user_7,959,959,6811
6818,20,350001,0,user_11,959,959,6811
6819,21,350001,0,user_12,959,959,6811
6820,22,350001,0,user_13,959,959,6811
6811,23,350000,195000,user_4,959,959,
6814,24,349999,0,user_6,959,959,6811
6817,25,349999,0,user_11,959,959,6811
6821,26,349999,0,user_15,959,959,6811
6822,27,349999,0,user_15,959,959,6811
6831,28,310000,0,user_24,959,959,
6839,29,220000,0,user_31,959,959,
6851,30,220000,0,user_46,959,959,
6836,31,160000,0,user_27,959,959,
6846,32,160000,7840,user_39,959,959,
6852,33,150000,0,user_49,959,959,
6837,34,130000,0,user_29,959,959,
6827,35,110000,0,user_21,959,959,
6828,36,110000,0,user_22,959,959,
6826,37,85000,0,user_20,959,959,
6809,38,79000,0,user_1,959,959,
6829,39,77000,0,user_23,959,959,
6833,40,73000,0,user_25,959,959,
6848,41,73000,12300,user_43,959,959,
6893,0,43000000,0,user_35,960,960,
6885,1,6300000,0,user_26,960,960,
6881,2,6100000,0,user_23,960,960,
6882,3,4500000,0,user_24,960,960,
6891,4,3600000,0,user_35,960,960,
6876,5,2300000,21800,user_19,960,960,
6890,6,2100000,0,user_35,960,960,
6895,7,2000000,0,user_36,960,960,
6887,8,1800000,34700,user_31,960,960,
6875,9,1000000,0,user_19,960,960,
6892,10,1000000,0,user_35,960,960,
6896,11,1000000,215000,user_36,960,960,
6897,12,910000,0,user_37,960,960,
6883,13,870000,0,user_26,960,960,
6889,14,420000,0,user_33,960,960,
6873,15,300000,0,user_18,960,960,
6901,16,300000,16400,user_41,960,960,
6902,17,300000,0,user_43,960,960,
6878,18,240000,0,user_21,960,960,
6898,19,240000,0,user_38,960,960,
6900,20,240000,0,user_40,960,960,
6880,21,220000,0,user_22,960,960,
6899,22,220000,0,user_39,960,960,
6877,23,190000,0,user_20,960,960,
6884,24,160000,0,user_26,960,960,
6886,25,150000,35600,user_29,960,960,
6879,26,110000,13900,user_22,960,960,
6894,27,110000,0,user_35,960,960,
6857,28,98001,0,user_5,960,960,6855
6860,29,98001,0,user_7,960,960,6855
6861,30,98001,0,user_8,960,960,6855
6863,31,98001,0,user_10,960,960,6855
6864,32,98001,0,user_11,960,960,6855
6865,33,98001,0,user_11,960,960,6855
6867,34,98001,0,user_14,960,960,6855
6869,35,98001,0,user_14,960,960,6855
6855,36,98000,510000,user_3,960,960,
6856,37,97999,0,user_4,960,960,6855
6858,38,97999,0,user_5,960,960,6855
6859,39,97999,0,user_6,960,960,6855
6862,40,97999,0,user_9,960,960,6855
6868,41,97999,0,user_14,960,960,6855
6870,42,97999,0,user_14,960,960,6855
6871,43,97999,0,user_15,960,960,6855
6903,44,85000,0,user_43,960,960,
6872,45,79000,0,user_16,960,960,
6874,46,73000,0,user_19,960,960,
6911,0,19000000,0,user_6,961,961,
6914,1,6300000,0,user_9,961,961,
6918,2,6300000,0,user_13,961,961,
6910,3,5200000,0,user_5,961,961,
6937,4,5200000,0,user_30,961,961,
6913,5,5000000,0,user_8,961,961,
6919,6,5000000,0,user_15,961,961,
6920,7,4500000,0,user_16,961,961,
6940,8,4200000,0,user_33,961,961,
6943,9,3600000,0,user_35,961,961,
6957,10,2600000,0,user_45,961,961,
6955,11,2100000,322000,user_43,961,961,
6926,12,2000000,0,user_21,961,961,
6954,13,1800000,0,user_42,961,961,
6908,14,1500000,0,user_4,961,961,
6949,15,1500000,0,user_38,961,961,
6942,16,1400000,0,user_34,961,961,
6934,17,1200000,16400,user_27,961,961,
6933,18,1000000,0,user_25,961,961,
6948,19,1000000,0,user_37,961,961,
6961,20,870000,34700,user_49,961,961,
6958,21,670000,0,user_47,961,961,
6953,22,660000,5630,user_42,961,961,
6959,23,660000,0,user_47,961,961,
6941,24,650000,0,user_33,961,961,
6906,25,530000,0,user_1,961,961,
6909,26,370000,0,user_5,961,961,
6925,27,340000,0,user_18,961,961,
6950,28,320000,0,user_38,961,961,
6915,29,310000,0,user_11,961,961,
6921,30,260000,161000,user_16,961,961,
6952,31,260000,0,user_39,961,961,
6931,32,220000,0,user_25,961,961,
6956,33,170000,0,user_44,961,961,
6907,34,150000,0,user_3,961,961,
6930,35,150000,42000,user_25,961,961,
6935,36,150000,0,user_28,961,961,
6923,37,130000,0,user_17,961,961,
6945,38,120000,0,user_37,961,961,
6924,39,110000,60700,user_18,961,961,
6932,40,110000,0,user_25,961,961,
6929,41,98000,0,user_25,961,961,
6922,42,87000,12300,user_16,961,961,
6944,43,87000,0,user_35,961,961,
6936,44,84000,0,user_29,961,961,
6946,45,83000,0,user_37,961,961,
6951,46,83000,0,user_39,961,961,
6947,47,77000,0,user_37,961,961,
6912,48,70000,0,user_8,961,961,
6988,0,27000000,0,user_30,962,962,
6993,1,5000000,60700,user_31,962,962,
6962,2,4200000,0,user_0,962,962,
7003,3,3200000,0,user_42,962,962,
6992,4,2300000,24700,user_31,962,962,
7008,5,2300000,0,user_45,962,962,
6995,6,2000000,0,user_33,962,962,
6997,7,1900000,0,user_36,962,962,
6967,8,1700000,0,user_3,962,962,
6982,9,1700000,0,user_28,962,962,
6990,10,1700000,0,user_31,962,962,
6979,11,1600000,0,user_23,962,962,
6963,12,1500000,0,user_0,962,962,
6980,13,1500000,195000,user_26,962,962,
7000,14,1500000,18600,user_39,962,962,
6987,15,1100000,0,user_29,962,962,
6996,16,1000000,0,user_34,962,962,
7001,17,1000000,0,user_40,962,962,
6966,18,970000,0,user_2,962,962,
6994,19,630000,0,user_32,962,962,
6964,20,470000,0,user_1,962,962,
6977,21,370000,73100,user_21,962,962,
6975,22,350000,0,user_17,962,962,
6983,23,310000,0,user_29,962,962,
6965,24,300000,0,user_1,962,962,
6986,25,220000,15100,user_29,962,962,
7002,26,220000,19700,user_40,962,962,
7004,27,220000,0,user_42,962,962,
6985,28,160000,0,user_29,962,962,
6998,29,160000,350000,user_37,962,962,
6976,30,150000,0,user_18,962,962,
6999,31,150000,0,user_38,962,962,
7009,32,120000,1100000,user_46,962,962,
6978,33,110000,0,user_23,962,962,
7005,34,110000,0,user_45,962,962,
7006,35,110000,46500,user_45,962,962,
7007,36,87000,0,user_45,962,962,
6981,37,83000,5630,user_27,962,962,
6984,38,83000,779000,user_29,962,962,
6989,39,83000,0,user_31,962,962,
6991,40,82000,0,user_31,962,962,
6971,41,77001,0,user_10,962,962,6968
6973,42,77001,0,user_14,962,962,6968
6974,43,76999,0,user_15,962,962,6968
7034,0,27000000,0,user_19,963,963,
7048,1,6100000,0,user_37,963,963,
7033,2,5000000,0,user_19,963,963,
7029,3,3600000,23500,user_18,963,963,
7011,4,2600000,0,user_0,963,963,
7050,5,2100000,0,user_38,963,963,
7055,6,2000000,0,user_44,963,963,
7063,7,2000000,0,user_49,963,963,
7056,8,1900000,0,user_45,963,963,
7053,9,1800000,43600,user_42,963,963,
7038,10,1500000,0,user_27,963,963,
7039,11,1500000,12800,user_28,963,963,
7059,12,1500000,0,user_48,963,963,
7054,13,1400000,0,user_43,963,963,
7040,14,1300000,3130,user_29,963,963,
7030,15,1200000,0,user_19,963,963,
7012,16,1100000,0,user_2,963,963,
7026,17,1100000,0,user_16,963,963,
7058,18,1100000,164000,user_47,963,963,
7060,19,1000000,0,user_48,963,963,
7061,20,970000,0,user_48,963,963,
7018,21,660001,0,user_10,963,963,7013
7019,22,660001,0,user_10,963,963,7013
7020,23,660001,0,user_12,963,963,7013
7021,24,660001,0,user_12,963,963,7013
7022,25,660001,0,user_12,963,963,7013
7024,26,660001,0,user_14,963,963,7013
7013,27,660000,11200,user_3,963,963,
7014,28,659999,0,user_4,963,963,7013
7015,29,659999,0,user_5,963,963,7013
7016,30,659999,0,user_6,963,963,7013
7023,31,659999,0,user_12,963,963,7013
7025,32,659999,0,user_15,963,963,7013
7047,33,370000,12300,user_36,963,963,
7046,34,350000,322000,user_36,963,963,
7057,35,340000,0,user_47,963,963,
7037,36,320000,0,user_22,963,963,
7042,37,310000,0,user_31,963,963,
7027,38,260000,67500,user_16,963,963,
7031,39,260000,128000,user_19,963,963,
7036,40,240000,0,user_20,963,963,
7051,41,150000,0,user_41,963,963,
7035,42,130000,0,user_20,963,963,
7028,43,120000,31700,user_17,963,963,
7032,44,120000,0,user_19,963,963,
7043,45,120000,0,user_33,963,963,
7052,46,120000,0,user_42,963,963,
7049,47,100000,0,user_37,963,963,
7010,48,83000,0,user_0,963,963,
7041,49,83000,0,user_30,963,963,
7062,50,73000,10700,user_48,963,963,
7070,0,27000000,0,user_5,964,964,
7072,1,6100000,0,user_6,964,964,
7107,2,6100000,31700,user_40,964,964,
7084,3,5200000,0,user_18,964,964,
7092,4,5200000,0,user_25,964,964,
7105,5,4500000,43600,user_35,964,964,
7114,6,3200000,10700,user_46,964,964,
7089,7,2300000,17700000,user_22,964,964,
7086,8,2000000,0,user_20,964,964,
7099,9,2000000,67900,user_29,964,964,
7093,10,1900000,56200,user_25,964,964,
7104,11,1600000,0,user_34,964,964,
7083,12,1500000,0,user_16,964,964,
7095,13,1500000,0,user_26,964,964,
7091,14,1400000,0,user_24,964,964,
7094,15,1300000,33100,user_26,964,964,
7066,16,1200000,0,user_0,964,964,
7101,17,1000000,13800,user_31,964,964,
7069,18,970000,0,user_5,964,964,
7106,19,970000,0,user_38,964,964,
7096,20,910000,0,user_27,964,964,
7102,21,910000,43600,user_32,964,964,
7097,22,670000,49100,user_27,964,964,
7098,23,630000,0,user_28,964,964,
7112,24,630000,0,user_44,964,964,
7090,25,460000,322000,user_23,964,964,
7113,26,420000,0,user_45,964,964,
7108,27,310000,0,user_42,964,964,
7075,28,260001,0,user_9,964,964,7074
7082,29,260001,0,user_15,964,964,7074
7074,30,260000,35600,user_7,964,964,
7076,31,259999,0,user_11,964,964,7074
7077,32,259999,0,user_13,964,964,7074
7078,33,259999,0,user_13,964,964,7074
7079,34,259999,0,user_13,964,964,7074
7080,35,259999,0,user_13,964,964,7074
7081,36,259999,0,user_14,964,964,7074
7065,37,160000,0,user_0,964,964,
7071,38,150000,0,user_6,964,964,
7085,39,150000,0,user_19,964,964,
7111,40,120000,0,user_44,964,964,
7088,41,110000,0,user_22,964,964,
7073,42,100000,0,user_7,964,964,
7068,43,85000,0,user_2,964,964,
7064,44,84000,0,user_0,964,964,
7155,0,43000000,13800,user_39,965,965,
7159,1,19000000,0,user_42,965,965,
7152,2,6300000,0,user_35,965,965,
7151,3,5200000,0,user_31,965,965,
7123,4,5000000,0,user_8,965,965,
7167,5,4500000,0,user_48,965,965,
7145,6,4200000,0,user_28,965,965,
7117,7,3600000,0,user_1,965,965,
7121,8,2300000,0,user_6,965,965,
7157,9,2000000,10700,user_41,965,965,
7164,10,1900000,32900,user_45,965,965,
7154,11,1800000,0,user_37,965,965,
7163,12,1800000,71800,user_45,965,965,
7119,13,1600000,0,user_3,965,965,
7156,14,1600000,71800,user_40,965,965,
7146,15,1400000,0,user_28,965,965,
7160,16,1400000,15300,user_43,965,965,
7144,17,1100000,0,user_28,965,965,
7162,18,1000000,0,user_44,965,965,
7165,19,1000000,0,user_47,965,965,
7141,20,870000,0,user_25,965,965,
7161,21,670000,195000,user_44,965,965,
7148,22,650000,0,user_29,965,965,
7129,23,630001,0,user_13,965,965,7125
7131,24,630001,0,user_14,965,965,7125
7125,25,630000,5630,user_10,965,965,
7127,26,629999,0,user_12,965,965,7125
7128,27,629999,0,user_12,965,965,7125
7130,28,629999,0,user_13,965,965,7125
7132,29,629999,0,user_14,965,965,7125
7153,30,420000,75000,user_36,965,965,
7137,31,360000,0,user_21,965,965,
7134,32,350000,13900,user_19,965,965,
7136,33,320000,19700,user_20,965,965,
7140,34,310000,0,user_24,965,965,
7168,35,310000,0,user_49,965,965,
7166,36,160000,0,user_47,965,965,
7120,37,150000,0,user_4,965,965,
7135,38,150000,64600,user_19,965,965,
7124,39,120000,0,user_8,965,965,
7143,40,120000,0,user_27,965,965,
7147,41,120000,0,user_28,965,965,
7122,42,110000,0,user_6,965,965,
7142,43,100000,16400,user_26,965,965,
7118,44,82000,0,user_3,965,965,
7158,45,79000,0,user_41,965,965,
7222,0,43000000,0,user_37,966,966,
7175,1,30000000,0,user_6,966,966,
7213,2,30000000,0,user_27,966,966,
7229,3,5200000,0,user_45,966,966,
7228,4,4500000,0,user_40,966,966,
7232,5,4500000,56200,user_49,966,966,
7177,6,3600000,0,user_6,966,966,
7196,7,2600000,0,user_16,966,966,
7203,8,2600000,24700,user_18,966,966,
7223,9,2600000,231000,user_37,966,966,
7199,10,2500000,0,user_17,966,966,
7226,11,2500000,0,user_39,966,966,
7174,12,2400000,0,user_5,966,966,
7204,13,1900000,0,user_18,966,966,
7216,14,1900000,0,user_30,966,966,
7201,15,1700000,0,user_17,966,966,
7180,16,1500001,0,user_9,966,966,7179
7183,17,1500001,0,user_9,966,966,7179
7184,18,1500001,0,user_9,966,966,7179
7187,19,1500001,0,user_13,966,966,7179
7188,20,1500001,0,user_13,966,966,7179
7190,21,1500001,0,user_13,966,966,7179
7193,22,1500001,0,user_15,966,966,7179
7194,23,1500001,0,user_15,966,966,7179
7179,24,1500000,146000,user_8,966,966,
7205,25,1500000,231000,user_19,966,966,
7210,26,1500000,0,user_26,966,966,
7220,27,1500000,0,user_35,966,966,
7181,28,1499999,0,user_9,966,966,7179
7182,29,1499999,0,user_9,966,966,7179
7186,30,1499999,0,user_12,966,966,7179
7189,31,1499999,0,user_13,966,966,7179
7191,32,1499999,0,user_13,966,966,7179
7195,33,1499999,0,user_15,966,966,7179
7171,34,1400000,0,user_3,966,966,
7197,35,1000000,0,user_16,966,966,
7217,36,870000,0,user_30,966,966,
7225,37,870000,0,user_38,966,966,
7207,38,650000,0,user_23,966,966,
7176,39,530000,0,user_6,966,966,
7227,40,370000,0,user_40,966,966,
7221,41,360000,0,user_36,966,966,
7206,42,350000,0,user_21,966,966,
7208,43,350000,0,user_23,966,966,
7231,44,320000,959000,user_48,966,966,
7224,45,300000,71800,user_38,966,966,
7212,46,170000,0,user_26,966,966,
7169,47,160000,0,user_0,966,966,
7198,48,160000,0,user_17,966,966,
7209,49,160000,0,user_25,966,966,
7211,50,160000,0,user_26,966,966,
7178,51,120000,0,user_7,966,966,
7218,52,110000,0,user_33,966,966,
7172,53,79000,0,user_3,966,966,
7219,54,79000,0,user_34,966,966,
7202,55,77000,0,user_17,966,966,
7200,56,73000,0,user_17,966,966,
7284,0,43000000,0,user_34,967,967,
7290,1,27000000,0,user_40,967,967,
7294,2,27000000,769000,user_44,967,967,
7272,3,3600000,0,user_25,967,967,
7297,4,2500000,23500,user_48,967,967,
7263,5,2400000,0,user_20,967,967,
7237,6,2300001,0,user_4,967,967,7235
7241,7,2300001,0,user_7,967,967,7235
7242,8,2300001,0,user_8,967,967,7235
7243,9,2300001,0,user_9,967,967,7235
7244,10,2300001,0,user_9,967,967,7235
7246,11,2300001,0,user_10,967,967,7235
7247,12,2300001,0,user_10,967,967,7235
7248,13,2300001,0,user_10,967,967,7235
7254,14,2300001,0,user_15,967,967,7235
7235,15,2300000,14200,user_2,967,967,
7238,16,2299999,0,user_4,967,967,7235
7239,17,2299999,0,user_5,967,967,7235
7240,18,2299999,0,user_6,967,967,7235
7245,19,2299999,0,user_10,967,967,7235
7249,20,2299999,0,user_10,967,967,7235
7250,21,2299999,0,user_13,967,967,7235
7251,22,2299999,0,user_13,967,967,7235
7252,23,2299999,0,user_13,967,967,7235
7253,24,2299999,0,user_13,967,967,7235
7255,25,2299999,0,user_15,967,967,7235
7289,26,2000000,256000,user_39,967,967,
7277,27,1900000,0,user_29,967,967,
7288,28,1900000,0,user_38,967,967,
7268,29,1700000,139000,user_22,967,967,
7270,30,1600000,0,user_24,967,967,
7280,31,1600000,67500,user_29,967,967,
7279,32,1400000,0,user_29,967,967,
7273,33,1300000,0,user_26,967,967,
7259,34,1000000,0,user_18,967,967,
7278,35,1000000,7190000,user_29,967,967,
7256,36,910000,17000,user_16,967,967,
7267,37,910000,0,user_22,967,967,
7269,38,670000,0,user_23,967,967,
7295,39,420000,100000,user_45,967,967,
7233,40,360000,0,user_0,967,967,
7274,41,310000,0,user_28,967,967,
7276,42,310000,0,user_29,967,967,
7287,43,260000,0,user_38,967,967,
7292,44,220000,0,user_42,967,967,
7257,45,170000,369000,user_17,967,967,
7260,46,160000,0,user_19,967,967,
7285,47,150000,0,user_35,967,967,
7261,48,120000,0,user_20,967,967,
7262,49,120000,0,user_20,967,967,
7265,50,100000,21800,user_20,967,967,
7286,51,100000,0,user_37,967,967,
7275,52,82000,15700,user_28,967,967,
7264,53,80000,0,user_20,967,967,
7271,54,79000,0,user_25,967,967,
7258,55,70000,0,user_17,967,967,
7331,0,30000000,0,user_29,968,968,
7345,1,27000000,23500,user_48,968,968,
7335,2,5200000,0,user_33,968,968,
7313,3,2600000,0,user_16,968,968,
7326,4,2500000,42000,user_24,968,968,
7306,5,2400001,0,user_3,968,968,7305
7307,6,2400001,0,user_5,968,968,7305
7309,7,2400001,0,user_8,968,968,7305
7310,8,2400001,0,user_10,968,968,7305
7311,9,2400001,0,user_12,968,968,7305
7312,10,2400001,0,user_14,968,968,7305
7305,11,2400000,47700,user_2,968,968,
7330,12,2400000,0,user_28,968,968,
7308,13,2399999,0,user_6,968,968,7305
7342,14,2300000,0,user_44,968,968,
7339,15,2000000,0,user_37,968,968,
7303,16,1500000,0,user_2,968,968,
7324,17,1500000,0,user_23,968,968,
7332,18,1500000,0,user_31,968,968,
7333,19,1500000,19700,user_31,968,968,
7338,20,1500000,0,user_37,968,968,
7320,21,1300000,0,user_20,968,968,
7318,22,1100000,0,user_17,968,968,
7337,23,1000000,0,user_35,968,968,
7319,24,970000,0,user_19,968,968,
7317,25,910000,0,user_16,968,968,
7321,26,910000,0,user_20,968,968,
7322,27,910000,0,user_21,968,968,
7328,28,630000,0,user_26,968,968,
7340,29,420000,0,user_39,968,968,
7327,30,220000,0,user_26,968,968,
7301,31,170000,0,user_2,968,968,
7302,32,170000,0,user_2,968,968,
7304,33,170000,0,user_2,968,968,
7341,34,160000,0,user_41,968,968,
7316,35,110000,18600,user_16,968,968,
7323,36,110000,0,user_22,968,968,
7325,37,110000,0,user_24,968,968,
7314,38,98000,0,user_16,968,968,
7315,39,82000,410000,user_16,968,968,
7348,0,30000001,0,user_2,969,969,7347
7350,1,30000001,0,user_4,969,969,7347
7352,2,30000001,0,user_4,969,969,7347
7353,3,30000001,0,user_5,969,969,7347
7355,4,30000001,0,user_7,969,969,7347
7358,5,30000001,0,user_11,969,969,7347
7360,6,30000001,0,user_12,969,969,7347
7361,7,30000001,0,user_13,969,969,7347
7362,8,30000001,0,user_15,969,969,7347
7347,9,30000000,12300,user_1,969,969,
7377,10,30000000,0,user_24,969,969,
7349,11,29999999,0,user_4,969,969,7347
7351,12,29999999,0,user_4,969,969,7347
7354,13,29999999,0,user_6,969,969,7347
7356,14,29999999,0,user_8,969,969,7347
7357,15,29999999,0,user_9,969,969,7347
7359,16,29999999,0,user_11,969,969,7347
7368,17,19000000,0,user_20,969,969,
7391,18,6100000,0,user_34,969,969,
7372,19,5000000,296000,user_23,969,969,
7397,20,3600000,0,user_38,969,969,
7394,21,3500000,0,user_36,969,969,
7399,22,3500000,17700000,user_40,969,969,
7395,23,3200000,181000,user_36,969,969,
7373,24,2600000,0,user_23,969,969,
7378,25,2400000,0,user_24,969,969,
7406,26,2300000,0,user_49,969,969,
7371,27,1400000,49100,user_23,969,969,
7393,28,1200000,0,user_36,969,969,
7385,29,970000,0,user_28,969,969,
7364,30,910000,0,user_17,969,969,
7369,31,870000,0,user_21,969,969,
7390,32,870000,0,user_32,969,969,
7367,33,660000,0,user_19,969,969,
7403,34,660000,0,user_46,969,969,
7379,35,320000,8520,user_24,969,969,
7404,36,320000,0,user_46,969,969,
7392,37,310000,0,user_35,969,969,
7402,38,310000,0,user_45,969,969,
7363,39,220000,0,user_17,969,969,
7396,40,220000,0,user_37,969,969,
7374,41,170000,0,user_23,969,969,
7400,42,170000,0,user_43,969,969,
7376,43,160000,0,user_24,969,969,
7366,44,130000,0,user_17,969,969,
7375,45,87000,0,user_23,969,969,
7401,46,87000,71800,user_44,969,969,
7365,47,84000,215000,user_17,969,969,
7370,48,77000,0,user_22,969,969,
7469,0,6300000,0,user_47,970,970,
7443,1,5200000,0,user_28,970,970,
7453,2,5200000,0,user_32,970,970,
7433,3,5000000,0,user_18,970,970,
7434,4,5000000,0,user_19,970,970,
7441,5,5000000,0,user_26,970,970,
7440,6,3500000,66100,user_25,970,970,
7456,7,3500000,0,user_34,970,970,
7432,8,2500000,510000,user_17,970,970,
7444,9,2300000,49100,user_28,970,970,
7446,10,2100000,769000,user_29,970,970,
7467,11,2000000,0,user_44,970,970,
7439,12,1900000,0,user_23,970,970,
7462,13,1800000,0,user_37,970,970,
7448,14,1600000,0,user_29,970,970,
7414,15,1400001,0,user_3,970,970,7411
7415,16,1400001,0,user_4,970,970,7411
7416,17,1400001,0,user_4,970,970,7411
7417,18,1400001,0,user_5,970,970,7411
7420,19,1400001,0,user_6,970,970,7411
7421,20,1400001,0,user_7,970,970,7411
7424,21,1400001,0,user_10,970,970,7411
7425,22,1400001,0,user_11,970,970,7411
7428,23,1400001,0,user_14,970,970,7411
7430,24,1400001,0,user_15,970,970,7411
7411,25,1400000,32900,user_1,970,970,
7412,26,1399999,0,user_1,970,970,7411
7413,27,1399999,0,user_2,970,970,7411
7418,28,1399999,0,user_5,970,970,7411
7419,29,1399999,0,user_6,970,970,7411
7426,30,1399999,0,user_12,970,970,7411
7427,31,1399999,0,user_14,970,970,7411
7429,32,1399999,0,user_15,970,970,7411
7468,33,1100000,12800,user_46,970,970,
7463,34,1000000,0,user_38,970,970,
7450,35,420000,0,user_30,970,970,
7431,36,370000,0,user_16,970,970,
7438,37,370000,0,user_23,970,970,
7408,38,360000,0,user_0,970,970,
7454,39,310000,0,user_33,970,970,
7459,40,310000,0,user_36,970,970,
7461,41,310000,23500,user_37,970,970,
7460,42,300000,0,user_36,970,970,
7464,43,300000,0,user_42,970,970,
7435,44,220000,0,user_20,970,970,
7447,45,220000,0,user_29,970,970,
7465,46,220000,0,user_42,970,970,
7445,47,170000,0,user_29,970,970,
7452,48,160000,0,user_31,970,970,
7436,49,150000,0,user_21,970,970,
7437,50,150000,68100,user_21,970,970,
7458,51,150000,0,user_34,970,970,
7470,52,120000,0,user_49,970,970,
7455,53,110000,0,user_34,970,970,
7466,54,110000,0,user_44,970,970,
7407,55,98000,0,user_0,970,970,
7410,56,98000,0,user_0,970,970,
7449,57,85000,71800,user_29,970,970,
7451,58,80000,0,user_30,970,970,
7457,59,79000,0,user_34,970,970,
7409,60,77000,0,user_0,970,970,
7442,61,77000,256000,user_26,970,970,
7496,0,19000000,0,user_32,971,971,
7498,1,6100000,15300,user_35,971,971,
7492,2,5200000,0,user_27,971,971,
7485,3,5000000,0,user_17,971,971,
7488,4,2500000,0,user_21,971,971,
7489,5,2300000,0,user_22,971,971,
7493,6,2100000,0,user_28,971,971,
7504,7,1900000,4320000,user_44,971,971,
7486,8,1300000,0,user_18,971,971,
7499,9,1100000,0,user_36,971,971,
7503,10,870000,46500,user_43,971,971,
7490,11,630000,0,user_25,971,971,
7502,12,460000,0,user_40,971,971,
7487,13,350000,0,user_21,971,971,
7495,14,220000,0,user_31,971,971,
7497,15,190000,0,user_34,971,971,
7501,16,150000,42000,user_39,971,971,
7505,17,130000,0,user_45,971,971,
7473,18,120001,0,user_1,971,971,7471
7474,19,120001,0,user_2,971,971,7471
7475,20,120001,0,user_3,971,971,7471
7476,21,120001,0,user_6,971,971,7471
7479,22,120001,0,user_10,971,971,7471
7480,23,120001,0,user_11,971,971,7471
7481,24,120001,0,user_11,971,971,7471
7482,25,120001,0,user_14,971,971,7471
7483,26,120001,0,user_14,971,971,7471
7471,27,120000,17000,user_0,971,971,
7472,28,119999,0,user_1,971,971,7471
7478,29,119999,0,user_10,971,971,7471
7484,30,119999,0,user_15,971,971,7471
7506,31,110000,0,user_46,971,971,
7494,32,77000,0,user_30,971,971,
5590,0,4200001,0,user_5,972,972,5587
5591,1,4200001,0,user_6,972,972,5587
5596,2,4200001,0,user_12,972,972,5587
5597,3,4200001,0,user_13,972,972,5587
5598,4,4200001,0,user_13,972,972,5587
5599,5,4200001,0,user_14,972,972,5587
5587,6,4200000,322000,user_1,972,972,
5625,7,4200000,0,user_48,972,972,
5626,8,4200000,0,user_49,972,972,
5588,9,4199999,0,user_2,972,972,5587
5589,10,4199999,0,user_4,972,972,5587
5592,11,4199999,0,user_7,972,972,5587
5593,12,4199999,0,user_8,972,972,5587
5594,13,4199999,0,user_9,972,972,5587
5595,14,4199999,0,user_11,972,972,5587
5600,15,4199999,0,user_15,972,972,5587
5612,16,3200000,0,user_35,972,972,
5607,17,2500000,0,user_26,972,972,
5611,18,2000000,0,user_35,972,972,
5604,19,1600000,0,user_22,972,972,
5601,20,1500000,0,user_18,972,972,
5602,21,1200000,0,user_19,972,972,
5615,22,1200000,0,user_39,972,972,
5608,23,1100000,0,user_26,972,972,
5620,24,530000,0,user_43,972,972,
5603,25,340000,283000,user_22,972,972,
5614,26,220000,0,user_37,972,972,
5617,27,220000,0,user_41,972,972,
5613,28,170000,0,user_36,972,972,
5627,29,160000,0,user_49,972,972,
5619,30,150000,0,user_43,972,972,
5624,31,150000,0,user_47,972,972,
5622,32,120000,350000,user_43,972,972,
5610,33,110000,161000,user_33,972,972,
5621,34,110000,0,user_43,972,972,
5616,35,80000,0,user_40,972,972,
5629,0,5000000,0,user_1,973,973,
5656,1,5000000,0,user_26,973,973,
5661,2,5000000,410000,user_27,973,973,
5680,3,5000000,0,user_48,973,973,
5647,4,4500000,0,user_16,973,973,
5637,5,4200001,0,user_10,973,973,5635
5639,6,4200001,0,user_12,973,973,5635
5640,7,4200001,0,user_12,973,973,5635
5641,8,4200001,0,user_12,973,973,5635
5643,9,4200001,0,user_13,973,973,5635
5644,10,4200001,0,user_13,973,973,5635
5635,11,4200000,350000,user_10,973,973,
5636,12,4199999,0,user_10,973,973,5635
5638,13,4199999,0,user_12,973,973,5635
5642,14,4199999,0,user_12,973,973,5635
5645,15,4199999,0,user_14,973,973,5635
5676,16,3600000,0,user_43,973,973,
5653,17,3200000,0,user_23,973,973,
5663,18,2300000,73100,user_28,973,973,
5670,19,2300000,0,user_36,973,973,
5681,20,1900000,0,user_48,973,973,
5673,21,1500000,5640,user_40,973,973,
5679,22,1400000,0,user_48,973,973,
5684,23,970000,11200,user_49,973,973,
5660,24,910000,0,user_27,973,973,
5628,25,670000,0,user_0,973,973,
5665,26,660000,0,user_30,973,973,
5668,27,630000,0,user_34,973,973,
5658,28,530000,0,user_26,973,973,
5678,29,470000,0,user_47,973,973,
5683,30,350000,0,user_49,973,973,
5659,31,320000,0,user_26,973,973,
5648,32,310000,0,user_18,973,973,
5652,33,300000,0,user_23,973,973,
5682,34,260000,0,user_48,973,973,
5646,35,220000,0,user_16,973,973,
5672,36,170000,0,user_40,973,973,
5655,37,160000,0,user_26,973,973,
5657,38,160000,0,user_26,973,973,
5650,39,150000,0,user_21,973,973,
5671,40,150000,0,user_39,973,973,
5634,41,110000,0,user_9,973,973,
5666,42,110000,0,user_31,973,973,
5669,43,110000,0,user_35,973,973,
5667,44,100000,0,user_33,973,973,
5651,45,87000,0,user_22,973,973,
5664,46,84000,0,user_29,973,973,
5677,47,84000,0,user_46,973,973,
5662,48,82000,0,user_28,973,973,
5630,49,79000,0,user_2,973,973,
5633,50,79000,0,user_8,973,973,
5674,51,79000,0,user_40,973,973,
5632,52,70000,0,user_7,973,973,
5714,0,19000000,0,user_28,974,974,
5722,1,3600000,0,user_36,974,974,
5732,2,3600000,0,user_41,974,974,
5704,3,3200000,0,user_18,974,974,
5735,4,3200000,256000,user_47,974,974,
5703,5,1500000,0,user_17,974,974,
5717,6,1500000,0,user_32,974,974,
5715,7,1400000,0,user_31,974,974,
5724,8,1400000,0,user_37,974,974,
5730,9,1400000,0,user_39,974,974,
5720,10,1300000,0,user_36,974,974,
5723,11,1200000,0,user_36,974,974,
5706,12,1100000,146000,user_19,974,974,
5737,13,1100000,0,user_49,974,974,
5721,14,1000000,60700,user_36,974,974,
5725,15,1000000,0,user_38,974,974,
5707,16,650000,0,user_21,974,974,
5708,17,340000,0,user_21,974,974,
5727,18,340000,0,user_39,974,974,
5712,19,320000,33300,user_26,974,974,
5713,20,260000,0,user_26,974,974,
5726,21,220000,0,user_38,974,974,
5734,22,220000,769000,user_46,974,974,
5702,23,170000,0,user_16,974,974,
5687,24,160001,0,user_2,974,974,5685
5690,25,160001,0,user_4,974,974,5685
5691,26,160001,0,user_5,974,974,5685
5693,27,160001,0,user_7,974,974,5685
5694,28,160001,0,user_7,974,974,5685
5700,29,160001,0,user_12,974,974,5685
5685,30,160000,49100,user_0,974,974,
5686,31,159999,0,user_0,974,974,5685
5688,32,159999,0,user_2,974,974,5685
5689,33,159999,0,user_3,974,974,5685
5692,34,159999,0,user_6,974,974,5685
5697,35,159999,0,user_10,974,974,5685
5698,36,159999,0,user_10,974,974,5685
5699,37,159999,0,user_11,974,974,5685
5701,38,159999,0,user_14,974,974,5685
5709,39,150000,0,user_22,974,974,
5710,40,120000,0,user_23,974,974,
5705,41,110000,0,user_18,974,974,
5729,42,110000,0,user_39,974,974,
5733,43,110000,0,user_43,974,974,
5716,44,98000,381000,user_31,974,974,
5711,45,85000,0,user_24,974,974,
5736,46,84000,0,user_47,974,974,
5718,47,82000,0,user_33,974,974,
5731,48,73000,146000,user_39,974,974,
5728,49,70000,0,user_39,974,974,
5782,0,43000000,0,user_44,975,975,
5777,1,6300000,0,user_42,975,975,
5758,2,5200000,0,user_20,975,975,
5760,3,5000000,0,user_23,975,975,
5779,4,4200000,0,user_43,975,975,
5771,5,3200000,0,user_37,975,975,
5784,6,2600000,0,user_46,975,975,
5742,7,2400001,0,user_2,975,975,5739
5744,8,2400001,0,user_5,975,975,5739
5745,9,2400001,0,user_7,975,975,5739
5746,10,2400001,0,user_7,975,975,5739
5752,11,2400001,0,user_11,975,975,5739
5753,12,2400001,0,user_13,975,975,5739
5739,13,2400000,1100000,user_0,975,975,
5769,14,2400000,0,user_36,975,975,
5792,15,2400000,35100,user_49,975,975,
5740,16,2399999,0,user_1,975,975,5739
5741,17,2399999,0,user_1,975,975,5739
5743,18,2399999,0,user_3,975,975,5739
5747,19,2399999,0,user_7,975,975,5739
5748,20,2399999,0,user_7,975,975,5739
5750,21,2399999,0,user_10,975,975,5739
5751,22,2399999,0,user_11,975,975,5739
5754,23,2399999,0,user_14,975,975,5739
5755,24,2399999,0,user_15,975,975,5739
5765,25,2000000,0,user_33,975,975,
5770,26,2000000,0,user_37,975,975,
5764,27,1900000,12800,user_32,975,975,
5785,28,1700000,0,user_47,975,975,
5774,29,1500000,0,user_41,975,975,
5766,30,1100000,11200,user_33,975,975,
5738,31,1000000,0,user_0,975,975,
5763,32,1000000,0,user_30,975,975,
5778,33,670000,0,user_43,975,975,
5786,34,670000,0,user_47,975,975,
5787,35,660000,0,user_48,975,975,
5772,36,350000,0,user_38,975,975,
5776,37,310000,0,user_41,975,975,
5775,38,300000,0,user_41,975,975,
5761,39,220000,256000,user_26,975,975,
5762,40,220000,594000,user_29,975,975,
5781,41,220000,5640,user_44,975,975,
5767,42,190000,0,user_34,975,975,
5783,43,170000,0,user_45,975,975,
5780,44,160000,0,user_43,975,975,
5759,45,150000,0,user_21,975,975,
5768,46,150000,11200,user_36,975,975,
5756,47,120000,0,user_16,975,975,
5757,48,120000,0,user_17,975,975,
5790,49,120000,0,user_48,975,975,
5789,50,83000,0,user_48,975,975,
5788,51,80000,0,user_48,975,975,
5791,52,77000,0,user_48,975,975,
5838,0,30000000,0,user_45,976,976,
5822,1,19000000,0,user_24,976,976,
5823,2,19000000,0,user_25,976,976,
5836,3,5200000,121000,user_43,976,976,
5827,4,2000000,0,user_30,976,976,
5828,5,1500000,0,user_30,976,976,
5818,6,1400000,0,user_20,976,976,
5809,7,1100000,0,user_17,976,976,
5837,8,910000,0,user_43,976,976,
5821,9,870000,0,user_22,976,976,
5820,10,600000,0,user_22,976,976,
5826,11,460000,121000,user_27,976,976,
5817,12,340000,0,user_20,976,976,
5815,13,320000,769000,user_20,976,976,
5819,14,310000,0,user_21,976,976,
5835,15,260000,0,user_41,976,976,
5812,16,240000,0,user_19,976,976,
5829,17,240000,0,user_30,976,976,
5806,18,220001,0,user_15,976,976,5793
5793,19,220000,155000,user_0,976,976,
5810,20,220000,0,user_18,976,976,
5794,21,219999,0,user_3,976,976,5793
5795,22,219999,0,user_4,976,976,5793
5796,23,219999,0,user_6,976,976,5793
5797,24,219999,0,user_7,976,976,5793
5801,25,219999,0,user_10,976,976,5793
5802,26,219999,0,user_11,976,976,5793
5803,27,219999,0,user_12,976,976,5793
5804,28,219999,0,user_13,976,976,5793
5805,29,219999,0,user_15,976,976,5793
5807,30,190000,0,user_16,976,976,
5813,31,170000,0,user_19,976,976,
5839,32,170000,0,user_47,976,976,
5832,33,150000,0,user_37,976,976,
5811,34,120000,21800,user_19,976,976,
5825,35,120000,0,user_27,976,976,
5840,36,120000,0,user_49,976,976,
5816,37,110000,0,user_20,976,976,
5833,38,110000,0,user_38,976,976,
5831,39,100000,0,user_36,976,976,
5808,40,85000,0,user_16,976,976,
5824,41,83000,0,user_26,976,976,
5814,42,77000,0,user_20,976,976,
5830,43,73000,0,user_31,976,976,
5877,0,5200000,0,user_22,977,977,
5878,1,4200000,0,user_22,977,977,
5881,2,3500000,0,user_28,977,977,
5841,3,2500000,0,user_0,977,977,
5843,4,2400000,0,user_3,977,977,
5876,5,2100000,0,user_21,977,977,
5880,6,2000000,0,user_27,977,977,
5884,7,2000000,0,user_31,977,977,
5893,8,1700000,0,user_41,977,977,
5900,9,1400000,0,user_48,977,977,
5888,10,1000000,16400,user_38,977,977,
5842,11,670000,0,user_1,977,977,
5896,12,660000,0,user_43,977,977,
5883,13,600000,0,user_29,977,977,
5895,14,600000,0,user_42,977,977,
5882,15,470000,0,user_28,977,977,
5846,16,460001,0,user_5,977,977,5844
5850,17,460001,0,user_6,977,977,5844
5851,18,460001,0,user_7,977,977,5844
5852,19,460001,0,user_7,977,977,5844
5855,20,460001,0,user_10,977,977,5844
5856,21,460001,0,user_11,977,977,5844
5857,22,460001,0,user_11,977,977,5844
5859,23,460001,0,user_11,977,977,5844
5860,24,460001,0,user_11,977,977,5844
5866,25,460001,0,user_13,977,977,5844
5867,26,460001,0,user_13,977,977,5844
5870,27,460001,0,user_13,977,977,5844
5844,28,460000,24700,user_4,977,977,
5845,29,459999,0,user_5,977,977,5844
5847,30,459999,0,user_5,977,977,5844
5848,31,459999,0,user_5,977,977,5844
5849,32,459999,0,user_6,977,977,5844
5858,33,459999,0,user_11,977,977,5844
5861,34,459999,0,user_12,977,977,5844
5862,35,459999,0,user_12,977,977,5844
5863,36,459999,0,user_12,977,977,5844
5864,37,459999,0,user_12,977,977,5844
5865,38,459999,0,user_12,977,977,5844
5868,39,459999,0,user_13,977,977,5844
5869,40,459999,0,user_13,977,977,5844
5871,41,459999,0,user_14,977,977,5844
5872,42,459999,0,user_14,977,977,5844
5873,43,459999,0,user_15,977,977,5844
5894,44,320000,0,user_42,977,977,
5898,45,260000,0,user_47,977,977,
5897,46,240000,0,user_44,977,977,
5885,47,220000,121000,user_34,977,977,
5875,48,160000,0,user_20,977,977,
5879,49,150000,0,user_26,977,977,
5874,50,120000,18600,user_17,977,977,
5899,51,110000,0,user_47,977,977,
5887,52,100000,0,user_37,977,977,
5901,53,84000,0,user_49,977,977,
5905,0,19000000,0,user_4,978,978,
5933,1,6300000,0,user_27,978,978,
5949,2,5000000,0,user_36,978,978,
5950,3,4500000,0,user_38,978,978,
5962,4,4500000,0,user_48,978,978,
5927,5,2300000,0,user_20,978,978,
5946,6,2300000,0,user_34,978,978,
5932,7,2100000,0,user_27,978,978,
5952,8,2000000,0,user_41,978,978,
5902,9,1900000,0,user_0,978,978,
5907,10,1500001,0,user_7,978,978,5906
5908,11,1500001,0,user_8,978,978,5906
5909,12,1500001,0,user_8,978,978,5906
5914,13,1500001,0,user_13,978,978,5906
5918,14,1500001,0,user_14,978,978,5906
5919,15,1500001,0,user_14,978,978,5906
5906,16,1500000,769000,user_6,978,978,
5925,17,1500000,0,user_18,978,978,
5910,18,1499999,0,user_8,978,978,5906
5911,19,1499999,0,user_8,978,978,5906
5912,20,1499999,0,user_9,978,978,5906
5915,21,1499999,0,user_14,978,978,5906
5916,22,1499999,0,user_14,978,978,5906
5917,23,1499999,0,user_14,978,978,5906
5929,24,1400000,128000,user_24,978,978,
5930,25,1100000,0,user_25,978,978,
5903,26,970000,0,user_1,978,978,
5947,27,910000,0,user_36,978,978,
5956,28,910000,0,user_44,978,978,
5920,29,670000,0,user_17,978,978,
5944,30,660000,0,user_33,978,978,
5943,31,530000,0,user_32,978,978,
5948,32,460000,0,user_36,978,978,
5954,33,360000,0,user_43,978,978,
5936,34,320000,283000,user_27,978,978,
5938,35,320000,0,user_29,978,978,
5955,36,320000,0,user_43,978,978,
5924,37,310000,0,user_18,978,978,
5931,38,300000,0,user_26,978,978,
5923,39,260000,0,user_18,978,978,
5959,40,220000,64600,user_48,978,978,
5960,41,170000,66100,user_48,978,978,
5921,42,160000,0,user_18,978,978,
5937,43,160000,0,user_28,978,978,
5939,44,160000,0,user_29,978,978,
5953,45,160000,0,user_43,978,978,
5904,46,150000,0,user_4,978,978,
5934,47,150000,0,user_27,978,978,
5935,48,110000,64600,user_27,978,978,
5958,49,98000,0,user_48,978,978,
5961,50,83000,5630,user_48,978,978,
5922,51,80000,5180,user_18,978,978,
5945,52,73000,32900,user_34,978,978,
5963,0,6300000,0,user_0,979,979,
5993,1,5200000,0,user_35,979,979,
5965,2,4500000,0,user_2,979,979,
6000,3,4500000,0,user_39,979,979,
5980,4,4200000,0,user_17,979,979,
5986,5,3500000,0,user_24,979,979,
6007,6,3200000,0,user_46,979,979,
5964,7,2600000,0,user_1,979,979,
5998,8,2400000,0,user_38,979,979,
6003,9,2000000,0,user_40,979,979,
6006,10,1500000,0,user_46,979,979,
6004,11,1400000,0,user_42,979,979,
6014,12,1400000,0,user_49,979,979,
6005,13,1300000,100000,user_45,979,979,
5990,14,1100000,0,user_30,979,979,
5979,15,1000000,68100,user_17,979,979,
5999,16,970000,0,user_39,979,979,
5988,17,870000,0,user_27,979,979,
5989,18,870000,0,user_30,979,979,
6012,19,870000,0,user_48,979,979,
5983,20,670000,0,user_21,979,979,
5992,21,600000,0,user_33,979,979,
6013,22,530000,0,user_48,979,979,
5995,23,350000,15300,user_36,979,979,
5981,24,310000,0,user_18,979,979,
6008,25,260000,0,user_47,979,979,
6015,26,260000,0,user_49,979,979,
5978,27,220000,0,user_16,979,979,
5985,28,170000,0,user_22,979,979,
6002,29,170000,0,user_39,979,979,
5996,30,160000,0,user_37,979,979,
5997,31,120000,0,user_37,979,979,
6001,32,120000,0,user_39,979,979,
6009,33,110000,0,user_47,979,979,
6010,34,110000,0,user_48,979,979,
6011,35,110000,0,user_48,979,979,
5968,36,87001,0,user_7,979,979,5967
5970,37,87001,0,user_8,979,979,5967
5971,38,87001,0,user_9,979,979,5967
5973,39,87001,0,user_10,979,979,5967
5974,40,87001,0,user_10,979,979,5967
5987,41,87000,0,user_26,979,979,
5969,42,86999,0,user_8,979,979,5967
5972,43,86999,0,user_9,979,979,5967
5976,44,86999,0,user_12,979,979,5967
5977,45,86999,0,user_13,979,979,5967
5994,46,85000,0,user_35,979,979,
5966,47,83000,0,user_2,979,979,
5984,48,83000,0,user_21,979,979,
5991,49,82000,0,user_32,979,979,
6056,0,6300000,0,user_33,980,980,
6052,1,5000000,100000,user_30,980,980,
6063,2,5000000,0,user_37,980,980,
6064,3,5000000,0,user_38,980,980,
6069,4,4500000,0,user_41,980,980,
6044,5,4200000,0,user_23,980,980,
6065,6,4200000,0,user_38,980,980,
6040,7,3200000,0,user_23,980,980,
6045,8,2500000,779000,user_25,980,980,
6071,9,2500000,0,user_42,980,980,
6078,10,2300000,0,user_47,980,980,
6021,11,2100000,0,user_6,980,980,
6061,12,2000000,0,user_36,980,980,
6035,13,1900000,0,user_18,980,980,
6038,14,1900000,0,user_20,980,980,
6024,15,1500001,0,user_6,980,980,6023
6028,16,1500001,0,user_12,980,980,6023
6029,17,1500001,0,user_13,980,980,6023
6030,18,1500001,0,user_13,980,980,6023
6032,19,1500001,0,user_13,980,980,6023
6023,20,1500000,510000,user_6,980,980,
6027,21,1499999,0,user_12,980,980,6023
6031,22,1499999,0,user_13,980,980,6023
6033,23,1499999,0,user_13,980,980,6023
6073,24,1400000,16400,user_44,980,980,
6077,25,1100000,0,user_47,980,980,
6054,26,970000,0,user_32,980,980,
6047,27,870000,0,user_25,980,980,
6017,28,670000,0,user_1,980,980,
6049,29,660000,0,user_25,980,980,
6062,30,630000,0,user_36,980,980,
6076,31,600000,0,user_46,980,980,
6075,32,470000,64600,user_44,980,980,
6079,33,470000,0,user_48,980,980,
6018,34,460000,0,user_2,980,980,
6020,35,460000,0,user_6,980,980,
6046,36,420000,42000,user_25,980,980,
6034,37,360000,0,user_16,980,980,
6037,38,350000,0,user_19,980,980,
6019,39,300000,0,user_5,980,980,
6022,40,220000,0,user_6,980,980,
6050,41,220000,0,user_27,980,980,
6051,42,220000,0,user_28,980,980,
6055,43,220000,0,user_32,980,980,
6036,44,190000,0,user_19,980,980,
6053,45,170000,0,user_30,980,980,
6059,46,170000,0,user_36,980,980,
6068,47,170000,0,user_41,980,980,
6041,48,160000,0,user_23,980,980,
6016,49,130000,0,user_0,980,980,
6042,50,120000,0,user_23,980,980,
6043,51,120000,0,user_23,980,980,
6058,52,120000,0,user_36,980,980,
6060,53,120000,0,user_36,980,980,
6070,54,120000,0,user_42,980,980,
6039,55,110000,0,user_22,980,980,
6048,56,110000,594000,user_25,980,980,
6074,57,110000,959000,user_44,980,980,
6072,58,85000,0,user_43,980,980,
6080,59,80000,0,user_49,980,980,
6057,60,77000,0,user_34,980,980,
6067,61,70000,0,user_41,980,980,
6099,0,27000000,0,user_18,981,981,
6098,1,6100000,0,user_17,981,981,
6109,2,5000000,0,user_26,981,981,
6113,3,5000000,146000,user_34,981,981,
6124,4,5000000,164000,user_44,981,981,
6081,5,4500000,0,user_0,981,981,
6111,6,3500000,0,user_30,981,981,
6133,7,2500000,0,user_49,981,981,
6105,8,2000000,0,user_22,981,981,
6119,9,2000000,0,user_38,981,981,
6101,10,1900000,0,user_18,981,981,
6122,11,1700000,0,user_41,981,981,
6127,12,1700000,0,user_45,981,981,
6103,13,1500000,0,user_19,981,981,
6135,14,1200000,0,user_49,981,981,
6123,15,1000000,5640,user_43,981,981,
6128,16,1000000,18600,user_45,981,981,
6120,17,910000,139000,user_39,981,981,
6083,18,670000,0,user_2,981,981,
6117,19,650000,0,user_37,981,981,
6116,20,630000,0,user_37,981,981,
6097,21,460000,0,user_16,981,981,
6108,22,460000,0,user_24,981,981,
6129,23,420000,0,user_45,981,981,
6112,24,350000,0,user_33,981,981,
6131,25,350000,0,user_48,981,981,
6130,26,320000,0,user_47,981,981,
6096,27,310000,0,user_16,981,981,
6110,28,260000,0,user_27,981,981,
6125,29,260000,0,user_45,981,981,
6102,30,220000,0,user_18,981,981,
6132,31,190000,0,user_49,981,981,
6088,32,170001,0,user_3,981,981,6085
6090,33,170001,0,user_5,981,981,6085
6094,34,170001,0,user_11,981,981,6085
6095,35,170001,0,user_12,981,981,6085
6085,36,170000,195000,user_3,981,981,
6134,37,170000,285000,user_49,981,981,
6086,38,169999,0,user_3,981,981,6085
6087,39,169999,0,user_3,981,981,6085
6089,40,169999,0,user_5,981,981,6085
6100,41,150000,0,user_18,981,981,
6115,42,150000,769000,user_36,981,981,
6118,43,150000,0,user_37,981,981,
6084,44,120000,0,user_3,981,981,
6082,45,110000,0,user_1,981,981,
6107,46,87000,0,user_22,981,981,
6106,47,84000,0,user_22,981,981,
6126,48,83000,0,user_45,981,981,
6104,49,73000,0,user_22,981,981,
6158,0,30000000,0,user_19,982,982,
6157,1,5000000,0,user_18,982,982,
6160,2,5000000,0,user_21,982,982,
6169,3,5000000,0,user_25,982,982,
6171,4,5000000,67500,user_26,982,982,
6155,5,3600000,0,user_16,982,982,
6182,6,3600000,0,user_38,982,982,
6162,7,3200000,256000,user_21,982,982,
6166,8,3200000,0,user_22,982,982,
6165,9,2400000,0,user_22,982,982,
6177,10,2000000,195000,user_32,982,982,
6179,11,2000000,0,user_33,982,982,
6176,12,1700000,0,user_32,982,982,
6174,13,1600000,0,user_30,982,982,
6137,14,1500000,0,user_3,982,982,
6178,15,1300000,30200,user_33,982,982,
6181,16,1300000,0,user_35,982,982,
6136,17,1000000,0,user_0,982,982,
6184,18,1000000,0,user_41,982,982,
6173,19,970000,0,user_29,982,982,
6188,20,970000,0,user_47,982,982,
6161,21,630000,0,user_21,982,982,
6185,22,630000,0,user_41,982,982,
6164,23,600000,0,user_21,982,982,
6143,24,360001,0,user_9,982,982,6138
6144,25,360001,0,user_9,982,982,6138
6145,26,360001,0,user_9,982,982,6138
6146,27,360001,0,user_9,982,982,6138
6149,28,360001,0,user_12,982,982,6138
6151,29,360001,0,user_15,982,982,6138
6138,30,360000,4320000,user_4,982,982,
6139,31,359999,0,user_4,982,982,6138
6140,32,359999,0,user_5,982,982,6138
6147,33,359999,0,user_10,982,982,6138
6148,34,359999,0,user_10,982,982,6138
6150,35,359999,0,user_12,982,982,6138
6153,36,350000,0,user_16,982,982,
6152,37,300000,0,user_16,982,982,
6175,38,160000,0,user_30,982,982,
6154,39,150000,42000,user_16,982,982,
6163,40,120000,0,user_21,982,982,
6189,41,120000,0,user_48,982,982,
6172,42,98000,0,user_29,982,982,
6156,43,87000,0,user_17,982,982,
6183,44,83000,0,user_38,982,982,
6186,45,82000,49100,user_44,982,982,
6167,46,80000,19700,user_23,982,982,
6170,47,77000,0,user_26,982,982,
6180,48,73000,0,user_34,982,982,
6215,0,27000000,0,user_23,983,983,
6209,1,5000000,0,user_21,983,983,
6214,2,5000000,0,user_23,983,983,
6244,3,5000000,0,user_47,983,983,
6221,4,4200000,0,user_28,983,983,
6204,5,3200000,0,user_15,983,983,
6243,6,2500000,0,user_47,983,983,
6197,7,2300000,0,user_7,983,983,
6206,8,2000000,12300,user_18,983,983,
6208,9,1600000,0,user_20,983,983,
6234,10,1600000,0,user_39,983,983,
6237,11,1600000,0,user_43,983,983,
6193,12,1500000,0,user_1,983,983,
6202,13,1400000,0,user_13,983,983,
6231,14,1400000,0,user_36,983,983,
6210,15,1300000,0,user_22,983,983,
6203,16,1200000,0,user_14,983,983,
6212,17,1100000,0,user_23,983,983,
6226,18,1100000,215000,user_33,983,983,
6217,19,1000000,0,user_24,983,983,
6200,20,970000,0,user_12,983,983,
6241,21,630000,0,user_47,983,983,
6222,22,600000,350000,user_29,983,983,
6191,23,420000,0,user_0,983,983,
6207,24,420000,0,user_19,983,983,
6220,25,420000,256000,user_27,983,983,
6224,26,420000,0,user_31,983,983,
6228,27,420000,0,user_34,983,983,
6229,28,370000,0,user_34,983,983,
6232,29,370000,0,user_37,983,983,
6236,30,370000,0,user_42,983,983,
6213,31,350000,6390,user_23,983,983,
6194,32,320000,0,user_5,983,983,
6205,33,310000,0,user_17,983,983,
6227,34,310000,0,user_33,983,983,
6238,35,260000,0,user_45,983,983,
6223,36,240000,0,user_30,983,983,
6196,37,220000,0,user_6,983,983,
6201,38,220000,0,user_12,983,983,
6219,39,220000,0,user_26,983,983,
6192,40,160000,0,user_0,983,983,
6233,41,160000,0,user_38,983,983,
6195,42,150000,0,user_6,983,983,
6216,43,110000,0,user_24,983,983,
6239,44,110000,0,user_46,983,983,
6242,45,98000,0,user_47,983,983,
6218,46,87000,0,user_25,983,983,
6225,47,84000,0,user_31,983,983,
6245,48,84000,34700,user_49,983,983,
6211,49,80000,0,user_23,983,983,
6240,50,79000,0,user_46,983,983,
6235,51,73000,0,user_41,983,983,
6277,0,43000000,0,user_33,984,984,
6272,1,5000000,0,user_26,984,984,
6274,2,3600000,0,user_29,984,984,
6248,3,2600000,0,user_1,984,984,
6275,4,2500000,0,user_30,984,984,
6276,5,2400000,0,user_32,984,984,
6289,6,2400000,49100,user_46,984,984,
6255,7,2300001,0,user_7,984,984,6254
6256,8,2300001,0,user_8,984,984,6254
6257,9,2300001,0,user_9,984,984,6254
6258,10,2300001,0,user_12,984,984,6254
6254,11,2300000,146000,user_7,984,984,
6283,12,2300000,0,user_39,984,984,
6259,13,2299999,0,user_14,984,984,6254
6260,14,2299999,0,user_15,984,984,6254
6261,15,2299999,0,user_15,984,984,6254
6246,16,1800000,0,user_0,984,984,
6270,17,1700000,0,user_24,984,984,
6263,18,1400000,1100000,user_17,984,984,
6264,19,1400000,18600,user_18,984,984,
6262,20,1100000,0,user_16,984,984,
6247,21,1000000,0,user_0,984,984,
6279,22,1000000,285000,user_35,984,984,
6269,23,870000,0,user_24,984,984,
6267,24,670000,0,user_22,984,984,
6284,25,600000,17000,user_39,984,984,
6290,26,530000,0,user_46,984,984,
6281,27,460000,0,user_36,984,984,
6288,28,460000,67900,user_45,984,984,
6253,29,340000,0,user_7,984,984,
6286,30,220000,0,user_40,984,984,
6278,31,160000,10700,user_34,984,984,
6285,32,160000,0,user_39,984,984,
6266,33,150000,0,user_21,984,984,
6287,34,150000,0,user_44,984,984,
6250,35,130000,0,user_3,984,984,
6249,36,110000,0,user_2,984,984,
6273,37,110000,0,user_28,984,984,
6280,38,110000,0,user_36,984,984,
6282,39,87000,0,user_37,984,984,
6268,40,84000,0,user_23,984,984,
6291,41,79000,0,user_49,984,984,
6271,42,70000,0,user_26,984,984,
6318,0,6100000,0,user_26,985,985,
6329,1,5000000,35100,user_34,985,985,
6312,2,4200000,0,user_21,985,985,
6319,3,4200000,0,user_28,985,985,
6309,4,3500000,0,user_18,985,985,
6311,5,2500000,0,user_20,985,985,
6315,6,2500000,0,user_24,985,985,
6316,7,2400000,0,user_25,985,985,
6323,8,2400000,0,user_29,985,985,
6336,9,2400000,30200,user_46,985,985,
6330,10,2300000,0,user_37,985,985,
6324,11,2000000,0,user_29,985,985,
6307,12,1600000,0,user_16,985,985,
6314,13,1600000,0,user_24,985,985,
6317,14,1400000,0,user_25,985,985,
6338,15,1400000,0,user_47,985,985,
6332,16,1300000,0,user_42,985,985,
6333,17,1200000,0,user_43,985,985,
6294,18,1100000,0,user_4,985,985,
6337,19,910000,0,user_47,985,985,
6339,20,910000,0,user_48,985,985,
6320,21,870000,0,user_28,985,985,
6295,22,670000,0,user_4,985,985,
6292,23,650000,0,user_2,985,985,
6310,24,460000,15300,user_19,985,985,
6328,25,460000,0,user_33,985,985,
6327,26,420000,100000,user_32,985,985,
6326,27,370000,0,user_32,985,985,
6299,28,350001,0,user_7,985,985,6298
6306,29,350001,0,user_15,985,985,6298
6298,30,350000,13800,user_7,985,985,
6300,31,349999,0,user_8,985,985,6298
6302,32,349999,0,user_10,985,985,6298
6304,33,349999,0,user_12,985,985,6298
6305,34,349999,0,user_13,985,985,6298
6297,35,240000,0,user_6,985,985,
6340,36,220000,0,user_48,985,985,
6296,37,170000,0,user_5,985,985,
6334,38,170000,0,user_44,985,985,
6325,39,160000,17700000,user_31,985,985,
6293,40,150000,0,user_3,985,985,
6313,41,130000,0,user_23,985,985,
6321,42,130000,121000,user_29,985,985,
6308,43,120000,0,user_17,985,985,
6322,44,100000,0,user_29,985,985,
6335,45,82000,0,user_46,985,985,
6341,46,79000,0,user_49,985,985,
6392,0,43000000,0,user_43,986,986,
6343,1,19000001,0,user_3,986,986,6342
6345,2,19000001,0,user_3,986,986,6342
6346,3,19000001,0,user_5,986,986,6342
6349,4,19000001,0,user_6,986,986,6342
6351,5,19000001,0,user_8,986,986,6342
6353,6,19000001,0,user_11,986,986,6342
6344,7,18999999,0,user_3,986,986,6342
6347,8,18999999,0,user_5,986,986,6342
6348,9,18999999,0,user_6,986,986,6342
6350,10,18999999,0,user_7,986,986,6342
6352,11,18999999,0,user_9,986,986,6342
6354,12,18999999,0,user_11,986,986,6342
6355,13,18999999,0,user_12,986,986,6342
6356,14,18999999,0,user_14,986,986,6342
6357,15,18999999,0,user_15,986,986,6342
6367,16,3200000,0,user_20,986,986,
6390,17,3200000,67500,user_41,986,986,
6388,18,2400000,0,user_39,986,986,
6364,19,2100000,7190000,user_18,986,986,
6370,20,2000000,71800,user_22,986,986,
6369,21,1900000,0,user_22,986,986,
6396,22,1800000,0,user_48,986,986,
6380,23,1500000,0,user_31,986,986,
6361,24,1100000,594000,user_17,986,986,
6387,25,1000000,0,user_39,986,986,
6372,26,870000,0,user_24,986,986,
6373,27,670000,769000,user_25,986,986,
6365,28,650000,0,user_19,986,986,
6386,29,630000,0,user_38,986,986,
6397,30,470000,23500,user_49,986,986,
6381,31,460000,0,user_31,986,986,
6393,32,420000,0,user_44,986,986,
6377,33,370000,0,user_28,986,986,
6374,34,360000,0,user_25,986,986,
6378,35,350000,0,user_29,986,986,
6371,36,340000,0,user_23,986,986,
6383,37,320000,0,user_33,986,986,
6358,38,260000,0,user_16,986,986,
6391,39,220000,0,user_42,986,986,
6363,40,160000,0,user_17,986,986,
6366,41,160000,84800,user_20,986,986,
6389,42,120000,0,user_40,986,986,
6360,43,110000,3130,user_17,986,986,
6362,44,110000,0,user_17,986,986,
6368,45,110000,21800,user_21,986,986,
6384,46,110000,0,user_33,986,986,
6359,47,85000,8520,user_17,986,986,
6375,48,80000,0,user_25,986,986,
6379,49,80000,0,user_29,986,986,
6424,0,43000000,30200,user_32,987,987,
6415,1,4500000,0,user_19,987,987,
6421,2,4200000,0,user_27,987,987,
6423,3,3600000,0,user_30,987,987,
6422,4,3500000,0,user_30,987,987,
6413,5,2600000,17000,user_18,987,987,
6430,6,2000000,64600,user_42,987,987,
6437,7,2000000,0,user_49,987,987,
6432,8,1500000,0,user_45,987,987,
6417,9,1400000,0,user_20,987,987,
6414,10,1000000,0,user_18,987,987,
6435,11,870000,0,user_48,987,987,
6433,12,470000,0,user_46,987,987,
6412,13,320000,0,user_16,987,987,
6418,14,320000,0,user_21,987,987,
6425,15,260000,0,user_33,987,987,
6420,16,170000,11200,user_26,987,987,
6431,17,170000,73100,user_44,987,987,
6419,18,120000,0,user_25,987,987,
6434,19,120000,0,user_47,987,987,
6416,20,110000,0,user_19,987,987,
6429,21,110000,0,user_41,987,987,
6436,22,110000,0,user_49,987,987,
6402,23,84001,0,user_8,987,987,6399
6404,24,84001,0,user_12,987,987,6399
6405,25,84001,0,user_12,987,987,6399
6407,26,84001,0,user_13,987,987,6399
6408,27,84001,0,user_14,987,987,6399
6411,28,84001,0,user_14,987,987,6399
6399,29,84000,155000,user_3,987,987,
6400,30,83999,0,user_7,987,987,6399
6401,31,83999,0,user_7,987,987,6399
6403,32,83999,0,user_10,987,987,6399
6406,33,83999,0,user_13,987,987,6399
6409,34,83999,0,user_14,987,987,6399
6410,35,83999,0,user_14,987,987,6399
6398,36,79000,0,user_1,987,987,
6458,0,43000000,0,user_30,988,988,
6449,1,5200000,0,user_18,988,988,
6456,2,2400000,0,user_26,988,988,
6454,3,2100000,0,user_21,988,988,
6455,4,2000000,0,user_22,988,988,
6439,5,1600001,0,user_1,988,988,6438
6440,6,1600001,0,user_3,988,988,6438
6443,7,1600001,0,user_7,988,988,6438
6444,8,1600001,0,user_8,988,988,6438
6446,9,1600001,0,user_10,988,988,6438
6447,10,1600001,0,user_14,988,988,6438
6438,11,1600000,769000,user_0,988,988,
6451,12,1600000,0,user_18,988,988,
6457,13,1600000,0,user_27,988,988,
6441,14,1599999,0,user_5,988,988,6438
6442,15,1599999,0,user_6,988,988,6438
6466,16,1100000,0,user_41,988,988,
6450,17,220000,0,user_18,988,988,
6460,18,160000,0,user_33,988,988,
6459,19,150000,0,user_32,988,988,
6467,20,150000,7190000,user_48,988,988,
6453,21,130000,0,user_20,988,988,
6452,22,120000,0,user_18,988,988,
6461,23,120000,21800,user_34,988,988,
6448,24,82000,0,user_16,988,988,
6464,25,70000,0,user_38,988,988,
6513,0,43000000,5640,user_36,989,989,
6496,1,30000000,0,user_28,989,989,
6510,2,27000000,0,user_34,989,989,
6532,3,19000000,0,user_49,989,989,
6521,4,6300000,0,user_43,989,989,
6517,5,5000000,0,user_38,989,989,
6507,6,4500000,0,user_34,989,989,
6518,7,4200000,0,user_39,989,989,
6528,8,3600000,0,user_47,989,989,
6529,9,3600000,0,user_47,989,989,
6514,10,3500000,0,user_37,989,989,
6522,11,3500000,0,user_43,989,989,
6498,12,2500000,0,user_30,989,989,
6488,13,2400000,0,user_21,989,989,
6495,14,2400000,0,user_25,989,989,
6492,15,2000000,73100,user_23,989,989,
6486,16,1800000,0,user_19,989,989,
6499,17,1600000,47700,user_31,989,989,
6516,18,1600000,0,user_38,989,989,
6525,19,1600000,0,user_44,989,989,
6505,20,1500000,0,user_33,989,989,
6489,21,1400000,0,user_22,989,989,
6503,22,1200000,0,user_32,989,989,
6469,23,1000000,0,user_0,989,989,
6483,24,1000000,0,user_17,989,989,
6515,25,1000000,0,user_37,989,989,
6502,26,910000,0,user_32,989,989,
6519,27,600000,0,user_41,989,989,
6490,28,460000,0,user_22,989,989,
6491,29,460000,0,user_23,989,989,
6530,30,350000,0,user_48,989,989,
6487,31,310000,0,user_20,989,989,
6494,32,310000,0,user_24,989,989,
6531,33,310000,0,user_49,989,989,
6506,34,240000,24700,user_34,989,989,
6504,35,220000,0,user_33,989,989,
6508,36,170000,0,user_34,989,989,
6523,37,170000,0,user_43,989,989,
6526,38,170000,0,user_44,989,989,
6484,39,160000,0,user_18,989,989,
6501,40,160000,155000,user_32,989,989,
6473,41,150001,0,user_6,989,989,6470
6474,42,150001,0,user_7,989,989,6470
6477,43,150001,0,user_10,989,989,6470
6480,44,150001,0,user_12,989,989,6470
6481,45,150001,0,user_14,989,989,6470
6470,46,150000,5180,user_1,989,989,
6482,47,150000,0,user_16,989,989,
6485,48,150000,0,user_18,989,989,
6471,49,149999,0,user_2,989,989,6470
6472,50,149999,0,user_3,989,989,6470
6478,51,149999,0,user_11,989,989,6470
6479,52,149999,0,user_12,989,989,6470
6500,53,130000,0,user_32,989,989,
6527,54,120000,0,user_47,989,989,
6493,55,110000,350000,user_24,989,989,
6497,56,110000,0,user_29,989,989,
6509,57,84000,594000,user_34,989,989,
6520,58,83000,0,user_42,989,989,
6524,59,79000,0,user_43,989,989,
6468,60,73000,0,user_0,989,989,
6562,0,43000000,128000,user_19,990,990,
6567,1,30000000,121000,user_23,990,990,
6561,2,5000000,0,user_18,990,990,
6569,3,5000000,0,user_24,990,990,
6576,4,5000000,0,user_33,990,990,
6574,5,3500000,181000,user_29,990,990,
6581,6,3500000,195000,user_36,990,990,
6587,7,3500000,0,user_41,990,990,
6589,8,3500000,0,user_42,990,990,
6580,9,2400000,0,user_35,990,990,
6560,10,2000000,0,user_17,990,990,
6595,11,1500000,0,user_49,990,990,
6592,12,1400000,10700,user_46,990,990,
6566,13,1100000,0,user_22,990,990,
6584,14,1000000,0,user_38,990,990,
6577,15,660000,0,user_33,990,990,
6578,16,650000,0,user_33,990,990,
6593,17,650000,0,user_47,990,990,
6564,18,600000,0,user_19,990,990,
6558,19,470000,10700,user_16,990,990,
6565,20,470000,350000,user_20,990,990,
6568,21,460000,0,user_24,990,990,
6588,22,360000,0,user_41,990,990,
6537,23,350001,0,user_5,990,990,6533
6541,24,350001,0,user_9,990,990,6533
6542,25,350001,0,user_9,990,990,6533
6543,26,350001,0,user_11,990,990,6533
6544,27,350001,0,user_11,990,990,6533
6545,28,350001,0,user_11,990,990,6533
6547,29,350001,0,user_11,990,990,6533
6551,30,350001,0,user_13,990,990,6533
6552,31,350001,0,user_13,990,990,6533
6555,32,350001,0,user_15,990,990,6533
6534,33,349999,0,user_1,990,990,6533
6535,34,349999,0,user_4,990,990,6533
6536,35,349999,0,user_5,990,990,6533
6538,36,349999,0,user_5,990,990,6533
6539,37,349999,0,user_6,990,990,6533
6540,38,349999,0,user_9,990,990,6533
6546,39,349999,0,user_11,990,990,6533
6548,40,349999,0,user_12,990,990,6533
6549,41,349999,0,user_13,990,990,6533
6550,42,349999,0,user_13,990,990,6533
6554,43,349999,0,user_15,990,990,6533
6556,44,310000,13900,user_16,990,990,
6579,45,300000,0,user_34,990,990,
6559,46,220000,128000,user_16,990,990,
6575,47,220000,0,user_33,990,990,
6557,48,160000,0,user_16,990,990,
6583,49,160000,0,user_37,990,990,
6590,50,150000,0,user_44,990,990,
6573,51,110000,381000,user_28,990,990,
6586,52,110000,0,user_40,990,990,
6591,53,110000,39400,user_45,990,990,
6563,54,77000,0,user_19,990,990,
6582,55,70000,0,user_37,990,990,
6634,0,30000000,0,user_37,991,991,
6617,1,19000000,0,user_22,991,991,
6630,2,19000000,0,user_36,991,991,
6602,3,5000000,0,user_6,991,991,
6621,4,3500000,0,user_29,991,991,
6636,5,3500000,0,user_37,991,991,
6600,6,2600000,0,user_6,991,991,
6605,7,2600000,0,user_8,991,991,
6610,8,2600000,0,user_17,991,991,
6646,9,2600000,34700,user_44,991,991,
6596,10,2100000,0,user_1,991,991,
6620,11,2000000,0,user_28,991,991,
6642,12,2000000,510000,user_42,991,991,
6624,13,1900000,350000,user_31,991,991,
6609,14,1800000,16400,user_15,991,991,
6632,15,1600000,0,user_37,991,991,
6626,16,1500000,0,user_33,991,991,
6653,17,1400000,33300,user_49,991,991,
6615,18,1300000,0,user_22,991,991,
6606,19,1100000,0,user_11,991,991,
6623,20,1100000,0,user_30,991,991,
6650,21,1100000,64600,user_46,991,991,
6654,22,970000,0,user_49,991,991,
6601,23,910000,0,user_6,991,991,
6613,24,910000,283000,user_22,991,991,
6647,25,910000,0,user_44,991,991,
6629,26,670000,13900,user_35,991,991,
6599,27,630000,0,user_5,991,991,
6598,28,600000,0,user_4,991,991,
6638,29,470000,0,user_38,991,991,
6639,30,460000,0,user_39,991,991,
6597,31,420000,0,user_1,991,991,
6603,32,370000,0,user_6,991,991,
6633,33,360000,0,user_37,991,991,
6648,34,260000,0,user_45,991,991,
6643,35,160000,0,user_42,991,991,
6645,36,160000,0,user_42,991,991,
6644,37,150000,0,user_42,991,991,
6649,38,150000,0,user_45,991,991,
6612,39,120000,0,user_21,991,991,
6627,40,120000,0,user_35,991,991,
6635,41,120000,16400,user_37,991,991,
6641,42,120000,0,user_41,991,991,
6651,43,120000,0,user_47,991,991,
6616,44,110000,0,user_22,991,991,
6622,45,110000,0,user_29,991,991,
6608,46,85000,0,user_15,991,991,
6618,47,85000,0,user_23,991,991,
6614,48,84000,0,user_22,991,991,
6619,49,84000,0,user_28,991,991,
6611,50,83000,0,user_20,991,991,
6637,51,83000,5630,user_38,991,991,
6631,52,82000,0,user_36,991,991,
6607,53,77000,0,user_14,991,991,
6628,54,73000,0,user_35,991,991,
6677,0,43000000,13900,user_23,992,992,
6678,1,19000000,0,user_24,992,992,
6695,2,5200000,0,user_34,992,992,
6699,3,5200000,0,user_38,992,992,
6681,4,3500000,0,user_25,992,992,
6657,5,3200001,0,user_1,992,992,6656
6658,6,3200001,0,user_1,992,992,6656
6661,7,3200001,0,user_2,992,992,6656
6665,8,3200001,0,user_5,992,992,6656
6669,9,3200001,0,user_14,992,992,6656
6656,10,3200000,31700,user_0,992,992,
6659,11,3199999,0,user_1,992,992,6656
6660,12,3199999,0,user_1,992,992,6656
6662,13,3199999,0,user_3,992,992,6656
6663,14,3199999,0,user_4,992,992,6656
6664,15,3199999,0,user_5,992,992,6656
6666,16,3199999,0,user_10,992,992,6656
6667,17,3199999,0,user_11,992,992,6656
6668,18,3199999,0,user_13,992,992,6656
6687,19,2500000,0,user_27,992,992,
6691,20,2300000,0,user_31,992,992,
6655,21,2000000,0,user_0,992,992,
6686,22,2000000,0,user_27,992,992,
6673,23,1900000,0,user_18,992,992,
6682,24,1800000,0,user_26,992,992,
6693,25,1800000,0,user_32,992,992,
6685,26,1600000,0,user_27,992,992,
6670,27,1200000,0,user_16,992,992,
6705,28,1100000,0,user_49,992,992,
6675,29,1000000,0,user_21,992,992,
6683,30,670000,0,user_26,992,992,
6680,31,600000,0,user_25,992,992,
6704,32,470000,0,user_49,992,992,
6688,33,320000,0,user_28,992,992,
6690,34,310000,0,user_29,992,992,
6684,35,260000,0,user_27,992,992,
6689,36,260000,0,user_28,992,992,
6692,37,260000,0,user_31,992,992,
6702,38,260000,0,user_44,992,992,
6679,39,150000,0,user_24,992,992,
6671,40,130000,0,user_17,992,992,
6703,41,130000,0,user_45,992,992,
6700,42,110000,0,user_39,992,992,
6701,43,98000,0,user_42,992,992,
6676,44,87000,0,user_22,992,992,
6698,45,84000,0,user_37,992,992,
6672,46,83000,322000,user_17,992,992,
6674,47,79000,39400,user_18,992,992,
6694,48,77000,11200,user_32,992,992,
6710,0,6300000,0,user_3,993,993,
6725,1,6300000,283000,user_20,993,993,
6733,2,6300000,0,user_26,993,993,
6734,3,5200000,0,user_30,993,993,
6754,4,5200000,0,user_47,993,993,
6737,5,2600000,0,user_32,993,993,
6728,6,2400000,15700,user_23,993,993,
6749,7,2100000,0,user_42,993,993,
6723,8,2000000,0,user_18,993,993,
6741,9,2000000,13900,user_34,993,993,
6745,10,2000000,0,user_38,993,993,
6735,11,1500000,0,user_31,993,993,
6736,12,1500000,7840,user_32,993,993,
6726,13,1400000,0,user_21,993,993,
6713,14,1300001,0,user_8,993,993,6712
6715,15,1300001,0,user_10,993,993,6712
6712,16,1300000,13800,user_7,993,993,
6714,17,1299999,0,user_9,993,993,6712
6716,18,1299999,0,user_10,993,993,6712
6717,19,1299999,0,user_12,993,993,6712
6718,20,1299999,0,user_13,993,993,6712
6719,21,1299999,0,user_13,993,993,6712
6720,22,1299999,0,user_15,993,993,6712
6707,23,1100000,0,user_1,993,993,
6706,24,870000,0,user_0,993,993,
6727,25,670000,5180,user_22,993,993,
6729,26,630000,11200,user_23,993,993,
6724,27,530000,17000,user_20,993,993,
6722,28,470000,49100,user_17,993,993,
6739,29,460000,0,user_33,993,993,
6753,30,460000,0,user_46,993,993,
6730,31,420000,0,user_24,993,993,
6708,32,300000,0,user_1,993,993,
6738,33,240000,0,user_32,993,993,
6748,34,220000,0,user_42,993,993,
6751,35,220000,0,user_45,993,993,
6721,36,170000,0,user_16,993,993,
6744,37,150000,0,user_37,993,993,
6746,38,130000,0,user_39,993,993,
6743,39,120000,0,user_36,993,993,
6752,40,120000,0,user_46,993,993,
6709,41,110000,0,user_2,993,993,
6732,42,110000,0,user_26,993,993,
6740,43,110000,0,user_34,993,993,
6750,44,110000,0,user_44,993,993,
6742,45,85000,0,user_35,993,993,
6755,46,82000,0,user_49,993,993,
6747,47,73000,0,user_39,993,993,
6789,0,30000000,0,user_30,994,994,
6779,1,27000000,35600,user_21,994,994,
6798,2,27000000,0,user_38,994,994,
6794,3,6100000,0,user_33,994,994,
6758,4,4200001,0,user_2,994,994,6757
6761,5,4200001,0,user_4,994,994,6757
6762,6,4200001,0,user_6,994,994,6757
6769,7,4200001,0,user_10,994,994,6757
6771,8,4200001,0,user_10,994,994,6757
6775,9,4200001,0,user_15,994,994,6757
6757,10,4200000,108000,user_1,994,994,
6759,11,4199999,0,user_2,994,994,6757
6760,12,4199999,0,user_2,994,994,6757
6764,13,4199999,0,user_8,994,994,6757
6765,14,4199999,0,user_9,994,994,6757
6766,15,4199999,0,user_9,994,994,6757
6767,16,4199999,0,user_10,994,994,6757
6768,17,4199999,0,user_10,994,994,6757
6770,18,4199999,0,user_10,994,994,6757
6772,19,4199999,0,user_13,994,994,6757
6773,20,4199999,0,user_14,994,994,6757
6774,21,4199999,0,user_14,994,994,6757
6795,22,3200000,0,user_35,994,994,
6796,23,2000000,0,user_36,994,994,
6804,24,1900000,0,user_45,994,994,
6790,25,1300000,0,user_30,994,994,
6803,26,1300000,0,user_44,994,994,
6782,27,1100000,15700,user_22,994,994,
6801,28,1100000,0,user_42,994,994,
6807,29,630000,0,user_49,994,994,
6780,30,420000,13900,user_21,994,994,
6793,31,420000,0,user_33,994,994,
6778,32,300000,0,user_20,994,994,
6787,33,260000,0,user_28,994,994,
6806,34,260000,0,user_49,994,994,
6783,35,170000,0,user_23,994,994,
6786,36,170000,0,user_27,994,994,
6791,37,150000,0,user_30,994,994,
6756,38,120000,0,user_0,994,994,
6788,39,120000,0,user_29,994,994,
6797,40,120000,0,user_37,994,994,
6802,41,100000,0,user_43,994,994,
6781,42,98000,67900,user_21,994,994,
6785,43,98000,0,user_27,994,994,
6800,44,85000,0,user_41,994,994,
6776,45,80000,0,user_16,994,994,
6777,46,80000,0,user_18,994,994,
6832,0,6300000,66100,user_24,995,995,
6834,1,6100000,0,user_26,995,995,
6849,2,5200000,0,user_44,995,995,
6850,3,2400000,30200,user_45,995,995,
6842,4,2000000,0,user_34,995,995,
6838,5,1900000,139000,user_30,995,995,
6808,6,1700000,0,user_0,995,995,
6845,7,1500000,0,user_37,995,995,
6810,8,1400000,0,user_3,995,995,
6825,9,1400000,594000,user_19,995,995,
6840,10,1000000,164000,user_33,995,995,
6823,11,870000,30200,user_17,995,995,
6835,12,670000,0,user_26,995,995,
6824,13,460000,0,user_18,995,995,
6844,14,420000,24700,user_36,995,995,
6841,15,370000,0,user_33,995,995,
6830,16,360000,0,user_23,995,995,
6812,17,350001,0,user_5,995,995,6811
6813,18,350001,0,user_5,995,995,6811
6815,19,350001,0,user_7,995,995,6811
6818,20,350001,0,user_11,995,995,6811
6819,21,350001,0,user_12,995,995,6811
6820,22,350001,0,user_13,995,995,6811
6811,23,350000,195000,user_4,995,995,
6814,24,349999,0,user_6,995,995,6811
6817,25,349999,0,user_11,995,995,6811
6821,26,349999,0,user_15,995,995,6811
6822,27,349999,0,user_15,995,995,6811
6831,28,310000,0,user_24,995,995,
6839,29,220000,0,user_31,995,995,
6851,30,220000,0,user_46,995,995,
6836,31,160000,0,user_27,995,995,
6846,32,160000,7840,user_39,995,995,
6852,33,150000,0,user_49,995,995,
6837,34,130000,0,user_29,995,995,
6827,35,110000,0,user_21,995,995,
6828,36,110000,0,user_22,995,995,
6826,37,85000,0,user_20,995,995,
6809,38,79000,0,user_1,995,995,
6829,39,77000,0,user_23,995,995,
6833,40,73000,0,user_25,995,995,
6848,41,73000,12300,user_43,995,995,
6893,0,43000000,0,user_35,996,996,
6885,1,6300000,0,user_26,996,996,
6881,2,6100000,0,user_23,996,996,
6882,3,4500000,0,user_24,996,996,
6891,4,3600000,0,user_35,996,996,
6876,5,2300000,21800,user_19,996,996,
6890,6,2100000,0,user_35,996,996,
6895,7,2000000,0,user_36,996,996,
6887,8,1800000,34700,user_31,996,996,
6875,9,1000000,0,user_19,996,996,
6892,10,1000000,0,user_35,996,996,
6896,11,1000000,215000,user_36,996,996,
6897,12,910000,0,user_37,996,996,
6883,13,870000,0,user_26,996,996,
6889,14,420000,0,user_33,996,996,
6873,15,300000,0,user_18,996,996,
6901,16,300000,16400,user_41,996,996,
6902,17,300000,0,user_43,996,996,
6878,18,240000,0,user_21,996,996,
6898,19,240000,0,user_38,996,996,
6900,20,240000,0,user_40,996,996,
6880,21,220000,0,user_22,996,996,
6899,22,220000,0,user_39,996,996,
6877,23,190000,0,user_20,996,996,
6884,24,160000,0,user_26,996,996,
6886,25,150000,35600,user_29,996,996,
6879,26,110000,13900,user_22,996,996,
6894,27,110000,0,user_35,996,996,
6857,28,98001,0,user_5,996,996,6855
6860,29,98001,0,user_7,996,996,6855
6861,30,98001,0,user_8,996,996,6855
6863,31,98001,0,user_10,996,996,6855
6864,32,98001,0,user_11,996,996,6855
6865,33,98001,0,user_11,996,996,6855
6867,34,98001,0,user_14,996,996,6855
6869,35,98001,0,user_14,996,996,6855
6855,36,98000,510000,user_3,996,996,
6856,37,97999,0,user_4,996,996,6855
6858,38,97999,0,user_5,996,996,6855
6859,39,97999,0,user_6,996,996,6855
6862,40,97999,0,user_9,996,996,6855
6868,41,97999,0,user_14,996,996,6855
6870,42,97999,0,user_14,996,996,6855
6871,43,97999,0,user_15,996,996,6855
6903,44,85000,0,user_43,996,996,
6872,45,79000,0,user_16,996,996,
6874,46,73000,0,user_19,996,996,
6911,0,19000000,0,user_6,997,997,
6914,1,6300000,0,user_9,997,997,
6918,2,6300000,0,user_13,997,997,
6910,3,5200000,0,user_5,997,997,
6937,4,5200000,0,user_30,997,997,
6913,5,5000000,0,user_8,997,997,
6919,6,5000000,0,user_15,997,997,
6920,7,4500000,0,user_16,997,997,
6940,8,4200000,0,user_33,997,997,
6943,9,3600000,0,user_35,997,997,
6957,10,2600000,0,user_45,997,997,
6955,11,2100000,322000,user_43,997,997,
6926,12,2000000,0,user_21,997,997,
6954,13,1800000,0,user_42,997,997,
6908,14,1500000,0,user_4,997,997,
6949,15,1500000,0,user_38,997,997,
6942,16,1400000,0,user_34,997,997,
6934,17,1200000,16400,user_27,997,997,
6933,18,1000000,0,user_25,997,997,
6948,19,1000000,0,user_37,997,997,
6961,20,870000,34700,user_49,997,997,
6958,21,670000,0,user_47,997,997,
6953,22,660000,5630,user_42,997,997,
6959,23,660000,0,user_47,997,997,
6941,24,650000,0,user_33,997,997,
6906,25,530000,0,user_1,997,997,
6909,26,370000,0,user_5,997,997,
6925,27,340000,0,user_18,997,997,
6950,28,320000,0,user_38,997,997,
6915,29,310000,0,user_11,997,997,
6921,30,260000,161000,user_16,997,997,
6952,31,260000,0,user_39,997,997,
6931,32,220000,0,user_25,997,997,
6956,33,170000,0,user_44,997,997,
6907,34,150000,0,user_3,997,997,
6930,35,150000,42000,user_25,997,997,
6935,36,150000,0,user_28,997,997,
6923,37,130000,0,user_17,997,997,
6945,38,120000,0,user_37,997,997,
6924,39,110000,60700,user_18,997,997,
6932,40,110000,0,user_25,997,997,
6929,41,98000,0,user_25,997,997,
6922,42,87000,12300,user_16,997,997,
6944,43,87000,0,user_35,997,997,
6936,44,84000,0,user_29,997,997,
6946,45,83000,0,user_37,997,997,
6951,46,83000,0,user_39,997,997,
6947,47,77000,0,user_37,997,997,
6912,48,70000,0,user_8,997,997,
6988,0,27000000,0,user_30,998,998,
6993,1,5000000,60700,user_31,998,998,
6962,2,4200000,0,user_0,998,998,
7003,3,3200000,0,user_42,998,998,
6992,4,2300000,24700,user_31,998,998,
7008,5,2300000,0,user_45,998,998,
6995,6,2000000,0,user_33,998,998,
6997,7,1900000,0,user_36,998,998,
6967,8,1700000,0,user_3,998,998,
6982,9,1700000,0,user_28,998,998,
6990,10,1700000,0,user_31,998,998,
6979,11,1600000,0,user_23,998,998,
6963,12,1500000,0,user_0,998,998,
6980,13,1500000,195000,user_26,998,998,
7000,14,1500000,18600,user_39,998,998,
6987,15,1100000,0,user_29,998,998,
6996,16,1000000,0,user_34,998,998,
7001,17,1000000,0,user_40,998,998,
6966,18,970000,0,user_2,998,998,
6994,19,630000,0,user_32,998,998,
6964,20,470000,0,user_1,998,998,
6977,21,370000,73100,user_21,998,998,
6975,22,350000,0,user_17,998,998,
6983,23,310000,0,user_29,998,998,
6965,24,300000,0,user_1,998,998,
6986,25,220000,15100,user_29,998,998,
7002,26,220000,19700,user_40,998,998,
7004,27,220000,0,user_42,998,998,
6985,28,160000,0,user_29,998,998,
6998,29,160000,350000,user_37,998,998,
6976,30,150000,0,user_18,998,998,
6999,31,150000,0,user_38,998,998,
7009,32,120000,1100000,user_46,998,998,
6978,33,110000,0,user_23,998,998,
7005,34,110000,0,user_45,998,998,
7006,35,110000,46500,user_45,998,998,
7007,36,87000,0,user_45,998,998,
6981,37,83000,5630,user_27,998,998,
6984,38,83000,779000,user_29,998,998,
6989,39,83000,0,user_31,998,998,
6991,40,82000,0,user_31,998,998,
6971,41,77001,0,user_10,998,998,6968
6973,42,77001,0,user_14,998,998,6968
6974,43,76999,0,user_15,998,998,6968
7034,0,27000000,0,user_19,999,999,
7048,1,6100000,0,user_37,999,999,
7033,2,5000000,0,user_19,999,999,
7029,3,3600000,23500,user_18,999,999,
7011,4,2600000,0,user_0,999,999,
7050,5,2100000,0,user_38,999,999,
7055,6,2000000,0,user_44,999,999,
7063,7,2000000,0,user_49,999,999,
7056,8,1900000,0,user_45,999,999,
7053,9,1800000,43600,user_42,999,999,
7038,10,1500000,0,user_27,999,999,
7039,11,1500000,12800,user_28,999,999,
7059,12,1500000,0,user_48,999,999,
7054,13,1400000,0,user_43,999,999,
7040,14,1300000,3130,user_29,999,999,
7030,15,1200000,0,user_19,999,999,
7012,16,1100000,0,user_2,999,999,
7026,17,1100000,0,user_16,999,999,
7058,18,1100000,164000,user_47,999,999,
7060,19,1000000,0,user_48,999,999,
7061,20,970000,0,user_48,999,999,
7018,21,660001,0,user_10,999,999,7013
7019,22,660001,0,user_10,999,999,7013
7020,23,660001,0,user_12,999,999,7013
7021,24,660001,0,user_12,999,999,7013
7022,25,660001,0,user_12,999,999,7013
7024,26,660001,0,user_14,999,999,7013
7013,27,660000,11200,user_3,999,999,
7014,28,659999,0,user_4,999,999,7013
7015,29,659999,0,user_5,999,999,7013
7016,30,659999,0,user_6,999,999,7013
7023,31,659999,0,user_12,999,999,7013
7025,32,659999,0,user_15,999,999,7013
7047,33,370000,12300,user_36,999,999,
7046,34,350000,322000,user_36,999,999,
7057,35,340000,0,user_47,999,999,
7037,36,320000,0,user_22,999,999,
7042,37,310000,0,user_31,999,999,
7027,38,260000,67500,user_16,999,999,
7031,39,260000,128000,user_19,999,999,
7036,40,240000,0,user_20,999,999,
7051,41,150000,0,user_41,999,999,
7035,42,130000,0,user_20,999,999,
7028,43,120000,31700,user_17,999,999,
7032,44,120000,0,user_19,999,999,
7043,45,120000,0,user_33,999,999,
7052,46,120000,0,user_42,999,999,
7049,47,100000,0,user_37,999,999,
7010,48,83000,0,user_0,999,999,
7041,49,83000,0,user_30,999,999,
7062,50,73000,10700,user_48,999,999,
